       301
    0.0000000000e+00    0.0000000000e+00
    9.9796299764e-05    0.0000000000e+00
    1.9904400688e-04    3.6593099662e-09
    2.9883999377e-04    1.3695100165e-08
    3.9985298645e-04    2.4464700488e-08
    4.9964699429e-04    3.4947699845e-08
    5.9944001259e-04    4.5288999218e-08
    6.9923099363e-04    5.5434501434e-08
    7.9902197467e-04    6.5451800424e-08
    8.9881097665e-04    7.5321302972e-08
    9.9981704261e-04    8.5193498478e-08
    1.0995999910e-03    9.4826702934e-08
    1.1993800290e-03    1.0443900322e-07
    1.2991500553e-03    1.1410799772e-07
    1.3989099534e-03    1.2366899682e-07
    1.4998900006e-03    1.3320099868e-07
    1.5996400034e-03    1.4254000291e-07
    1.6993900063e-03    1.5185699453e-07
    1.7991500208e-03    1.6108900525e-07
    1.8989000237e-03    1.7014400555e-07
    1.9998599309e-03    1.7927500551e-07
    2.0995999221e-03    1.8836900040e-07
    2.1993198898e-03    1.9740200230e-07
    2.2990300786e-03    2.0644799292e-07
    2.3999600671e-03    2.1556999741e-07
    2.4996600114e-03    2.2453599513e-07
    2.5993599556e-03    2.3348400191e-07
    2.6990401093e-03    2.4232900842e-07
    2.7999400627e-03    2.5114400160e-07
    2.8996199835e-03    2.5966099315e-07
    2.9995299410e-03    2.6798198860e-07
    3.0992000829e-03    2.7610599318e-07
    3.1995701138e-03    2.8401399277e-07
    3.2989298925e-03    2.9153500236e-07
    3.3990000375e-03    2.9889500297e-07
    3.4992299043e-03    3.0607299095e-07
    3.5994900391e-03    3.1309099313e-07
    3.6991399247e-03    3.1995799077e-07
    3.7988000549e-03    3.2674600448e-07
    3.8990399335e-03    3.3352500850e-07
    3.9989501238e-03    3.4018600559e-07
    4.0998598561e-03    3.4678299698e-07
    4.1998699307e-03    3.5321198766e-07
    4.2999498546e-03    3.5959399725e-07
    4.3994700536e-03    3.6589599972e-07
    4.4998601079e-03    3.7218001125e-07
    4.5997798443e-03    3.7840499090e-07
    4.6998099424e-03    3.8463801388e-07
    4.7999802046e-03    3.9091298731e-07
    4.8988298513e-03    3.9718699441e-07
    4.9999300390e-03    4.0375400090e-07
    5.0996299833e-03    4.1036099674e-07
    5.1989001222e-03    4.1702099907e-07
    5.2991001867e-03    4.2380500531e-07
    5.3996802308e-03    4.3070099309e-07
    5.4994598031e-03    4.3763199642e-07
    5.5996798910e-03    4.4461501147e-07
    5.6989500299e-03    4.5146501293e-07
    5.7990797795e-03    4.5831200168e-07
    5.8993799612e-03    4.6513301299e-07
    5.9988400899e-03    4.7185199037e-07
    6.0993097723e-03    4.7856900665e-07
    6.1997598968e-03    4.8517597406e-07
    6.2993299216e-03    4.9157500825e-07
    6.3995099626e-03    4.9781198186e-07
    6.4997998998e-03    5.0394402251e-07
    6.5998099744e-03    5.0975597787e-07
    6.6993101500e-03    5.1494799891e-07
    6.7994398996e-03    5.1927497680e-07
    6.8993298337e-03    5.2257098559e-07
    6.9996700622e-03    5.2516799087e-07
    7.0990598761e-03    5.2802499795e-07
    7.1994098835e-03    5.3137699751e-07
    7.2998502292e-03    5.3378397524e-07
    7.3997499421e-03    5.3589201343e-07
    7.4998298660e-03    5.3774897424e-07
    7.5995400548e-03    5.3964100744e-07
    7.6990402304e-03    5.4135898608e-07
    7.7999602072e-03    5.4306400443e-07
    7.8996699303e-03    5.4585200360e-07
    7.9996399581e-03    5.4936299421e-07
    8.0990400165e-03    5.5253298115e-07
    8.1995800138e-03    5.5549298850e-07
    8.2996003330e-03    5.5863199577e-07
    8.3998497576e-03    5.6226997458e-07
    8.4999296814e-03    5.6632399037e-07
    8.5993502289e-03    5.7104500684e-07
    8.6998501793e-03    5.7605700476e-07
    8.7996600196e-03    5.8048499341e-07
    8.8993897662e-03    5.8451001905e-07
    8.9999595657e-03    5.8850702089e-07
    9.0991398320e-03    5.9245098782e-07
    9.1992197558e-03    5.9602001556e-07
    9.2996703461e-03    5.9920802187e-07
    9.3999402598e-03    6.0224499521e-07
    9.4997603446e-03    6.0504100929e-07
    9.5999697223e-03    6.0760999077e-07
    9.6994796768e-03    6.0986798189e-07
    9.7993202507e-03    6.1213199842e-07
    9.8995296285e-03    6.1426499087e-07
    9.9999597296e-03    6.1599001810e-07
    1.0099500418e-02    6.1746698066e-07
    1.0199200362e-02    6.1874402491e-07
    1.0299299844e-02    6.1991102029e-07
    1.0399499908e-02    6.2086098751e-07
    1.0499199852e-02    6.2143999457e-07
    1.0599699803e-02    6.2175098492e-07
    1.0699300095e-02    6.2182397187e-07
    1.0799500160e-02    6.2174302684e-07
    1.0899599642e-02    6.2157602088e-07
    1.0999900289e-02    6.2123501721e-07
    1.1099799536e-02    6.2072797391e-07
    1.1199999601e-02    6.2021001668e-07
    1.1299399659e-02    6.1978198573e-07
    1.1399799958e-02    6.1946701635e-07
    1.1499599554e-02    6.1919598693e-07
    1.1599300429e-02    6.1884600200e-07
    1.1699499562e-02    6.1833100062e-07
    1.1799800210e-02    6.1768298565e-07
    1.1899899691e-02    6.1688001551e-07
    1.1999400333e-02    6.1584302102e-07
    1.2099999934e-02    6.1443699906e-07
    1.2199699879e-02    6.1267598994e-07
    1.2299899943e-02    6.1065099999e-07
    1.2399399653e-02    6.0844297423e-07
    1.2499400415e-02    6.0603900920e-07
    1.2599200010e-02    6.0347798581e-07
    1.2699499726e-02    6.0076098407e-07
    1.2799800374e-02    5.9793501350e-07
    1.2899500318e-02    5.9500797533e-07
    1.3000000268e-02    5.9199999214e-07
    1.3099499978e-02    5.8904100797e-07
    1.3199499808e-02    5.8606502762e-07
    1.3299300335e-02    5.8302697425e-07
    1.3399500400e-02    5.7988199842e-07
    1.3499700464e-02    5.7667000419e-07
    1.3599899597e-02    5.7342998616e-07
    1.3699499890e-02    5.7023902400e-07
    1.3799699955e-02    5.6712201513e-07
    1.3899900019e-02    5.6413699667e-07
    1.3999399729e-02    5.6122399883e-07
    1.4099500142e-02    5.5825501022e-07
    1.4199599624e-02    5.5526402321e-07
    1.4299900271e-02    5.5224899143e-07
    1.4399600215e-02    5.4929898852e-07
    1.4499500394e-02    5.4644601732e-07
    1.4599800110e-02    5.4368501878e-07
    1.4699599706e-02    5.4100399893e-07
    1.4799499884e-02    5.3830598290e-07
    1.4899999835e-02    5.3552400914e-07
    1.4999100007e-02    5.3266097666e-07
    1.5100000426e-02    5.2966697695e-07
    1.5199299902e-02    5.2670100104e-07
    1.5299499966e-02    5.2371200354e-07
    1.5399400145e-02    5.2069600542e-07
    1.5499999747e-02    5.1754898323e-07
    1.5599199571e-02    5.1431698012e-07
    1.5699699521e-02    5.1093900311e-07
    1.5799300745e-02    5.0750998071e-07
    1.5899600461e-02    5.0402798024e-07
    1.5999600291e-02    5.0054501344e-07
    1.6099199653e-02    4.9707199423e-07
    1.6199899837e-02    4.9353900522e-07
    1.6299400479e-02    4.9000800573e-07
    1.6399299726e-02    4.8644199069e-07
    1.6499500722e-02    4.8285897947e-07
    1.6599100083e-02    4.7931598601e-07
    1.6699900851e-02    4.7577501050e-07
    1.6799900681e-02    4.7231401368e-07
    1.6899500042e-02    4.6890900762e-07
    1.6999099404e-02    4.6553100219e-07
    1.7099399120e-02    4.6215001248e-07
    1.7199300230e-02    4.5881000688e-07
    1.7299899831e-02    4.5549501237e-07
    1.7399700359e-02    4.5225201006e-07
    1.7499599606e-02    4.4902100171e-07
    1.7599100247e-02    4.4579999781e-07
    1.7698800191e-02    4.4257001264e-07
    1.7799699679e-02    4.3930600668e-07
    1.7899399623e-02    4.3606598865e-07
    1.7999699339e-02    4.3278399176e-07
    1.8099600449e-02    4.2951100454e-07
    1.8200000748e-02    4.2623099716e-07
    1.8299600109e-02    4.2299600977e-07
    1.8399000168e-02    4.1979998855e-07
    1.8500000238e-02    4.1657199290e-07
    1.8599700183e-02    4.1340700818e-07
    1.8699400127e-02    4.1027701059e-07
    1.8799200654e-02    4.0717600314e-07
    1.8898900598e-02    4.0412200519e-07
    1.8999900669e-02    4.0107801169e-07
    1.9099600613e-02    3.9806900531e-07
    1.9199300557e-02    3.9503001403e-07
    1.9299000502e-02    3.9199699131e-07
    1.9400000572e-02    3.8901899302e-07
    1.9499700516e-02    3.8617599785e-07
    1.9599400461e-02    3.8343299025e-07
    1.9699199125e-02    3.8080798959e-07
    1.9798899069e-02    3.7830301380e-07
    1.9899800420e-02    3.7587000179e-07
    1.9999599084e-02    3.7356400640e-07
    2.0099300891e-02    3.7136200604e-07
    2.0199000835e-02    3.6926201119e-07
    2.0300000906e-02    3.6721098695e-07
    2.0399700850e-02    3.6520501112e-07
    2.0499400795e-02    3.6322100527e-07
    2.0599199459e-02    3.6130899161e-07
    2.0698899403e-02    3.5950401411e-07
    2.0799800754e-02    3.5780399799e-07
    2.0899599418e-02    3.5625899386e-07
    2.0999299362e-02    3.5486300476e-07
    2.1099099889e-02    3.5365499684e-07
    2.1198799834e-02    3.5264901044e-07
    2.1299799904e-02    3.5182799252e-07
    2.1399600431e-02    3.5119299469e-07
    2.1499300376e-02    3.5068899251e-07
    2.1599100903e-02    3.5026201317e-07
    2.1698800847e-02    3.4987399999e-07
    2.1799800918e-02    3.4951000316e-07
    2.1899599582e-02    3.4917098901e-07
    2.1999299526e-02    3.4882899058e-07
    2.2099100053e-02    3.4845299979e-07
    2.2198799998e-02    3.4803099425e-07
    2.2299800068e-02    3.4755899492e-07
    2.2399600595e-02    3.4706499719e-07
    2.2499300539e-02    3.4655900549e-07
    2.2599099204e-02    3.4605199062e-07
    2.2698799148e-02    3.4554400941e-07
    2.2799799219e-02    3.4501599089e-07
    2.2899599746e-02    3.4445500319e-07
    2.2999299690e-02    3.4384200376e-07
    2.3099100217e-02    3.4317798736e-07
    2.3199899122e-02    3.4246099290e-07
    2.3299399763e-02    3.4170699337e-07
    2.3399500176e-02    3.4088000689e-07
    2.3499799892e-02    3.3996099091e-07
    2.3599900305e-02    3.3892999340e-07
    2.3699900135e-02    3.3777598674e-07
    2.3799199611e-02    3.3652798948e-07
    2.3899499327e-02    3.3520498732e-07
    2.3999299854e-02    3.3385299503e-07
    2.4100000039e-02    3.3246800513e-07
    2.4199899286e-02    3.3109199649e-07
    2.4299399927e-02    3.2972999975e-07
    2.4399900809e-02    3.2836101127e-07
    2.4499600753e-02    3.2700600627e-07
    2.4599399418e-02    3.2565600350e-07
    2.4699099362e-02    3.2429900898e-07
    2.4798799306e-02    3.2291600860e-07
    2.4899799377e-02    3.2149199569e-07
    2.4999599904e-02    3.2006698802e-07
    2.5099299848e-02    3.1861600291e-07
    2.5198999792e-02    3.1713099702e-07
    2.5298800319e-02    3.1559901004e-07
    2.5399699807e-02    3.1399301292e-07
    2.5499500334e-02    3.1233699360e-07
    2.5599200279e-02    3.1061100003e-07
    2.5699000806e-02    3.0882699775e-07
    2.5799900293e-02    3.0697700026e-07
    2.5899700820e-02    3.0510699389e-07
    2.5999400765e-02    3.0317198707e-07
    2.6099199429e-02    3.0115501204e-07
    2.6198899373e-02    2.9907201338e-07
    2.6299899444e-02    2.9691599934e-07
    2.6399699971e-02    2.9475600627e-07
    2.6499399915e-02    2.9257299161e-07
    2.6599099860e-02    2.9036098681e-07
    2.6698900387e-02    2.8811399488e-07
    2.6799900457e-02    2.8580100775e-07
    2.6899600402e-02    2.8349700187e-07
    2.6999400929e-02    2.8120601314e-07
    2.7099100873e-02    2.7894398613e-07
    2.7198899537e-02    2.7671501357e-07
    2.7299800888e-02    2.7447998718e-07
    2.7399599552e-02    2.7228699651e-07
    2.7499299496e-02    2.7010901249e-07
    2.7599100024e-02    2.6794100449e-07
    2.7698799968e-02    2.6577498602e-07
    2.7799800038e-02    2.6358199534e-07
    2.7899600565e-02    2.6141100307e-07
    2.7999300510e-02    2.5923000635e-07
    2.8099099174e-02    2.5702800599e-07
    2.8198799118e-02    2.5480500199e-07
    2.8299799189e-02    2.5253700642e-07
    2.8399499133e-02    2.5027100037e-07
    2.8499299660e-02    2.4796000275e-07
    2.8599100187e-02    2.4557701295e-07
    2.8698800132e-02    2.4310500635e-07
    2.8799800202e-02    2.4050100933e-07
    2.8899500147e-02    2.3782399694e-07
    2.8999300674e-02    2.3505700142e-07
    2.9099000618e-02    2.3221400625e-07
    2.9198799282e-02    2.2930099419e-07
    2.9299799353e-02    2.2627399687e-07
    2.9399499297e-02    2.2320500648e-07
    2.9499299824e-02    2.2006699396e-07
    2.9598999768e-02    2.1687900187e-07
    2.9699999839e-02    2.1359500124e-07
    2.9799500480e-02    2.1029100594e-07
    2.9899500310e-02    2.0692600344e-07
    2.9999600723e-02    2.0353499508e-07
