       301
    0.0000000000e+00    0.0000000000e+00
    9.9796299764e-05    0.0000000000e+00
    1.9904400688e-04    6.7075900390e-09
    2.9883999377e-04    1.9877999691e-08
    3.9985298645e-04    3.3626498919e-08
    4.9964699429e-04    4.7102300726e-08
    5.9944001259e-04    6.0454198092e-08
    6.9923099363e-04    7.3583201754e-08
    7.9902197467e-04    8.6540801192e-08
    8.9881097665e-04    9.9406797460e-08
    9.9981704261e-04    1.1245099785e-07
    1.0995999910e-03    1.2519400627e-07
    1.1993800290e-03    1.3780800145e-07
    1.2991500553e-03    1.5041099743e-07
    1.3989099534e-03    1.6308899831e-07
    1.4998900006e-03    1.7600599733e-07
    1.5996400034e-03    1.8863799767e-07
    1.6993900063e-03    2.0124099365e-07
    1.7991500208e-03    2.1391700500e-07
    1.8989000237e-03    2.2671800082e-07
    1.9998599309e-03    2.3984000563e-07
    2.0995999221e-03    2.5293900308e-07
    2.1993198898e-03    2.6620600124e-07
    2.2990300786e-03    2.7974800787e-07
    2.3999600671e-03    2.9368499099e-07
    2.4996600114e-03    3.0779699500e-07
    2.5993599556e-03    3.2223800872e-07
    2.6990401093e-03    3.3690798773e-07
    2.7999400627e-03    3.5206301163e-07
    2.8996199835e-03    3.6736000197e-07
    2.9995299410e-03    3.8288300175e-07
    3.0992000829e-03    3.9840000454e-07
    3.1995701138e-03    4.1400400619e-07
    3.2989298925e-03    4.2932899191e-07
    3.3990000375e-03    4.4465099336e-07
    3.4992299043e-03    4.5990898911e-07
    3.5994900391e-03    4.7508299872e-07
    3.6991399247e-03    4.9007502412e-07
    3.7988000549e-03    5.0480201708e-07
    3.8990399335e-03    5.1920898159e-07
    3.9989501238e-03    5.3315500281e-07
    4.0998598561e-03    5.4674501371e-07
    4.1998699307e-03    5.5967700519e-07
    4.2999498546e-03    5.7204198356e-07
    4.3994700536e-03    5.8381601775e-07
    4.4998601079e-03    5.9530498220e-07
    4.5997798443e-03    6.0652001821e-07
    4.6998099424e-03    6.1760601966e-07
    4.7999802046e-03    6.2875500362e-07
    4.8988298513e-03    6.3992001742e-07
    4.9999300390e-03    6.5157200879e-07
    5.0996299833e-03    6.6326600745e-07
    5.1989001222e-03    6.7507801305e-07
    5.2991001867e-03    6.8710301093e-07
    5.3996802308e-03    6.9904302791e-07
    5.4994598031e-03    7.1055700346e-07
    5.5996798910e-03    7.2172798582e-07
    5.6989500299e-03    7.3243501220e-07
    5.7990797795e-03    7.4290102248e-07
    5.8993799612e-03    7.5314500236e-07
    5.9988400899e-03    7.6322498899e-07
    6.0993097723e-03    7.7349602634e-07
    6.1997598968e-03    7.8389200553e-07
    6.2993299216e-03    7.9421397459e-07
    6.3995099626e-03    8.0462797314e-07
    6.4997998998e-03    8.1484199654e-07
    6.5998099744e-03    8.2249300704e-07
    6.6993101500e-03    8.3002498741e-07
    6.7994398996e-03    8.3607500301e-07
    6.8993298337e-03    8.4142300238e-07
    6.9996700622e-03    8.4807902567e-07
    7.0990598761e-03    8.5548299467e-07
    7.1994098835e-03    8.6287502654e-07
    7.2998502292e-03    8.7015598638e-07
    7.3997499421e-03    8.7710600383e-07
    7.4998298660e-03    8.8361599637e-07
    7.5995400548e-03    8.9059602715e-07
    7.6990402304e-03    8.9789000413e-07
    7.7999602072e-03    9.0607198899e-07
    7.8996699303e-03    9.1273398084e-07
    7.9996399581e-03    9.1856401241e-07
    8.0990400165e-03    9.2423300657e-07
    8.1995800138e-03    9.2893401415e-07
    8.2996003330e-03    9.3197201068e-07
    8.3998497576e-03    9.3412899105e-07
    8.4999296814e-03    9.3584401384e-07
    8.5993502289e-03    9.3712498028e-07
    8.6998501793e-03    9.3793801170e-07
    8.7996600196e-03    9.3840401405e-07
    8.8993897662e-03    9.3885597607e-07
    8.9999595657e-03    9.3965297765e-07
    9.0991398320e-03    9.4093701364e-07
    9.1992197558e-03    9.4248201776e-07
    9.2996703461e-03    9.4448500931e-07
    9.3999402598e-03    9.4712100918e-07
    9.4997603446e-03    9.4939497330e-07
    9.5999697223e-03    9.5092701713e-07
    9.6994796768e-03    9.5159498414e-07
    9.7993202507e-03    9.5153700386e-07
    9.8995296285e-03    9.5134998901e-07
    9.9999597296e-03    9.5111602150e-07
    1.0099500418e-02    9.5066502581e-07
    1.0199200362e-02    9.4977099252e-07
    1.0299299844e-02    9.4842800991e-07
    1.0399499908e-02    9.4706001619e-07
    1.0499199852e-02    9.4626398095e-07
    1.0599699803e-02    9.4605502454e-07
    1.0699300095e-02    9.4604502010e-07
    1.0799500160e-02    9.4589097444e-07
    1.0899599642e-02    9.4561801234e-07
    1.0999900289e-02    9.4512398618e-07
    1.1099799536e-02    9.4436597919e-07
    1.1199999601e-02    9.4337900691e-07
    1.1299399659e-02    9.4218700042e-07
    1.1399799958e-02    9.4081798352e-07
    1.1499599554e-02    9.3941702062e-07
    1.1599300429e-02    9.3828401759e-07
    1.1699499562e-02    9.3770097465e-07
    1.1799800210e-02    9.3770199783e-07
    1.1899899691e-02    9.3802697165e-07
    1.1999400333e-02    9.3846000482e-07
    1.2099999934e-02    9.3890298558e-07
    1.2199699879e-02    9.3921499911e-07
    1.2299899943e-02    9.3927297939e-07
    1.2399399653e-02    9.3897898523e-07
    1.2499400415e-02    9.3834700010e-07
    1.2599200010e-02    9.3740402463e-07
    1.2699499726e-02    9.3620798225e-07
    1.2799800374e-02    9.3478200824e-07
    1.2899500318e-02    9.3319897587e-07
    1.3000000268e-02    9.3152499403e-07
    1.3099499978e-02    9.2981298394e-07
    1.3199499808e-02    9.2811700370e-07
    1.3299300335e-02    9.2645302630e-07
    1.3399500400e-02    9.2479899649e-07
    1.3499700464e-02    9.2322602541e-07
    1.3599899597e-02    9.2170301969e-07
    1.3699499890e-02    9.2020201237e-07
    1.3799699955e-02    9.1863097396e-07
    1.3899900019e-02    9.1685399184e-07
    1.3999399729e-02    9.1479898856e-07
    1.4099500142e-02    9.1245499334e-07
    1.4199599624e-02    9.0981501444e-07
    1.4299900271e-02    9.0693697530e-07
    1.4399600215e-02    9.0396599717e-07
    1.4499500394e-02    9.0099899808e-07
    1.4599800110e-02    8.9805098469e-07
    1.4699599706e-02    8.9509802592e-07
    1.4799499884e-02    8.9212699095e-07
    1.4899999835e-02    8.8912202045e-07
    1.4999100007e-02    8.8611602678e-07
    1.5100000426e-02    8.8297298362e-07
    1.5199299902e-02    8.7969101514e-07
    1.5299499966e-02    8.7609498678e-07
    1.5399400145e-02    8.7228698931e-07
    1.5499999747e-02    8.6829601287e-07
    1.5599199571e-02    8.6423500534e-07
    1.5699699521e-02    8.6006599531e-07
    1.5799300745e-02    8.5593501353e-07
    1.5899600461e-02    8.5182398379e-07
    1.5999600291e-02    8.4779998133e-07
    1.6099199653e-02    8.4386198296e-07
    1.6199899837e-02    8.3996201283e-07
    1.6299400479e-02    8.3618499502e-07
    1.6399299726e-02    8.3240701088e-07
    1.6499500722e-02    8.2855399341e-07
    1.6599100083e-02    8.2462997852e-07
    1.6699900851e-02    8.2057999862e-07
    1.6799900681e-02    8.1655701933e-07
    1.6899500042e-02    8.1259298668e-07
    1.6999099404e-02    8.0868801433e-07
    1.7099399120e-02    8.0482300291e-07
    1.7199300230e-02    8.0098300259e-07
    1.7299899831e-02    7.9709400325e-07
    1.7399700359e-02    7.9320699342e-07
    1.7499599606e-02    7.8934300518e-07
    1.7599100247e-02    7.8555501659e-07
    1.7698800191e-02    7.8185900065e-07
    1.7799699679e-02    7.7824302025e-07
    1.7899399623e-02    7.7476801152e-07
    1.7999699339e-02    7.7133898913e-07
    1.8099600449e-02    7.6796402482e-07
    1.8200000748e-02    7.6461799381e-07
    1.8299600109e-02    7.6135899008e-07
    1.8399000168e-02    7.5816501521e-07
    1.8500000238e-02    7.5497001717e-07
    1.8599700183e-02    7.5188398796e-07
    1.8699400127e-02    7.4891897839e-07
    1.8799200654e-02    7.4611000400e-07
    1.8898900598e-02    7.4341602385e-07
    1.8999900669e-02    7.4078002399e-07
    1.9099600613e-02    7.3833200531e-07
    1.9199300557e-02    7.3605201578e-07
    1.9299000502e-02    7.3390998523e-07
    1.9400000572e-02    7.3183298355e-07
    1.9499700516e-02    7.2993498179e-07
    1.9599400461e-02    7.2823502251e-07
    1.9699199125e-02    7.2674100693e-07
    1.9798899069e-02    7.2544099794e-07
    1.9899800420e-02    7.2426701081e-07
    1.9999599084e-02    7.2316998967e-07
    2.0099300891e-02    7.2206802315e-07
    2.0199000835e-02    7.2094400139e-07
    2.0300000906e-02    7.1978701044e-07
    2.0399700850e-02    7.1863098583e-07
    2.0499400795e-02    7.1744699426e-07
    2.0599199459e-02    7.1618802622e-07
    2.0698899403e-02    7.1480900488e-07
    2.0799800754e-02    7.1331999152e-07
    2.0899599418e-02    7.1184001627e-07
    2.0999299362e-02    7.1040801686e-07
    2.1099099889e-02    7.0906401106e-07
    2.1198799834e-02    7.0782999728e-07
    2.1299799904e-02    7.0666300189e-07
    2.1399600431e-02    7.0554898457e-07
    2.1499300376e-02    7.0445997835e-07
    2.1599100903e-02    7.0341201308e-07
    2.1698800847e-02    7.0243601158e-07
    2.1799800918e-02    7.0150701958e-07
    2.1899599582e-02    7.0062702662e-07
    2.1999299526e-02    6.9976601935e-07
    2.2099100053e-02    6.9891302701e-07
    2.2198799998e-02    6.9804798386e-07
    2.2299800068e-02    6.9714798201e-07
    2.2399600595e-02    6.9622302590e-07
    2.2499300539e-02    6.9527698088e-07
    2.2599099204e-02    6.9432599048e-07
    2.2698799148e-02    6.9337897912e-07
    2.2799799219e-02    6.9243498046e-07
    2.2899599746e-02    6.9153799132e-07
    2.2999299690e-02    6.9070898689e-07
    2.3099100217e-02    6.8996797609e-07
    2.3199899122e-02    6.8930000907e-07
    2.3299399763e-02    6.8870798486e-07
    2.3399500176e-02    6.8814699716e-07
    2.3499799892e-02    6.8759499072e-07
    2.3599900305e-02    6.8701598366e-07
    2.3699900135e-02    6.8633499950e-07
    2.3799199611e-02    6.8554498966e-07
    2.3899499327e-02    6.8467397796e-07
    2.3999299854e-02    6.8380199991e-07
    2.4100000039e-02    6.8296600375e-07
    2.4199899286e-02    6.8220498406e-07
    2.4299399927e-02    6.8149398658e-07
    2.4399900809e-02    6.8080197480e-07
    2.4499600753e-02    6.8011900112e-07
    2.4599399418e-02    6.7943602744e-07
    2.4699099362e-02    6.7875498644e-07
    2.4798799306e-02    6.7808002768e-07
    2.4899799377e-02    6.7739398446e-07
    2.4999599904e-02    6.7670100634e-07
    2.5099299848e-02    6.7597102316e-07
    2.5198999792e-02    6.7515702540e-07
    2.5298800319e-02    6.7421200356e-07
    2.5399699807e-02    6.7312100782e-07
    2.5499500334e-02    6.7195702513e-07
    2.5599200279e-02    6.7075001198e-07
    2.5699000806e-02    6.6950002520e-07
    2.5799900293e-02    6.6816500066e-07
    2.5899700820e-02    6.6677898758e-07
    2.5999400765e-02    6.6536199483e-07
    2.6099199429e-02    6.6393999987e-07
    2.6198899373e-02    6.6253397790e-07
    2.6299899444e-02    6.6112500008e-07
    2.6399699971e-02    6.5971300955e-07
    2.6499399915e-02    6.5822399620e-07
    2.6599099860e-02    6.5658201720e-07
    2.6698900387e-02    6.5473602717e-07
    2.6799900457e-02    6.5265197691e-07
    2.6899600402e-02    6.5040097752e-07
    2.6999400929e-02    6.4799701249e-07
    2.7099100873e-02    6.4548999035e-07
    2.7198899537e-02    6.4293300284e-07
    2.7299800888e-02    6.4034298930e-07
    2.7399599552e-02    6.3781300241e-07
    2.7499299496e-02    6.3533002503e-07
    2.7599100024e-02    6.3289900254e-07
    2.7698799968e-02    6.3048901211e-07
    2.7799800038e-02    6.2801797185e-07
    2.7899600565e-02    6.2549901259e-07
    2.7999300510e-02    6.2290200731e-07
    2.8099099174e-02    6.2024497538e-07
    2.8198799118e-02    6.1753098635e-07
    2.8299799189e-02    6.1472098878e-07
    2.8399499133e-02    6.1186398170e-07
    2.8499299660e-02    6.0890198483e-07
    2.8599100187e-02    6.0582698325e-07
    2.8698800132e-02    6.0266700075e-07
    2.8799800202e-02    5.9942999542e-07
    2.8899500147e-02    5.9625301674e-07
    2.8999300674e-02    5.9313197198e-07
    2.9099000618e-02    5.9009101960e-07
    2.9198799282e-02    5.8714601892e-07
    2.9299799353e-02    5.8426599026e-07
    2.9399499297e-02    5.8150698123e-07
    2.9499299824e-02    5.7880100712e-07
    2.9598999768e-02    5.7608701809e-07
    2.9699999839e-02    5.7328600178e-07
    2.9799500480e-02    5.7047600421e-07
    2.9899500310e-02    5.6761899714e-07
    2.9999600723e-02    5.6475698784e-07
