       301
    0.0000000000e+00    0.0000000000e+00
    9.9796299764e-05    0.0000000000e+00
    1.9904400688e-04    9.7099404073e-09
    2.9883999377e-04    2.5949500326e-08
    3.9985298645e-04    4.2648000687e-08
    4.9964699429e-04    5.8936201697e-08
    5.9944001259e-04    7.5051197257e-08
    6.9923099363e-04    9.0988798718e-08
    7.9902197467e-04    1.0675800155e-07
    8.9881097665e-04    1.2233999769e-07
    9.9981704261e-04    1.3792700315e-07
    1.0995999910e-03    1.5322000024e-07
    1.1993800290e-03    1.6833300265e-07
    1.2991500553e-03    1.8329099305e-07
    1.3989099534e-03    1.9815199437e-07
    1.4998900006e-03    2.1306699693e-07
    1.5996400034e-03    2.2759300577e-07
    1.6993900063e-03    2.4183299274e-07
    1.7991500208e-03    2.5576699159e-07
    1.8989000237e-03    2.6953500765e-07
    1.9998599309e-03    2.8324799928e-07
    2.0995999221e-03    2.9652400713e-07
    2.1993198898e-03    3.0942999274e-07
    2.2990300786e-03    3.2200298961e-07
    2.3999600671e-03    3.3447000192e-07
    2.4996600114e-03    3.4662801340e-07
    2.5993599556e-03    3.5849200231e-07
    2.6990401093e-03    3.7013998622e-07
    2.7999400627e-03    3.8180201045e-07
    2.8996199835e-03    3.9328199364e-07
    2.9995299410e-03    4.0480600205e-07
    3.0992000829e-03    4.1628601366e-07
    3.1995701138e-03    4.2787098664e-07
    3.2989298925e-03    4.3939800776e-07
    3.3990000375e-03    4.5104300739e-07
    3.4992299043e-03    4.6271898668e-07
    3.5994900391e-03    4.7445800533e-07
    3.6991399247e-03    4.8623701332e-07
    3.7988000549e-03    4.9811802683e-07
    3.8990399335e-03    5.1009999424e-07
    3.9989501238e-03    5.2206598866e-07
    4.0998598561e-03    5.3426697377e-07
    4.1998699307e-03    5.4652099379e-07
    4.2999498546e-03    5.5890598105e-07
    4.3994700536e-03    5.7133797782e-07
    4.4998601079e-03    5.8396898339e-07
    4.5997798443e-03    5.9658202645e-07
    4.6998099424e-03    6.0915698441e-07
    4.7999802046e-03    6.2165202053e-07
    4.8988298513e-03    6.3386198690e-07
    4.9999300390e-03    6.4624197194e-07
    5.0996299833e-03    6.5833097551e-07
    5.1989001222e-03    6.7025098360e-07
    5.2991001867e-03    6.8214302473e-07
    5.3996802308e-03    6.9395298397e-07
    5.4994598031e-03    7.0555500997e-07
    5.5996798910e-03    7.1704698712e-07
    5.6989500299e-03    7.2821501362e-07
    5.7990797795e-03    7.3924098842e-07
    5.8993799612e-03    7.5005800682e-07
    5.9988400899e-03    7.6055999898e-07
    6.0993097723e-03    7.7091499406e-07
    6.1997598968e-03    7.8099100165e-07
    6.2993299216e-03    7.9074698078e-07
    6.3995099626e-03    8.0034402572e-07
    6.4997998998e-03    8.0929697788e-07
    6.5998099744e-03    8.1777500327e-07
    6.6993101500e-03    8.2519301259e-07
    6.7994398996e-03    8.3185602762e-07
    6.8993298337e-03    8.3852398802e-07
    6.9996700622e-03    8.4605898110e-07
    7.0990598761e-03    8.5428598595e-07
    7.1994098835e-03    8.6271199962e-07
    7.2998502292e-03    8.7135299509e-07
    7.3997499421e-03    8.7927099912e-07
    7.4998298660e-03    8.8684402044e-07
    7.5995400548e-03    8.9390800895e-07
    7.6990402304e-03    9.0054300017e-07
    7.7999602072e-03    9.0652599738e-07
    7.8996699303e-03    9.1123098400e-07
    7.9996399581e-03    9.1510202083e-07
    8.0990400165e-03    9.1875500630e-07
    8.1995800138e-03    9.2248598094e-07
    8.2996003330e-03    9.2584201639e-07
    8.3998497576e-03    9.2913899152e-07
    8.4999296814e-03    9.3238099907e-07
    8.5993502289e-03    9.3534799817e-07
    8.6998501793e-03    9.3816902336e-07
    8.7996600196e-03    9.4065200074e-07
    8.8993897662e-03    9.4230199466e-07
    8.9999595657e-03    9.4300099818e-07
    9.0991398320e-03    9.4294398423e-07
    9.1992197558e-03    9.4255301519e-07
    9.2996703461e-03    9.4229199021e-07
    9.3999402598e-03    9.4235997494e-07
    9.4997603446e-03    9.4253198313e-07
    9.5999697223e-03    9.4276197160e-07
    9.6994796768e-03    9.4292801123e-07
    9.7993202507e-03    9.4305397624e-07
    9.8995296285e-03    9.4349297797e-07
    9.9999597296e-03    9.4414900786e-07
    1.0099500418e-02    9.4465798384e-07
    1.0199200362e-02    9.4479497648e-07
    1.0299299844e-02    9.4465099210e-07
    1.0399499908e-02    9.4433602271e-07
    1.0499199852e-02    9.4395500128e-07
    1.0599699803e-02    9.4330800948e-07
    1.0699300095e-02    9.4246502158e-07
    1.0799500160e-02    9.4146298579e-07
    1.0899599642e-02    9.4030599485e-07
    1.0999900289e-02    9.3912098009e-07
    1.1099799536e-02    9.3813798685e-07
    1.1199999601e-02    9.3736701956e-07
    1.1299399659e-02    9.3675998869e-07
    1.1399799958e-02    9.3631399523e-07
    1.1499599554e-02    9.3600601758e-07
    1.1599300429e-02    9.3577199323e-07
    1.1699499562e-02    9.3551199143e-07
    1.1799800210e-02    9.3511602017e-07
    1.1899899691e-02    9.3453701311e-07
    1.1999400333e-02    9.3382101340e-07
    1.2099999934e-02    9.3299399850e-07
    1.2199699879e-02    9.3214697472e-07
    1.2299899943e-02    9.3137498425e-07
    1.2399399653e-02    9.3071702167e-07
    1.2499400415e-02    9.3012499747e-07
    1.2599200010e-02    9.2960999609e-07
    1.2699499726e-02    9.2916900485e-07
    1.2799800374e-02    9.2876200597e-07
    1.2899500318e-02    9.2828400966e-07
    1.3000000268e-02    9.2762502391e-07
    1.3099499978e-02    9.2674201824e-07
    1.3199499808e-02    9.2557098696e-07
    1.3299300335e-02    9.2408799901e-07
    1.3399500400e-02    9.2228202675e-07
    1.3499700464e-02    9.2024998821e-07
    1.3599899597e-02    9.1809698688e-07
    1.3699499890e-02    9.1590101192e-07
    1.3799699955e-02    9.1365501476e-07
    1.3899900019e-02    9.1144602266e-07
    1.3999399729e-02    9.0928301688e-07
    1.4099500142e-02    9.0704401146e-07
    1.4199599624e-02    9.0462401658e-07
    1.4299900271e-02    9.0205901415e-07
    1.4399600215e-02    8.9943199555e-07
    1.4499500394e-02    8.9669401859e-07
    1.4599800110e-02    8.9377897439e-07
    1.4699599706e-02    8.9070897502e-07
    1.4799499884e-02    8.8749499128e-07
    1.4899999835e-02    8.8411201205e-07
    1.4999100007e-02    8.8063399062e-07
    1.5100000426e-02    8.7696997753e-07
    1.5199299902e-02    8.7325997811e-07
    1.5299499966e-02    8.6944498889e-07
    1.5399400145e-02    8.6559902002e-07
    1.5499999747e-02    8.6172099145e-07
    1.5599199571e-02    8.5791100446e-07
    1.5699699521e-02    8.5409197936e-07
    1.5799300745e-02    8.5032297648e-07
    1.5899600461e-02    8.4650798726e-07
    1.5999600291e-02    8.4266298472e-07
    1.6099199653e-02    8.3880297552e-07
    1.6199899837e-02    8.3487401525e-07
    1.6299400479e-02    8.3097199877e-07
    1.6399299726e-02    8.2702598547e-07
    1.6499500722e-02    8.2302301507e-07
    1.6599100083e-02    8.1901902149e-07
    1.6699900851e-02    8.1499598537e-07
    1.6799900681e-02    8.1107799588e-07
    1.6899500042e-02    8.0726601936e-07
    1.6999099404e-02    8.0352401710e-07
    1.7099399120e-02    7.9979298562e-07
    1.7199300230e-02    7.9608798842e-07
    1.7299899831e-02    7.9239697470e-07
    1.7399700359e-02    7.8879298826e-07
    1.7499599606e-02    7.8528302083e-07
    1.7599100247e-02    7.8190197428e-07
    1.7698800191e-02    7.7861500358e-07
    1.7799699679e-02    7.7537697507e-07
    1.7899399623e-02    7.7222301798e-07
    1.7999699339e-02    7.6909401514e-07
    1.8099600449e-02    7.6606397670e-07
    1.8200000748e-02    7.6313801856e-07
    1.8299600109e-02    7.6032802099e-07
    1.8399000168e-02    7.5759697893e-07
    1.8500000238e-02    7.5491101370e-07
    1.8599700183e-02    7.5236698649e-07
    1.8699400127e-02    7.4995199384e-07
    1.8799200654e-02    7.4766501257e-07
    1.8898900598e-02    7.4548199791e-07
    1.8999900669e-02    7.4333701150e-07
    1.9099600613e-02    7.4127302696e-07
    1.9199300557e-02    7.3922899446e-07
    1.9299000502e-02    7.3718200611e-07
    1.9400000572e-02    7.3506100762e-07
    1.9499700516e-02    7.3295797165e-07
    1.9599400461e-02    7.3087500141e-07
    1.9699199125e-02    7.2886297176e-07
    1.9798899069e-02    7.2695399922e-07
    1.9899800420e-02    7.2513000759e-07
    1.9999599084e-02    7.2342197655e-07
    2.0099300891e-02    7.2180097277e-07
    2.0199000835e-02    7.2028399245e-07
    2.0300000906e-02    7.1886898922e-07
    2.0399700850e-02    7.1758097420e-07
    2.0499400795e-02    7.1633598964e-07
    2.0599199459e-02    7.1507997745e-07
    2.0698899403e-02    7.1381901989e-07
    2.0799800754e-02    7.1256397405e-07
    2.0899599418e-02    7.1136201996e-07
    2.0999299362e-02    7.1020701853e-07
    2.1099099889e-02    7.0907401550e-07
    2.1198799834e-02    7.0790900963e-07
    2.1299799904e-02    7.0664600571e-07
    2.1399600431e-02    7.0531700658e-07
    2.1499300376e-02    7.0394600016e-07
    2.1599100903e-02    7.0257897278e-07
    2.1698800847e-02    7.0124400509e-07
    2.1799800918e-02    6.9991597229e-07
    2.1899599582e-02    6.9863102681e-07
    2.1999299526e-02    6.9737598096e-07
    2.2099100053e-02    6.9615902021e-07
    2.2198799998e-02    6.9498298672e-07
    2.2299800068e-02    6.9383702339e-07
    2.2399600595e-02    6.9273801273e-07
    2.2499300539e-02    6.9166298999e-07
    2.2599099204e-02    6.9060200758e-07
    2.2698799148e-02    6.8956200039e-07
    2.2799799219e-02    6.8854200208e-07
    2.2899599746e-02    6.8756600058e-07
    2.2999299690e-02    6.8661398700e-07
    2.3099100217e-02    6.8567902645e-07
    2.3199899122e-02    6.8474298587e-07
    2.3299399763e-02    6.8383099006e-07
    2.3399500176e-02    6.8292001743e-07
    2.3499799892e-02    6.8200699843e-07
    2.3599900305e-02    6.8110398388e-07
    2.3699900135e-02    6.8022501409e-07
    2.3799199611e-02    6.7937799031e-07
    2.3899499327e-02    6.7854102781e-07
    2.3999299854e-02    6.7773601131e-07
    2.4100000039e-02    6.7697300210e-07
    2.4199899286e-02    6.7626399414e-07
    2.4299399927e-02    6.7557999728e-07
    2.4399900809e-02    6.7489202138e-07
    2.4499600753e-02    6.7420302230e-07
    2.4599399418e-02    6.7349202482e-07
    2.4699099362e-02    6.7273902005e-07
    2.4798799306e-02    6.7193798259e-07
    2.4899799377e-02    6.7111102453e-07
    2.4999599904e-02    6.7031197659e-07
    2.5099299848e-02    6.6952298994e-07
    2.5198999792e-02    6.6870802584e-07
    2.5298800319e-02    6.6784798491e-07
    2.5399699807e-02    6.6693201006e-07
    2.5499500334e-02    6.6597999648e-07
    2.5599200279e-02    6.6498398610e-07
    2.5699000806e-02    6.6394699161e-07
    2.5799900293e-02    6.6284201239e-07
    2.5899700820e-02    6.6167302748e-07
    2.5999400765e-02    6.6040900037e-07
    2.6099199429e-02    6.5905697966e-07
    2.6198899373e-02    6.5763498469e-07
    2.6299899444e-02    6.5613801326e-07
    2.6399699971e-02    6.5459397547e-07
    2.6499399915e-02    6.5298900154e-07
    2.6599099860e-02    6.5133201588e-07
    2.6698900387e-02    6.4961602675e-07
    2.6799900457e-02    6.4781602305e-07
    2.6899600402e-02    6.4599998950e-07
    2.6999400929e-02    6.4416900614e-07
    2.7099100873e-02    6.4231602437e-07
    2.7198899537e-02    6.4040301595e-07
    2.7299800888e-02    6.3836699837e-07
    2.7399599552e-02    6.3624202085e-07
    2.7499299496e-02    6.3399301098e-07
    2.7599100024e-02    6.3161098751e-07
    2.7698799968e-02    6.2910299903e-07
    2.7799800038e-02    6.2645301568e-07
    2.7899600565e-02    6.2374601839e-07
    2.7999300510e-02    6.2097802811e-07
    2.8099099174e-02    6.1817900132e-07
    2.8198799118e-02    6.1537298279e-07
    2.8299799189e-02    6.1253700778e-07
    2.8399499133e-02    6.0974002736e-07
    2.8499299660e-02    6.0694901549e-07
    2.8599100187e-02    6.0416499537e-07
    2.8698800132e-02    6.0138302160e-07
    2.8799800202e-02    5.9855102563e-07
    2.8899500147e-02    5.9572499822e-07
    2.8999300674e-02    5.9286702481e-07
    2.9099000618e-02    5.8997699171e-07
    2.9198799282e-02    5.8706598338e-07
    2.9299799353e-02    5.8411802684e-07
    2.9399499297e-02    5.8122998325e-07
    2.9499299824e-02    5.7837502254e-07
    2.9598999768e-02    5.7553802435e-07
    2.9699999839e-02    5.7268300679e-07
    2.9799500480e-02    5.6991098063e-07
    2.9899500310e-02    5.6717897223e-07
    2.9999600723e-02    5.6450500097e-07
