       301
    0.0000000000e+00    0.0000000000e+00
    9.9796299764e-05    0.0000000000e+00
    1.9904400688e-04    6.7075900390e-09
    2.9883999377e-04    1.9877999691e-08
    3.9985298645e-04    3.3626498919e-08
    4.9964699429e-04    4.7102300726e-08
    5.9944001259e-04    6.0454198092e-08
    6.9923099363e-04    7.3583201754e-08
    7.9902197467e-04    8.6540801192e-08
    8.9881097665e-04    9.9406797460e-08
    9.9981704261e-04    1.1245099785e-07
    1.0995999910e-03    1.2519400627e-07
    1.1993800290e-03    1.3780800145e-07
    1.2991500553e-03    1.5041099743e-07
    1.3989099534e-03    1.6308899831e-07
    1.4998900006e-03    1.7600599733e-07
    1.5996400034e-03    1.8863799767e-07
    1.6993900063e-03    2.0124099365e-07
    1.7991500208e-03    2.1391700500e-07
    1.8989000237e-03    2.2671800082e-07
    1.9998599309e-03    2.3984000563e-07
    2.0995999221e-03    2.5293900308e-07
    2.1993198898e-03    2.6620600124e-07
    2.2990300786e-03    2.7974800787e-07
    2.3999600671e-03    2.9368499099e-07
    2.4996600114e-03    3.0779600024e-07
    2.5993599556e-03    3.2223800872e-07
    2.6990401093e-03    3.3690699297e-07
    2.7999400627e-03    3.5206198845e-07
    2.8996199835e-03    3.6736000197e-07
    2.9995299410e-03    3.8288300175e-07
    3.0992000829e-03    3.9840000454e-07
    3.1995701138e-03    4.1400400619e-07
    3.2989298925e-03    4.2932799715e-07
    3.3990000375e-03    4.4465099336e-07
    3.4992299043e-03    4.5990799435e-07
    3.5994900391e-03    4.7508299872e-07
    3.6991399247e-03    4.9007502412e-07
    3.7988000549e-03    5.0480201708e-07
    3.8990399335e-03    5.1920898159e-07
    3.9989501238e-03    5.3315500281e-07
    4.0998598561e-03    5.4674501371e-07
    4.1998699307e-03    5.5967700519e-07
    4.2999498546e-03    5.7204198356e-07
    4.3994700536e-03    5.8381601775e-07
    4.4998601079e-03    5.9530498220e-07
    4.5997798443e-03    6.0652001821e-07
    4.6998099424e-03    6.1760601966e-07
    4.7999802046e-03    6.2875602680e-07
    4.8988298513e-03    6.3992098376e-07
    4.9999300390e-03    6.5157297513e-07
    5.0996299833e-03    6.6326697379e-07
    5.1989001222e-03    6.7507897938e-07
    5.2991001867e-03    6.8710301093e-07
    5.3996802308e-03    6.9904399425e-07
    5.4994598031e-03    7.1055802664e-07
    5.5996798910e-03    7.2172900900e-07
    5.6989500299e-03    7.3243597853e-07
    5.7990797795e-03    7.4290102248e-07
    5.8993799612e-03    7.5314602554e-07
    5.9988400899e-03    7.6322601217e-07
    6.0993097723e-03    7.7349699268e-07
    6.1997598968e-03    7.8389297187e-07
    6.2993299216e-03    7.9421397459e-07
    6.3995099626e-03    8.0462899632e-07
    6.4997998998e-03    8.1484199654e-07
    6.5998099744e-03    8.2249397337e-07
    6.6993101500e-03    8.3002498741e-07
    6.7994398996e-03    8.3607500301e-07
    6.8993298337e-03    8.4142300238e-07
    6.9996700622e-03    8.4807601297e-07
    7.0990598761e-03    8.5547497974e-07
    7.1994098835e-03    8.6286200940e-07
    7.2998502292e-03    8.7015797590e-07
    7.3997499421e-03    8.7711600827e-07
    7.4998298660e-03    8.8364998874e-07
    7.5995400548e-03    8.9065099473e-07
    7.6990402304e-03    8.9795599933e-07
    7.7999602072e-03    9.0612002168e-07
    7.8996699303e-03    9.1278201353e-07
    7.9996399581e-03    9.1861801366e-07
    8.0990400165e-03    9.2431201892e-07
    8.1995800138e-03    9.2902700999e-07
    8.2996003330e-03    9.3210701380e-07
    8.3998497576e-03    9.3431498271e-07
    8.4999296814e-03    9.3604802487e-07
    8.5993502289e-03    9.3734399798e-07
    8.6998501793e-03    9.3814998081e-07
    8.7996600196e-03    9.3859898698e-07
    8.8993897662e-03    9.3904600362e-07
    8.9999595657e-03    9.3982401950e-07
    9.0991398320e-03    9.4112698434e-07
    9.1992197558e-03    9.4269097417e-07
    9.2996703461e-03    9.4471300827e-07
    9.3999402598e-03    9.4733002243e-07
    9.4997603446e-03    9.4956101293e-07
    9.5999697223e-03    9.5107702691e-07
    9.6994796768e-03    9.5171901648e-07
    9.7993202507e-03    9.5163198921e-07
    9.8995296285e-03    9.5142200962e-07
    9.9999597296e-03    9.5116701004e-07
    1.0099500418e-02    9.5068202199e-07
    1.0199200362e-02    9.4975098364e-07
    1.0299299844e-02    9.4840402198e-07
    1.0399499908e-02    9.4706399523e-07
    1.0499199852e-02    9.4629399428e-07
    1.0599699803e-02    9.4610300039e-07
    1.0699300095e-02    9.4610300039e-07
    1.0799500160e-02    9.4597999123e-07
    1.0899599642e-02    9.4573698561e-07
    1.0999900289e-02    9.4526700423e-07
    1.1099799536e-02    9.4451502264e-07
    1.1199999601e-02    9.4353498525e-07
    1.1299399659e-02    9.4234798098e-07
    1.1399799958e-02    9.4096401426e-07
    1.1499599554e-02    9.3954599834e-07
    1.1599300429e-02    9.3840401405e-07
    1.1699499562e-02    9.3781102350e-07
    1.1799800210e-02    9.3780602128e-07
    1.1899899691e-02    9.3812002433e-07
    1.1999400333e-02    9.3856101557e-07
    1.2099999934e-02    9.3901502396e-07
    1.2199699879e-02    9.3932499112e-07
    1.2299899943e-02    9.3938200507e-07
    1.2399399653e-02    9.3909102361e-07
    1.2499400415e-02    9.3846000482e-07
    1.2599200010e-02    9.3750099950e-07
    1.2699499726e-02    9.3628398190e-07
    1.2799800374e-02    9.3485499519e-07
    1.2899500318e-02    9.3328401363e-07
    1.3000000268e-02    9.3163600923e-07
    1.3099499978e-02    9.2994901024e-07
    1.3199499808e-02    9.2827002618e-07
    1.3299300335e-02    9.2661298368e-07
    1.3399500400e-02    9.2497901960e-07
    1.3499700464e-02    9.2342202151e-07
    1.3599899597e-02    9.2190998657e-07
    1.3699499890e-02    9.2042301958e-07
    1.3799699955e-02    9.1885601705e-07
    1.3899900019e-02    9.1707801175e-07
    1.3999399729e-02    9.1500902499e-07
    1.4099500142e-02    9.1266599611e-07
    1.4199599624e-02    9.1005597369e-07
    1.4299900271e-02    9.0721101742e-07
    1.4399600215e-02    9.0425101007e-07
    1.4499500394e-02    9.0129498176e-07
    1.4599800110e-02    8.9836800043e-07
    1.4699599706e-02    8.9541799753e-07
    1.4799499884e-02    8.9244298351e-07
    1.4899999835e-02    8.8944602794e-07
    1.4999100007e-02    8.8645100504e-07
    1.5100000426e-02    8.8330102699e-07
    1.5199299902e-02    8.7999802645e-07
    1.5299499966e-02    8.7639898538e-07
    1.5399400145e-02    8.7259599013e-07
    1.5499999747e-02    8.6859199655e-07
    1.5599199571e-02    8.6450597792e-07
    1.5699699521e-02    8.6031201363e-07
    1.5799300745e-02    8.5615198486e-07
    1.5899600461e-02    8.5201497768e-07
    1.5999600291e-02    8.4797801492e-07
    1.6099199653e-02    8.4404598510e-07
    1.6199899837e-02    8.4016301116e-07
    1.6299400479e-02    8.3639702098e-07
    1.6399299726e-02    8.3262801809e-07
    1.6499500722e-02    8.2878102603e-07
    1.6599100083e-02    8.2485900066e-07
    1.6699900851e-02    8.2080600805e-07
    1.6799900681e-02    8.1677501385e-07
    1.6899500042e-02    8.1280097675e-07
    1.6999099404e-02    8.0889202536e-07
    1.7099399120e-02    8.0503099298e-07
    1.7199300230e-02    8.0119798440e-07
    1.7299899831e-02    7.9731199776e-07
    1.7399700359e-02    7.9343101334e-07
    1.7499599606e-02    7.8957697269e-07
    1.7599100247e-02    7.8580399077e-07
    1.7698800191e-02    7.8211598975e-07
    1.7799699679e-02    7.7851001379e-07
    1.7899399623e-02    7.7505001173e-07
    1.7999699339e-02    7.7163400647e-07
    1.8099600449e-02    7.6827598150e-07
    1.8200000748e-02    7.6495598478e-07
    1.8299600109e-02    7.6172000263e-07
    1.8399000168e-02    7.5854399029e-07
    1.8500000238e-02    7.5536900113e-07
    1.8599700183e-02    7.5230900620e-07
    1.8699400127e-02    7.4936997407e-07
    1.8799200654e-02    7.4658402127e-07
    1.8898900598e-02    7.4390499094e-07
    1.8999900669e-02    7.4128899996e-07
    1.9099600613e-02    7.3886297969e-07
    1.9199300557e-02    7.3660402222e-07
    1.9299000502e-02    7.3448399007e-07
    1.9400000572e-02    7.3243501220e-07
    1.9499700516e-02    7.3056600058e-07
    1.9599400461e-02    7.2889099556e-07
    1.9699199125e-02    7.2740999713e-07
    1.9798899069e-02    7.2611902624e-07
    1.9899800420e-02    7.2494697179e-07
    1.9999599084e-02    7.2385000749e-07
    2.0099300891e-02    7.2274298191e-07
    2.0199000835e-02    7.2160401032e-07
    2.0300000906e-02    7.2042098509e-07
    2.0399700850e-02    7.1923500400e-07
    2.0499400795e-02    7.1802497814e-07
    2.0599199459e-02    7.1674298852e-07
    2.0698899403e-02    7.1533997925e-07
    2.0799800754e-02    7.1382498845e-07
    2.0899599418e-02    7.1233199606e-07
    2.0999299362e-02    7.1089300491e-07
    2.1099099889e-02    7.0954700959e-07
    2.1198799834e-02    7.0831799803e-07
    2.1299799904e-02    7.0716498612e-07
    2.1399600431e-02    7.0606597546e-07
    2.1499300376e-02    7.0498498417e-07
    2.1599100903e-02    7.0393701890e-07
    2.1698800847e-02    7.0295402566e-07
    2.1799800918e-02    7.0200900382e-07
    2.1899599582e-02    7.0110598926e-07
    2.1999299526e-02    7.0022701948e-07
    2.2099100053e-02    6.9936197633e-07
    2.2198799998e-02    6.9849102147e-07
    2.2299800068e-02    6.9758402788e-07
    2.2399600595e-02    6.9665298952e-07
    2.2499300539e-02    6.9570700134e-07
    2.2599099204e-02    6.9475998998e-07
    2.2698799148e-02    6.9382002721e-07
    2.2799799219e-02    6.9288500981e-07
    2.2899599746e-02    6.9199899144e-07
    2.2999299690e-02    6.9118300416e-07
    2.3099100217e-02    6.9045802320e-07
    2.3199899122e-02    6.8981097456e-07
    2.3299399763e-02    6.8924498464e-07
    2.3399500176e-02    6.8871497660e-07
    2.3499799892e-02    6.8820497745e-07
    2.3599900305e-02    6.8766399863e-07
    2.3699900135e-02    6.8700001066e-07
    2.3799199611e-02    6.8621301352e-07
    2.3899499327e-02    6.8534097863e-07
    2.3999299854e-02    6.8446598789e-07
    2.4100000039e-02    6.8362101047e-07
    2.4199899286e-02    6.8285697807e-07
    2.4299399927e-02    6.8215501869e-07
    2.4399900809e-02    6.8147198817e-07
    2.4499600753e-02    6.8079697257e-07
    2.4599399418e-02    6.8012002430e-07
    2.4699099362e-02    6.7944301918e-07
    2.4798799306e-02    6.7876499088e-07
    2.4899799377e-02    6.7806598736e-07
    2.4999599904e-02    6.7735800258e-07
    2.5099299848e-02    6.7660801051e-07
    2.5198999792e-02    6.7577002483e-07
    2.5298800319e-02    6.7480698362e-07
    2.5399699807e-02    6.7371098567e-07
    2.5499500334e-02    6.7254802616e-07
    2.5599200279e-02    6.7134402570e-07
    2.5699000806e-02    6.7009801796e-07
    2.5799900293e-02    6.6876697247e-07
    2.5899700820e-02    6.6738800797e-07
    2.5999400765e-02    6.6597300474e-07
    2.6099199429e-02    6.6455100978e-07
    2.6198899373e-02    6.6314498781e-07
    2.6299899444e-02    6.6173197411e-07
    2.6399699971e-02    6.6031401502e-07
    2.6499399915e-02    6.5881897626e-07
    2.6599099860e-02    6.5716301378e-07
    2.6698900387e-02    6.5529900439e-07
    2.6799900457e-02    6.5319898113e-07
    2.6899600402e-02    6.5093900048e-07
    2.6999400929e-02    6.4852901005e-07
    2.7099100873e-02    6.4601698568e-07
    2.7198899537e-02    6.4346102135e-07
    2.7299800888e-02    6.4087601004e-07
    2.7399599552e-02    6.3835801711e-07
    2.7499299496e-02    6.3589300225e-07
    2.7599100024e-02    6.3347897594e-07
    2.7698799968e-02    6.3108001314e-07
    2.7799800038e-02    6.2860999606e-07
    2.7899600565e-02    6.2608302187e-07
    2.7999300510e-02    6.2347800167e-07
    2.8099099174e-02    6.2081801389e-07
    2.8198799118e-02    6.1810499119e-07
    2.8299799189e-02    6.1529897266e-07
    2.8399499133e-02    6.1244799099e-07
    2.8499299660e-02    6.0949400904e-07
    2.8599100187e-02    6.0643100142e-07
    2.8698800132e-02    6.0328602558e-07
    2.8799800202e-02    6.0006601643e-07
    2.8899500147e-02    5.9690398757e-07
    2.8999300674e-02    5.9379499362e-07
    2.9099000618e-02    5.9075898662e-07
    2.9198799282e-02    5.8781597545e-07
    2.9299799353e-02    5.8493799315e-07
    2.9399499297e-02    5.8217898413e-07
    2.9499299824e-02    5.7946698462e-07
    2.9598999768e-02    5.7673997844e-07
    2.9699999839e-02    5.7392799135e-07
    2.9799500480e-02    5.7111202523e-07
    2.9899500310e-02    5.6825001593e-07
    2.9999600723e-02    5.6538601712e-07
