       301
    0.0000000000e+00    0.0000000000e+00
    9.9796299764e-05    0.0000000000e+00
    1.9904400688e-04    9.7099404073e-09
    2.9883999377e-04    2.5949500326e-08
    3.9985298645e-04    4.2648000687e-08
    4.9964699429e-04    5.8936201697e-08
    5.9944001259e-04    7.5051197257e-08
    6.9923099363e-04    9.0988798718e-08
    7.9902197467e-04    1.0675800155e-07
    8.9881097665e-04    1.2233999769e-07
    9.9981704261e-04    1.3792700315e-07
    1.0995999910e-03    1.5322000024e-07
    1.1993800290e-03    1.6833300265e-07
    1.2991500553e-03    1.8329099305e-07
    1.3989099534e-03    1.9815199437e-07
    1.4998900006e-03    2.1306699693e-07
    1.5996400034e-03    2.2759300577e-07
    1.6993900063e-03    2.4183299274e-07
    1.7991500208e-03    2.5576699159e-07
    1.8989000237e-03    2.6953500765e-07
    1.9998599309e-03    2.8324799928e-07
    2.0995999221e-03    2.9652400713e-07
    2.1993198898e-03    3.0942999274e-07
    2.2990300786e-03    3.2200298961e-07
    2.3999600671e-03    3.3447000192e-07
    2.4996600114e-03    3.4662801340e-07
    2.5993599556e-03    3.5849200231e-07
    2.6990401093e-03    3.7013998622e-07
    2.7999400627e-03    3.8180201045e-07
    2.8996199835e-03    3.9328199364e-07
    2.9995299410e-03    4.0480600205e-07
    3.0992000829e-03    4.1628601366e-07
    3.1995701138e-03    4.2787098664e-07
    3.2989298925e-03    4.3939800776e-07
    3.3990000375e-03    4.5104300739e-07
    3.4992299043e-03    4.6271898668e-07
    3.5994900391e-03    4.7445800533e-07
    3.6991399247e-03    4.8623701332e-07
    3.7988000549e-03    4.9811802683e-07
    3.8990399335e-03    5.1009999424e-07
    3.9989501238e-03    5.2206598866e-07
    4.0998598561e-03    5.3426697377e-07
    4.1998699307e-03    5.4652099379e-07
    4.2999498546e-03    5.5890598105e-07
    4.3994700536e-03    5.7133797782e-07
    4.4998601079e-03    5.8396801705e-07
    4.5997798443e-03    5.9658202645e-07
    4.6998099424e-03    6.0915698441e-07
    4.7999802046e-03    6.2165202053e-07
    4.8988298513e-03    6.3386198690e-07
    4.9999300390e-03    6.4624100560e-07
    5.0996299833e-03    6.5833097551e-07
    5.1989001222e-03    6.7025098360e-07
    5.2991001867e-03    6.8214302473e-07
    5.3996802308e-03    6.9395298397e-07
    5.4994598031e-03    7.0555500997e-07
    5.5996798910e-03    7.1704698712e-07
    5.6989500299e-03    7.2821501362e-07
    5.7990797795e-03    7.3924098842e-07
    5.8993799612e-03    7.5005800682e-07
    5.9988400899e-03    7.6055999898e-07
    6.0993097723e-03    7.7091499406e-07
    6.1997598968e-03    7.8099100165e-07
    6.2993299216e-03    7.9074698078e-07
    6.3995099626e-03    8.0034402572e-07
    6.4997998998e-03    8.0929697788e-07
    6.5998099744e-03    8.1777500327e-07
    6.6993101500e-03    8.2519301259e-07
    6.7994398996e-03    8.3185602762e-07
    6.8993298337e-03    8.3852398802e-07
    6.9996700622e-03    8.4605898110e-07
    7.0990598761e-03    8.5428399643e-07
    7.1994098835e-03    8.6271802502e-07
    7.2998502292e-03    8.7136402271e-07
    7.3997499421e-03    8.7928998482e-07
    7.4998298660e-03    8.8688602773e-07
    7.5995400548e-03    8.9396098701e-07
    7.6990402304e-03    9.0059802460e-07
    7.7999602072e-03    9.0657601959e-07
    7.8996699303e-03    9.1127702717e-07
    7.9996399581e-03    9.1516898237e-07
    8.0990400165e-03    9.1884601261e-07
    8.1995800138e-03    9.2260199835e-07
    8.2996003330e-03    9.2601300139e-07
    8.3998497576e-03    9.2936898000e-07
    8.4999296814e-03    9.3262798373e-07
    8.5993502289e-03    9.3557900982e-07
    8.6998501793e-03    9.3840100135e-07
    8.7996600196e-03    9.4089102731e-07
    8.8993897662e-03    9.4253800853e-07
    8.9999595657e-03    9.4324798283e-07
    9.0991398320e-03    9.4321399047e-07
    9.1992197558e-03    9.4280602525e-07
    9.2996703461e-03    9.4251799965e-07
    9.3999402598e-03    9.4256500915e-07
    9.4997603446e-03    9.4271098305e-07
    9.5999697223e-03    9.4290402330e-07
    9.6994796768e-03    9.4304698450e-07
    9.7993202507e-03    9.4315299748e-07
    9.8995296285e-03    9.4357602620e-07
    9.9999597296e-03    9.4421602626e-07
    1.0099500418e-02    9.4471499779e-07
    1.0199200362e-02    9.4484698820e-07
    1.0299299844e-02    9.4470300382e-07
    1.0399499908e-02    9.4437899634e-07
    1.0499199852e-02    9.4401599426e-07
    1.0599699803e-02    9.4339497991e-07
    1.0699300095e-02    9.4258001582e-07
    1.0799500160e-02    9.4160299113e-07
    1.0899599642e-02    9.4046998811e-07
    1.0999900289e-02    9.3929202194e-07
    1.1099799536e-02    9.3830499281e-07
    1.1199999601e-02    9.3752998964e-07
    1.1299399659e-02    9.3691602387e-07
    1.1399799958e-02    9.3646997357e-07
    1.1499599554e-02    9.3617597940e-07
    1.1599300429e-02    9.3596099759e-07
    1.1699499562e-02    9.3570702120e-07
    1.1799800210e-02    9.3531002676e-07
    1.1899899691e-02    9.3472897333e-07
    1.1999400333e-02    9.3400899459e-07
    1.2099999934e-02    9.3316901939e-07
    1.2199699879e-02    9.3231398068e-07
    1.2299899943e-02    9.3154199021e-07
    1.2399399653e-02    9.3088300446e-07
    1.2499400415e-02    9.3028501169e-07
    1.2599200010e-02    9.2976597443e-07
    1.2699499726e-02    9.2932697271e-07
    1.2799800374e-02    9.2892202019e-07
    1.2899500318e-02    9.2845198196e-07
    1.3000000268e-02    9.2780999239e-07
    1.3099499978e-02    9.2694199338e-07
    1.3199499808e-02    9.2578102340e-07
    1.3299300335e-02    9.2430099130e-07
    1.3399500400e-02    9.2250201078e-07
    1.3499700464e-02    9.2048298939e-07
    1.3599899597e-02    9.1834198201e-07
    1.3699499890e-02    9.1615902420e-07
    1.3799699955e-02    9.1393900448e-07
    1.3899900019e-02    9.1174297268e-07
    1.3999399729e-02    9.0958297960e-07
    1.4099500142e-02    9.0734999958e-07
    1.4199599624e-02    9.0493597327e-07
    1.4299900271e-02    9.0237597306e-07
    1.4399600215e-02    8.9974599859e-07
    1.4499500394e-02    8.9699801720e-07
    1.4599800110e-02    8.9407302539e-07
    1.4699599706e-02    8.9100097966e-07
    1.4799499884e-02    8.8778398322e-07
    1.4899999835e-02    8.8439901447e-07
    1.4999100007e-02    8.8091098860e-07
    1.5100000426e-02    8.7724197328e-07
    1.5199299902e-02    8.7353402023e-07
    1.5299499966e-02    8.6972198687e-07
    1.5399400145e-02    8.6587601800e-07
    1.5499999747e-02    8.6200100213e-07
    1.5599199571e-02    8.5819897322e-07
    1.5699699521e-02    8.5438500719e-07
    1.5799300745e-02    8.5061100208e-07
    1.5899600461e-02    8.4679697920e-07
    1.5999600291e-02    8.4295601255e-07
    1.6099199653e-02    8.3909202431e-07
    1.6199899837e-02    8.3515698179e-07
    1.6299400479e-02    8.3125098627e-07
    1.6399299726e-02    8.2730497297e-07
    1.6499500722e-02    8.2330302575e-07
    1.6599100083e-02    8.1929999851e-07
    1.6699900851e-02    8.1527900875e-07
    1.6799900681e-02    8.1136602148e-07
    1.6899500042e-02    8.0755501131e-07
    1.6999099404e-02    8.0381101952e-07
    1.7099399120e-02    8.0008499026e-07
    1.7199300230e-02    7.9638800798e-07
    1.7299899831e-02    7.9270597553e-07
    1.7399700359e-02    7.8910898083e-07
    1.7499599606e-02    7.8560998418e-07
    1.7599100247e-02    7.8224701383e-07
    1.7698800191e-02    7.7897897199e-07
    1.7799699679e-02    7.7575799651e-07
    1.7899399623e-02    7.7261501019e-07
    1.7999699339e-02    7.6949498862e-07
    1.8099600449e-02    7.6647097558e-07
    1.8200000748e-02    7.6355297551e-07
    1.8299600109e-02    7.6075497191e-07
    1.8399000168e-02    7.5803501431e-07
    1.8500000238e-02    7.5536098620e-07
    1.8599700183e-02    7.5283202250e-07
    1.8699400127e-02    7.5043300285e-07
    1.8799200654e-02    7.4816398410e-07
    1.8898900598e-02    7.4599802247e-07
    1.8999900669e-02    7.4386701954e-07
    1.9099600613e-02    7.4181497212e-07
    1.9199300557e-02    7.3977497550e-07
    1.9299000502e-02    7.3772901032e-07
    1.9400000572e-02    7.3561398040e-07
    1.9499700516e-02    7.3351299079e-07
    1.9599400461e-02    7.3143002055e-07
    1.9699199125e-02    7.2941901408e-07
    1.9798899069e-02    7.2751498692e-07
    1.9899800420e-02    7.2569798704e-07
    1.9999599084e-02    7.2399598139e-07
    2.0099300891e-02    7.2237997983e-07
    2.0199000835e-02    7.2086902492e-07
    2.0300000906e-02    7.1945498803e-07
    2.0399700850e-02    7.1816998570e-07
    2.0499400795e-02    7.1692801384e-07
    2.0599199459e-02    7.1567501436e-07
    2.0698899403e-02    7.1441399996e-07
    2.0799800754e-02    7.1315798778e-07
    2.0899599418e-02    7.1195597684e-07
    2.0999299362e-02    7.1079801955e-07
    2.1099099889e-02    7.0965700161e-07
    2.1198799834e-02    7.0848102496e-07
    2.1299799904e-02    7.0720602707e-07
    2.1399600431e-02    7.0586600032e-07
    2.1499300376e-02    7.0448498946e-07
    2.1599100903e-02    7.0311000400e-07
    2.1698800847e-02    7.0176497502e-07
    2.1799800918e-02    7.0042898415e-07
    2.1899599582e-02    6.9913801326e-07
    2.1999299526e-02    6.9788501378e-07
    2.2099100053e-02    6.9667402158e-07
    2.2198799998e-02    6.9550799253e-07
    2.2299800068e-02    6.9437197681e-07
    2.2399600595e-02    6.9328302743e-07
    2.2499300539e-02    6.9221101739e-07
    2.2599099204e-02    6.9115100132e-07
    2.2698799148e-02    6.9011900905e-07
    2.2799799219e-02    6.8911100470e-07
    2.2899599746e-02    6.8814699716e-07
    2.2999299690e-02    6.8720697755e-07
    2.3099100217e-02    6.8628497729e-07
    2.3199899122e-02    6.8536400022e-07
    2.3299399763e-02    6.8446701107e-07
    2.3399500176e-02    6.8357297778e-07
    2.3499799892e-02    6.8268099085e-07
    2.3599900305e-02    6.8179900836e-07
    2.3699900135e-02    6.8093197569e-07
    2.3799199611e-02    6.8008898779e-07
    2.3899499327e-02    6.7925702751e-07
    2.3999299854e-02    6.7845797957e-07
    2.4100000039e-02    6.7769701673e-07
    2.4199899286e-02    6.7698800876e-07
    2.4299399927e-02    6.7630497824e-07
    2.4399900809e-02    6.7561802553e-07
    2.4499600753e-02    6.7492902645e-07
    2.4599399418e-02    6.7421399308e-07
    2.4699099362e-02    6.7345297339e-07
    2.4798799306e-02    6.7264699055e-07
    2.4899799377e-02    6.7181900931e-07
    2.4999599904e-02    6.7101700552e-07
    2.5099299848e-02    6.7021898076e-07
    2.5198999792e-02    6.6939497856e-07
    2.5298800319e-02    6.6852800273e-07
    2.5399699807e-02    6.6760702566e-07
    2.5499500334e-02    6.6665097620e-07
    2.5599200279e-02    6.6565098678e-07
    2.5699000806e-02    6.6461097958e-07
    2.5799900293e-02    6.6350497718e-07
    2.5899700820e-02    6.6233201323e-07
    2.5999400765e-02    6.6106497343e-07
    2.6099199429e-02    6.5971102003e-07
    2.6198899373e-02    6.5829300411e-07
    2.6299899444e-02    6.5679898853e-07
    2.6399699971e-02    6.5525802029e-07
    2.6499399915e-02    6.5365799173e-07
    2.6599099860e-02    6.5200799781e-07
    2.6698900387e-02    6.5030002361e-07
    2.6799900457e-02    6.4851099069e-07
    2.6899600402e-02    6.4670598476e-07
    2.6999400929e-02    6.4488398266e-07
    2.7099100873e-02    6.4303600311e-07
    2.7198899537e-02    6.4112401787e-07
    2.7299800888e-02    6.3908902348e-07
    2.7399599552e-02    6.3696501229e-07
    2.7499299496e-02    6.3471702560e-07
    2.7599100024e-02    6.3233801484e-07
    2.7698799968e-02    6.2983497173e-07
    2.7799800038e-02    6.2719101379e-07
    2.7899600565e-02    6.2449299776e-07
    2.7999300510e-02    6.2173802462e-07
    2.8099099174e-02    6.1895599401e-07
    2.8198799118e-02    6.1616600533e-07
    2.8299799189e-02    6.1334401380e-07
    2.8399499133e-02    6.1055999367e-07
    2.8499299660e-02    6.0777898625e-07
    2.8599100187e-02    6.0500201471e-07
    2.8698800132e-02    6.0222600951e-07
    2.8799800202e-02    5.9939702624e-07
    2.8899500147e-02    5.9657497786e-07
    2.8999300674e-02    5.9372001715e-07
    2.9099000618e-02    5.9083600945e-07
    2.9198799282e-02    5.8793398239e-07
    2.9299799353e-02    5.8499898614e-07
    2.9399499297e-02    5.8212299336e-07
    2.9499299824e-02    5.7928099295e-07
    2.9598999768e-02    5.7645598872e-07
    2.9699999839e-02    5.7361097561e-07
    2.9799500480e-02    5.7084497485e-07
    2.9899500310e-02    5.6811302329e-07
    2.9999600723e-02    5.6543302662e-07
