       301
    0.0000000000e+00    0.0000000000e+00
    9.9796299764e-05    0.0000000000e+00
    1.9904400688e-04    5.2422299834e-10
    2.9883999377e-04    5.9604698954e-09
    3.9985298645e-04    1.2808399674e-08
    4.9964699429e-04    1.9533500151e-08
    5.9944001259e-04    2.6124499897e-08
    6.9923099363e-04    3.2548300055e-08
    7.9902197467e-04    3.8813798398e-08
    8.9881097665e-04    4.4874898464e-08
    9.9981704261e-04    5.0840000654e-08
    1.0995999910e-03    5.6737000875e-08
    1.1993800290e-03    6.2658699562e-08
    1.2991500553e-03    6.8462696845e-08
    1.3989099534e-03    7.4099602898e-08
    1.4998900006e-03    7.9628598826e-08
    1.5996400034e-03    8.4893002850e-08
    1.6993900063e-03    8.9916596835e-08
    1.7991500208e-03    9.4720398636e-08
    1.8989000237e-03    9.9381196605e-08
    1.9998599309e-03    1.0402099804e-07
    2.0995999221e-03    1.0851100285e-07
    2.1993198898e-03    1.1287699664e-07
    2.2990300786e-03    1.1700799973e-07
    2.3999600671e-03    1.2098900015e-07
    2.4996600114e-03    1.2485600109e-07
    2.5993599556e-03    1.2857199749e-07
    2.6990401093e-03    1.3208800453e-07
    2.7999400627e-03    1.3547200695e-07
    2.8996199835e-03    1.3871300553e-07
    2.9995299410e-03    1.4182199948e-07
    3.0992000829e-03    1.4472500709e-07
    3.1995701138e-03    1.4749299737e-07
    3.2989298925e-03    1.5015000088e-07
    3.3990000375e-03    1.5266900277e-07
    3.4992299043e-03    1.5503499640e-07
    3.5994900391e-03    1.5728299729e-07
    3.6991399247e-03    1.5944600307e-07
    3.7988000549e-03    1.6152900173e-07
    3.8990399335e-03    1.6350900012e-07
    3.9989501238e-03    1.6529999414e-07
    4.0998598561e-03    1.6692600013e-07
    4.1998699307e-03    1.6833300265e-07
    4.2999498546e-03    1.6951899795e-07
    4.3994700536e-03    1.7047300105e-07
    4.4998601079e-03    1.7124899898e-07
    4.5997798443e-03    1.7178399503e-07
    4.6998099424e-03    1.7201600144e-07
    4.7999802046e-03    1.7199400304e-07
    4.8988298513e-03    1.7175099742e-07
    4.9999300390e-03    1.7124699525e-07
    5.0996299833e-03    1.7045300638e-07
    5.1989001222e-03    1.6937499936e-07
    5.2991001867e-03    1.6807699410e-07
    5.3996802308e-03    1.6661300606e-07
    5.4994598031e-03    1.6501999767e-07
    5.5996798910e-03    1.6329299513e-07
    5.6989500299e-03    1.6148300119e-07
    5.7990797795e-03    1.5956300103e-07
    5.8993799612e-03    1.5756900495e-07
    5.9988400899e-03    1.5557300515e-07
    6.0993097723e-03    1.5356600613e-07
    6.1997598968e-03    1.5159500322e-07
    6.2993299216e-03    1.4971099915e-07
    6.3995099626e-03    1.4793199909e-07
    6.4997998998e-03    1.4626100153e-07
    6.5998099744e-03    1.4489400257e-07
    6.6993101500e-03    1.4402799309e-07
    6.7994398996e-03    1.4351699917e-07
    6.8993298337e-03    1.4274100124e-07
    6.9996700622e-03    1.4165900097e-07
    7.0990598761e-03    1.4023899553e-07
    7.1994098835e-03    1.3862499770e-07
    7.2998502292e-03    1.3852400116e-07
    7.3997499421e-03    1.3868999815e-07
    7.4998298660e-03    1.3804199739e-07
    7.5995400548e-03    1.3663699860e-07
    7.6990402304e-03    1.3562700474e-07
    7.7999602072e-03    1.3558799594e-07
    7.8996699303e-03    1.3578299729e-07
    7.9996399581e-03    1.3630300089e-07
    8.0990400165e-03    1.3701600210e-07
    8.1995800138e-03    1.3700899615e-07
    8.2996003330e-03    1.3587599312e-07
    8.3998497576e-03    1.3422399547e-07
    8.4999296814e-03    1.3284299882e-07
    8.5993502289e-03    1.3166699375e-07
    8.6998501793e-03    1.3052900272e-07
    8.7996600196e-03    1.2959699802e-07
    8.8993897662e-03    1.2880400391e-07
    8.9999595657e-03    1.2785000081e-07
    9.0991398320e-03    1.2678199823e-07
    9.1992197558e-03    1.2562900054e-07
    9.2996703461e-03    1.2427699403e-07
    9.3999402598e-03    1.2269700278e-07
    9.4997603446e-03    1.2111999581e-07
    9.5999697223e-03    1.1965200031e-07
    9.6994796768e-03    1.1815500045e-07
    9.7993202507e-03    1.1660299748e-07
    9.8995296285e-03    1.1490899965e-07
    9.9999597296e-03    1.1320700111e-07
    1.0099500418e-02    1.1185399984e-07
    1.0199200362e-02    1.1077199957e-07
    1.0299299844e-02    1.0986200039e-07
    1.0399499908e-02    1.0899100289e-07
    1.0499199852e-02    1.0797099748e-07
    1.0599699803e-02    1.0695899988e-07
    1.0699300095e-02    1.0616400203e-07
    1.0799500160e-02    1.0559099906e-07
    1.0899599642e-02    1.0514099813e-07
    1.0999900289e-02    1.0462800049e-07
    1.1099799536e-02    1.0401799955e-07
    1.1199999601e-02    1.0341800305e-07
    1.1299399659e-02    1.0278699847e-07
    1.1399799958e-02    1.0206599654e-07
    1.1499599554e-02    1.0138899853e-07
    1.1599300429e-02    1.0084399804e-07
    1.1699499562e-02    1.0033900111e-07
    1.1799800210e-02    9.9838096901e-08
    1.1899899691e-02    9.9459199987e-08
    1.1999400333e-02    9.9342798876e-08
    1.2099999934e-02    9.9494002370e-08
    1.2199699879e-02    9.9770701922e-08
    1.2299899943e-02    1.0010199958e-07
    1.2399399653e-02    1.0050300148e-07
    1.2499400415e-02    1.0098700187e-07
    1.2599200010e-02    1.0141899764e-07
    1.2699499726e-02    1.0178300158e-07
    1.2799800374e-02    1.0216599833e-07
    1.2899500318e-02    1.0263499917e-07
    1.3000000268e-02    1.0314799681e-07
    1.3099499978e-02    1.0367399739e-07
    1.3199499808e-02    1.0422400010e-07
    1.3299300335e-02    1.0479899970e-07
    1.3399500400e-02    1.0534400019e-07
    1.3499700464e-02    1.0581300103e-07
    1.3599899597e-02    1.0623899982e-07
    1.3699499890e-02    1.0665500128e-07
    1.3799699955e-02    1.0701800335e-07
    1.3899900019e-02    1.0715000087e-07
    1.3999399729e-02    1.0712099652e-07
    1.4099500142e-02    1.0707199749e-07
    1.4199599624e-02    1.0705500131e-07
    1.4299900271e-02    1.0701599962e-07
    1.4399600215e-02    1.0687499952e-07
    1.4499500394e-02    1.0664300021e-07
    1.4599800110e-02    1.0635599779e-07
    1.4699599706e-02    1.0600499678e-07
    1.4799499884e-02    1.0557000252e-07
    1.4899999835e-02    1.0508500026e-07
    1.4999100007e-02    1.0462999711e-07
    1.5100000426e-02    1.0419900320e-07
    1.5199299902e-02    1.0377399917e-07
    1.5299499966e-02    1.0333899780e-07
    1.5399400145e-02    1.0294900221e-07
    1.5499999747e-02    1.0263399730e-07
    1.5599199571e-02    1.0235999781e-07
    1.5699699521e-02    1.0204799850e-07
    1.5799300745e-02    1.0169200237e-07
    1.5899600461e-02    1.0128100314e-07
    1.5999600291e-02    1.0080299973e-07
    1.6099199653e-02    1.0027100217e-07
    1.6199899837e-02    9.9708501011e-08
    1.6299400479e-02    9.9147996480e-08
    1.6399299726e-02    9.8544397531e-08
    1.6499500722e-02    9.7845401115e-08
    1.6599100083e-02    9.7028099333e-08
    1.6699900851e-02    9.6084299628e-08
    1.6799900681e-02    9.5048697801e-08
    1.6899500042e-02    9.3950902169e-08
    1.6999099404e-02    9.2816499375e-08
    1.7099399120e-02    9.1655202539e-08
    1.7199300230e-02    9.0469598035e-08
    1.7299899831e-02    8.9244203139e-08
    1.7399700359e-02    8.7985398523e-08
    1.7499599606e-02    8.6680998379e-08
    1.7599100247e-02    8.5330697175e-08
    1.7698800191e-02    8.3933599626e-08
    1.7799699679e-02    8.2493997411e-08
    1.7899399623e-02    8.1046898970e-08
    1.7999699339e-02    7.9554396848e-08
    1.8099600449e-02    7.8034297246e-08
    1.8200000748e-02    7.6517402192e-08
    1.8299600109e-02    7.5070900607e-08
    1.8399000168e-02    7.3679402135e-08
    1.8500000238e-02    7.2261002515e-08
    1.8599700183e-02    7.0812298247e-08
    1.8699400127e-02    6.9311596462e-08
    1.8799200654e-02    6.7811200211e-08
    1.8898900598e-02    6.6317198844e-08
    1.8999900669e-02    6.4788302723e-08
    1.9099600613e-02    6.3241003545e-08
    1.9199300557e-02    6.1658596451e-08
    1.9299000502e-02    6.0050098227e-08
    1.9400000572e-02    5.8398800462e-08
    1.9499700516e-02    5.6794601022e-08
    1.9599400461e-02    5.5217299177e-08
    1.9699199125e-02    5.3586600046e-08
    1.9798899069e-02    5.1839400328e-08
    1.9899800420e-02    4.9944901548e-08
    1.9999599084e-02    4.7993498953e-08
    2.0099300891e-02    4.5987899711e-08
    2.0199000835e-02    4.3940300287e-08
    2.0300000906e-02    4.1802898920e-08
    2.0399700850e-02    3.9595999368e-08
    2.0499400795e-02    3.7273100162e-08
    2.0599199459e-02    3.4839199969e-08
    2.0698899403e-02    3.2318901333e-08
    2.0799800754e-02    2.9705500282e-08
    2.0899599418e-02    2.7044499973e-08
    2.0999299362e-02    2.4263899334e-08
    2.1099099889e-02    2.1353599777e-08
    2.1198799834e-02    1.8349300746e-08
    2.1299799904e-02    1.5228499350e-08
    2.1399600431e-02    1.2063900101e-08
    2.1499300376e-02    8.8103799811e-09
    2.1599100903e-02    5.4820401552e-09
    2.1698800847e-02    2.0703299075e-09
    2.1799800918e-02    0.0000000000e+00
    2.1899599582e-02    0.0000000000e+00
    2.1999299526e-02    0.0000000000e+00
    2.2099100053e-02    0.0000000000e+00
    2.2198799998e-02    0.0000000000e+00
    2.2299800068e-02    0.0000000000e+00
    2.2399600595e-02    0.0000000000e+00
    2.2499300539e-02    0.0000000000e+00
    2.2599099204e-02    0.0000000000e+00
    2.2698799148e-02    0.0000000000e+00
    2.2799799219e-02    0.0000000000e+00
    2.2899599746e-02    0.0000000000e+00
    2.2999299690e-02    0.0000000000e+00
    2.3099100217e-02    0.0000000000e+00
    2.3199899122e-02    0.0000000000e+00
    2.3299399763e-02    0.0000000000e+00
    2.3399500176e-02    0.0000000000e+00
    2.3499799892e-02    0.0000000000e+00
    2.3599900305e-02    0.0000000000e+00
    2.3699900135e-02    0.0000000000e+00
    2.3799199611e-02    0.0000000000e+00
    2.3899499327e-02    0.0000000000e+00
    2.3999299854e-02    0.0000000000e+00
    2.4100000039e-02    0.0000000000e+00
    2.4199899286e-02    0.0000000000e+00
    2.4299399927e-02    0.0000000000e+00
    2.4399900809e-02    0.0000000000e+00
    2.4499600753e-02    0.0000000000e+00
    2.4599399418e-02    0.0000000000e+00
    2.4699099362e-02    0.0000000000e+00
    2.4798799306e-02    0.0000000000e+00
    2.4899799377e-02    0.0000000000e+00
    2.4999599904e-02    0.0000000000e+00
    2.5099299848e-02    0.0000000000e+00
    2.5198999792e-02    0.0000000000e+00
    2.5298800319e-02    0.0000000000e+00
    2.5399699807e-02    0.0000000000e+00
    2.5499500334e-02    0.0000000000e+00
    2.5599200279e-02    0.0000000000e+00
    2.5699000806e-02    0.0000000000e+00
    2.5799900293e-02    0.0000000000e+00
    2.5899700820e-02    0.0000000000e+00
    2.5999400765e-02    0.0000000000e+00
    2.6099199429e-02    0.0000000000e+00
    2.6198899373e-02    0.0000000000e+00
    2.6299899444e-02    0.0000000000e+00
    2.6399699971e-02    0.0000000000e+00
    2.6499399915e-02    0.0000000000e+00
    2.6599099860e-02    0.0000000000e+00
    2.6698900387e-02    0.0000000000e+00
    2.6799900457e-02    0.0000000000e+00
    2.6899600402e-02    0.0000000000e+00
    2.6999400929e-02    0.0000000000e+00
    2.7099100873e-02    0.0000000000e+00
    2.7198899537e-02    0.0000000000e+00
    2.7299800888e-02    0.0000000000e+00
    2.7399599552e-02    0.0000000000e+00
    2.7499299496e-02    0.0000000000e+00
    2.7599100024e-02    0.0000000000e+00
    2.7698799968e-02    0.0000000000e+00
    2.7799800038e-02    0.0000000000e+00
    2.7899600565e-02    0.0000000000e+00
    2.7999300510e-02    0.0000000000e+00
    2.8099099174e-02    0.0000000000e+00
    2.8198799118e-02    0.0000000000e+00
    2.8299799189e-02    0.0000000000e+00
    2.8399499133e-02    0.0000000000e+00
    2.8499299660e-02    0.0000000000e+00
    2.8599100187e-02    0.0000000000e+00
    2.8698800132e-02    0.0000000000e+00
    2.8799800202e-02    0.0000000000e+00
    2.8899500147e-02    0.0000000000e+00
    2.8999300674e-02    0.0000000000e+00
    2.9099000618e-02    0.0000000000e+00
    2.9198799282e-02    0.0000000000e+00
    2.9299799353e-02    0.0000000000e+00
    2.9399499297e-02    0.0000000000e+00
    2.9499299824e-02    0.0000000000e+00
    2.9598999768e-02    0.0000000000e+00
    2.9699999839e-02    0.0000000000e+00
    2.9799500480e-02    0.0000000000e+00
    2.9899500310e-02    0.0000000000e+00
    2.9999600723e-02    0.0000000000e+00
