       301
    0.0000000000e+00    0.0000000000e+00
    9.9796299764e-05    0.0000000000e+00
    1.9904400688e-04    9.7099404073e-09
    2.9883999377e-04    2.5949500326e-08
    3.9985298645e-04    4.2648000687e-08
    4.9964699429e-04    5.8936201697e-08
    5.9944001259e-04    7.5051197257e-08
    6.9923099363e-04    9.0988798718e-08
    7.9902197467e-04    1.0675800155e-07
    8.9881097665e-04    1.2233999769e-07
    9.9981704261e-04    1.3792700315e-07
    1.0995999910e-03    1.5322000024e-07
    1.1993800290e-03    1.6833300265e-07
    1.2991500553e-03    1.8329099305e-07
    1.3989099534e-03    1.9815199437e-07
    1.4998900006e-03    2.1306699693e-07
    1.5996400034e-03    2.2759300577e-07
    1.6993900063e-03    2.4183299274e-07
    1.7991500208e-03    2.5576699159e-07
    1.8989000237e-03    2.6953500765e-07
    1.9998599309e-03    2.8324799928e-07
    2.0995999221e-03    2.9652400713e-07
    2.1993198898e-03    3.0942999274e-07
    2.2990300786e-03    3.2200298961e-07
    2.3999600671e-03    3.3447000192e-07
    2.4996600114e-03    3.4662801340e-07
    2.5993599556e-03    3.5849200231e-07
    2.6990401093e-03    3.7013998622e-07
    2.7999400627e-03    3.8180201045e-07
    2.8996199835e-03    3.9328199364e-07
    2.9995299410e-03    4.0480600205e-07
    3.0992000829e-03    4.1628601366e-07
    3.1995701138e-03    4.2787098664e-07
    3.2989298925e-03    4.3939800776e-07
    3.3990000375e-03    4.5104300739e-07
    3.4992299043e-03    4.6271898668e-07
    3.5994900391e-03    4.7445800533e-07
    3.6991399247e-03    4.8623701332e-07
    3.7988000549e-03    4.9811802683e-07
    3.8990399335e-03    5.1009999424e-07
    3.9989501238e-03    5.2206598866e-07
    4.0998598561e-03    5.3426697377e-07
    4.1998699307e-03    5.4652002746e-07
    4.2999498546e-03    5.5890598105e-07
    4.3994700536e-03    5.7133797782e-07
    4.4998601079e-03    5.8396801705e-07
    4.5997798443e-03    5.9658202645e-07
    4.6998099424e-03    6.0915698441e-07
    4.7999802046e-03    6.2165202053e-07
    4.8988298513e-03    6.3386102056e-07
    4.9999300390e-03    6.4624100560e-07
    5.0996299833e-03    6.5833097551e-07
    5.1989001222e-03    6.7025001727e-07
    5.2991001867e-03    6.8214200155e-07
    5.3996802308e-03    6.9395201763e-07
    5.4994598031e-03    7.0555398679e-07
    5.5996798910e-03    7.1704698712e-07
    5.6989500299e-03    7.2821501362e-07
    5.7990797795e-03    7.3924002209e-07
    5.8993799612e-03    7.5005800682e-07
    5.9988400899e-03    7.6055999898e-07
    6.0993097723e-03    7.7091499406e-07
    6.1997598968e-03    7.8098997847e-07
    6.2993299216e-03    7.9074698078e-07
    6.3995099626e-03    8.0034300254e-07
    6.4997998998e-03    8.0929601154e-07
    6.5998099744e-03    8.1777398009e-07
    6.6993101500e-03    8.2519198941e-07
    6.7994398996e-03    8.3185602762e-07
    6.8993298337e-03    8.3852398802e-07
    6.9996700622e-03    8.4605898110e-07
    7.0990598761e-03    8.5428598595e-07
    7.1994098835e-03    8.6271199962e-07
    7.2998502292e-03    8.7135299509e-07
    7.3997499421e-03    8.7927099912e-07
    7.4998298660e-03    8.8684498678e-07
    7.5995400548e-03    8.9390897529e-07
    7.6990402304e-03    9.0054402335e-07
    7.7999602072e-03    9.0652702056e-07
    7.8996699303e-03    9.1123098400e-07
    7.9996399581e-03    9.1510202083e-07
    8.0990400165e-03    9.1875597263e-07
    8.1995800138e-03    9.2248802730e-07
    8.2996003330e-03    9.2584201639e-07
    8.3998497576e-03    9.2913899152e-07
    8.4999296814e-03    9.3238099907e-07
    8.5993502289e-03    9.3534799817e-07
    8.6998501793e-03    9.3816998969e-07
    8.7996600196e-03    9.4065399026e-07
    8.8993897662e-03    9.4230301784e-07
    8.9999595657e-03    9.4300099818e-07
    9.0991398320e-03    9.4294398423e-07
    9.1992197558e-03    9.4255398153e-07
    9.2996703461e-03    9.4229199021e-07
    9.3999402598e-03    9.4236099812e-07
    9.4997603446e-03    9.4253198313e-07
    9.5999697223e-03    9.4276197160e-07
    9.6994796768e-03    9.4292897757e-07
    9.7993202507e-03    9.4305397624e-07
    9.8995296285e-03    9.4349297797e-07
    9.9999597296e-03    9.4414900786e-07
    1.0099500418e-02    9.4465701750e-07
    1.0199200362e-02    9.4479497648e-07
    1.0299299844e-02    9.4465201528e-07
    1.0399499908e-02    9.4433801223e-07
    1.0499199852e-02    9.4395602446e-07
    1.0599699803e-02    9.4330999900e-07
    1.0699300095e-02    9.4246701110e-07
    1.0799500160e-02    9.4146298579e-07
    1.0899599642e-02    9.4030701803e-07
    1.0999900289e-02    9.3912200327e-07
    1.1099799536e-02    9.3813901003e-07
    1.1199999601e-02    9.3736798590e-07
    1.1299399659e-02    9.3676101187e-07
    1.1399799958e-02    9.3631501841e-07
    1.1499599554e-02    9.3600601758e-07
    1.1599300429e-02    9.3577199323e-07
    1.1699499562e-02    9.3551199143e-07
    1.1799800210e-02    9.3511602017e-07
    1.1899899691e-02    9.3453701311e-07
    1.1999400333e-02    9.3382101340e-07
    1.2099999934e-02    9.3299399850e-07
    1.2199699879e-02    9.3214799790e-07
    1.2299899943e-02    9.3137498425e-07
    1.2399399653e-02    9.3071702167e-07
    1.2499400415e-02    9.3012499747e-07
    1.2599200010e-02    9.2960999609e-07
    1.2699499726e-02    9.2917002803e-07
    1.2799800374e-02    9.2876297231e-07
    1.2899500318e-02    9.2828497600e-07
    1.3000000268e-02    9.2762599024e-07
    1.3099499978e-02    9.2674400776e-07
    1.3199499808e-02    9.2557297648e-07
    1.3299300335e-02    9.2408902219e-07
    1.3399500400e-02    9.2228299309e-07
    1.3499700464e-02    9.2025197773e-07
    1.3599899597e-02    9.1809897640e-07
    1.3699499890e-02    9.1590300144e-07
    1.3799699955e-02    9.1365700428e-07
    1.3899900019e-02    9.1144801218e-07
    1.3999399729e-02    9.0928500640e-07
    1.4099500142e-02    9.0704497779e-07
    1.4199599624e-02    9.0462498292e-07
    1.4299900271e-02    9.0205901415e-07
    1.4399600215e-02    8.9943199555e-07
    1.4499500394e-02    8.9669401859e-07
    1.4599800110e-02    8.9377800805e-07
    1.4699599706e-02    8.9070698550e-07
    1.4799499884e-02    8.8749197857e-07
    1.4899999835e-02    8.8410899934e-07
    1.4999100007e-02    8.8063001158e-07
    1.5100000426e-02    8.7696702167e-07
    1.5199299902e-02    8.7325702225e-07
    1.5299499966e-02    8.6944197619e-07
    1.5399400145e-02    8.6559600732e-07
    1.5499999747e-02    8.6171797875e-07
    1.5599199571e-02    8.5790901494e-07
    1.5699699521e-02    8.5408998984e-07
    1.5799300745e-02    8.5032002062e-07
    1.5899600461e-02    8.4650497456e-07
    1.5999600291e-02    8.4266099520e-07
    1.6099199653e-02    8.3880098600e-07
    1.6199899837e-02    8.3487100255e-07
    1.6299400479e-02    8.3096898607e-07
    1.6399299726e-02    8.2702297277e-07
    1.6499500722e-02    8.2301897919e-07
    1.6599100083e-02    8.1901600879e-07
    1.6699900851e-02    8.1499297266e-07
    1.6799900681e-02    8.1107498318e-07
    1.6899500042e-02    8.0726397300e-07
    1.6999099404e-02    8.0352202758e-07
    1.7099399120e-02    7.9979099610e-07
    1.7199300230e-02    7.9608497572e-07
    1.7299899831e-02    7.9239498518e-07
    1.7399700359e-02    7.8879099874e-07
    1.7499599606e-02    7.8528097447e-07
    1.7599100247e-02    7.8189998476e-07
    1.7698800191e-02    7.7861398040e-07
    1.7799699679e-02    7.7537600873e-07
    1.7899399623e-02    7.7222199479e-07
    1.7999699339e-02    7.6909299196e-07
    1.8099600449e-02    7.6606301036e-07
    1.8200000748e-02    7.6313597219e-07
    1.8299600109e-02    7.6032597462e-07
    1.8399000168e-02    7.5759402307e-07
    1.8500000238e-02    7.5490697782e-07
    1.8599700183e-02    7.5236300745e-07
    1.8699400127e-02    7.4994699162e-07
    1.8799200654e-02    7.4766001035e-07
    1.8898900598e-02    7.4547699569e-07
    1.8999900669e-02    7.4333098610e-07
    1.9099600613e-02    7.4126802474e-07
    1.9199300557e-02    7.3922302590e-07
    1.9299000502e-02    7.3717598070e-07
    1.9400000572e-02    7.3505498221e-07
    1.9499700516e-02    7.3295200309e-07
    1.9599400461e-02    7.3086897601e-07
    1.9699199125e-02    7.2885802638e-07
    1.9798899069e-02    7.2694797382e-07
    1.9899800420e-02    7.2512500537e-07
    1.9999599084e-02    7.2341600799e-07
    2.0099300891e-02    7.2179500421e-07
    2.0199000835e-02    7.2027802389e-07
    2.0300000906e-02    7.1886302067e-07
    2.0399700850e-02    7.1757500564e-07
    2.0499400795e-02    7.1633002108e-07
    2.0599199459e-02    7.1507400889e-07
    2.0698899403e-02    7.1381299449e-07
    2.0799800754e-02    7.1255800549e-07
    2.0899599418e-02    7.1135599455e-07
    2.0999299362e-02    7.1020201631e-07
    2.1099099889e-02    7.0906901328e-07
    2.1198799834e-02    7.0790400741e-07
    2.1299799904e-02    7.0664202667e-07
    2.1399600431e-02    7.0531302754e-07
    2.1499300376e-02    7.0394202112e-07
    2.1599100903e-02    7.0257601692e-07
    2.1698800847e-02    7.0124099238e-07
    2.1799800918e-02    6.9991301643e-07
    2.1899599582e-02    6.9862801411e-07
    2.1999299526e-02    6.9737399144e-07
    2.2099100053e-02    6.9615600751e-07
    2.2198799998e-02    6.9497997401e-07
    2.2299800068e-02    6.9383401069e-07
    2.2399600595e-02    6.9273500003e-07
    2.2499300539e-02    6.9165997729e-07
    2.2599099204e-02    6.9059797170e-07
    2.2698799148e-02    6.8955898769e-07
    2.2799799219e-02    6.8853802304e-07
    2.2899599746e-02    6.8756202154e-07
    2.2999299690e-02    6.8661000796e-07
    2.3099100217e-02    6.8567499056e-07
    2.3199899122e-02    6.8473900683e-07
    2.3299399763e-02    6.8382701102e-07
    2.3399500176e-02    6.8291598154e-07
    2.3499799892e-02    6.8200398573e-07
    2.3599900305e-02    6.8110102802e-07
    2.3699900135e-02    6.8022200139e-07
    2.3799199611e-02    6.7937401127e-07
    2.3899499327e-02    6.7853699193e-07
    2.3999299854e-02    6.7773197543e-07
    2.4100000039e-02    6.7696799988e-07
    2.4199899286e-02    6.7625899192e-07
    2.4299399927e-02    6.7557499506e-07
    2.4399900809e-02    6.7488599598e-07
    2.4499600753e-02    6.7419802008e-07
    2.4599399418e-02    6.7348702260e-07
    2.4699099362e-02    6.7273299464e-07
    2.4798799306e-02    6.7193298037e-07
    2.4899799377e-02    6.7110602231e-07
    2.4999599904e-02    6.7030697437e-07
    2.5099299848e-02    6.6951798772e-07
    2.5198999792e-02    6.6870398996e-07
    2.5298800319e-02    6.6784298269e-07
    2.5399699807e-02    6.6692700784e-07
    2.5499500334e-02    6.6597601744e-07
    2.5599200279e-02    6.6498000706e-07
    2.5699000806e-02    6.6394301257e-07
    2.5799900293e-02    6.6283899969e-07
    2.5899700820e-02    6.6167001478e-07
    2.5999400765e-02    6.6040598767e-07
    2.6099199429e-02    6.5905402380e-07
    2.6198899373e-02    6.5763197199e-07
    2.6299899444e-02    6.5613397737e-07
    2.6399699971e-02    6.5458897325e-07
    2.6499399915e-02    6.5298502250e-07
    2.6599099860e-02    6.5132701366e-07
    2.6698900387e-02    6.4961000135e-07
    2.6799900457e-02    6.4780999764e-07
    2.6899600402e-02    6.4599402094e-07
    2.6999400929e-02    6.4416201440e-07
    2.7099100873e-02    6.4230897578e-07
    2.7198899537e-02    6.4039699055e-07
    2.7299800888e-02    6.3836000663e-07
    2.7399599552e-02    6.3623599544e-07
    2.7499299496e-02    6.3398698558e-07
    2.7599100024e-02    6.3160501895e-07
    2.7698799968e-02    6.2909600729e-07
    2.7799800038e-02    6.2644602394e-07
    2.7899600565e-02    6.2373902665e-07
    2.7999300510e-02    6.2097097953e-07
    2.8099099174e-02    6.1817098640e-07
    2.8198799118e-02    6.1536502471e-07
    2.8299799189e-02    6.1252899286e-07
    2.8399499133e-02    6.0973201244e-07
    2.8499299660e-02    6.0693997739e-07
    2.8599100187e-02    6.0415601411e-07
    2.8698800132e-02    6.0137398350e-07
    2.8799800202e-02    5.9854102119e-07
    2.8899500147e-02    5.9571499378e-07
    2.8999300674e-02    5.9285702037e-07
    2.9099000618e-02    5.8996602093e-07
    2.9198799282e-02    5.8705501260e-07
    2.9299799353e-02    5.8410699921e-07
    2.9399499297e-02    5.8121901247e-07
    2.9499299824e-02    5.7836501810e-07
    2.9598999768e-02    5.7552801991e-07
    2.9699999839e-02    5.7267402553e-07
    2.9799500480e-02    5.6990302255e-07
    2.9899500310e-02    5.6717101415e-07
    2.9999600723e-02    5.6449698604e-07
