       301
    0.0000000000e+00    0.0000000000e+00
    9.9796299764e-05    1.6351099641e-10
    1.9904400688e-04    1.6022500660e-08
    2.9883999377e-04    3.7957700982e-08
    3.9985298645e-04    6.0224202514e-08
    4.9964699429e-04    8.1961800902e-08
    5.9944001259e-04    1.0344899692e-07
    6.9923099363e-04    1.2466600197e-07
    7.9902197467e-04    1.4554700556e-07
    8.9881097665e-04    1.6612399634e-07
    9.9981704261e-04    1.8655900647e-07
    1.0995999910e-03    2.0638199771e-07
    1.1993800290e-03    2.2585300030e-07
    1.2991500553e-03    2.4487098926e-07
    1.3989099534e-03    2.6334899417e-07
    1.4998900006e-03    2.8155798759e-07
    1.5996400034e-03    2.9903500831e-07
    1.6993900063e-03    3.1607100937e-07
    1.7991500208e-03    3.3263299315e-07
    1.8989000237e-03    3.4880099520e-07
    1.9998599309e-03    3.6477999288e-07
    2.0995999221e-03    3.8025200411e-07
    2.1993198898e-03    3.9542800323e-07
    2.2990300786e-03    4.1036400944e-07
    2.3999600671e-03    4.2529799771e-07
    2.4996600114e-03    4.3997599164e-07
    2.5993599556e-03    4.5470000032e-07
    2.6990401093e-03    4.6956699862e-07
    2.7999400627e-03    4.8482502280e-07
    2.8996199835e-03    5.0009299457e-07
    2.9995299410e-03    5.1552399327e-07
    3.0992000829e-03    5.3101399544e-07
    3.1995701138e-03    5.4679401273e-07
    3.2989298925e-03    5.6261097825e-07
    3.3990000375e-03    5.7872000525e-07
    3.4992299043e-03    5.9495198457e-07
    3.5994900391e-03    6.1123898831e-07
    3.6991399247e-03    6.2739098894e-07
    3.7988000549e-03    6.4337302774e-07
    3.8990399335e-03    6.5916100311e-07
    3.9989501238e-03    6.7457000341e-07
    4.0998598561e-03    6.8976902412e-07
    4.1998699307e-03    7.0444900757e-07
    4.2999498546e-03    7.1868299756e-07
    4.3994700536e-03    7.3234997444e-07
    4.4998601079e-03    7.4569999242e-07
    4.5997798443e-03    7.5866500993e-07
    4.6998099424e-03    7.7141601196e-07
    4.7999802046e-03    7.8406901594e-07
    4.8988298513e-03    7.9656598473e-07
    4.9999300390e-03    8.0952298731e-07
    5.0996299833e-03    8.2258401335e-07
    5.1989001222e-03    8.3591902467e-07
    5.2991001867e-03    8.4969900627e-07
    5.3996802308e-03    8.6375001729e-07
    5.4994598031e-03    8.7775498514e-07
    5.5996798910e-03    8.9173698825e-07
    5.6989500299e-03    9.0541897180e-07
    5.7990797795e-03    9.1896799859e-07
    5.8993799612e-03    9.3219898645e-07
    5.9988400899e-03    9.4489399771e-07
    6.0993097723e-03    9.5722600690e-07
    6.1997598968e-03    9.6902795121e-07
    6.2993299216e-03    9.7984104741e-07
    6.3995099626e-03    9.8967905160e-07
    6.4997998998e-03    9.9699900602e-07
    6.5998099744e-03    9.9991905245e-07
    6.6993101500e-03    4.1621798706e+02
    6.7994398996e-03    4.3863598633e+02
    6.8993298337e-03    3.2939801025e+02
    6.9996700622e-03    5.0636600494e+01
    7.0990598761e-03    9.9968201539e-07
    7.1994098835e-03    9.9921999208e-07
    7.2998502292e-03    9.9832504930e-07
    7.3997499421e-03    9.9781300378e-07
    7.4998298660e-03    9.9700901046e-07
    7.5995400548e-03    9.9618102922e-07
    7.6990402304e-03    9.9527494513e-07
    7.7999602072e-03    9.9427995792e-07
    7.8996699303e-03    9.9367002804e-07
    7.9996399581e-03    9.9326405234e-07
    8.0990400165e-03    9.9303701973e-07
    8.1995800138e-03    9.9287899502e-07
    8.2996003330e-03    9.9269300335e-07
    8.3998497576e-03    9.9250405583e-07
    8.4999296814e-03    9.9205794868e-07
    8.5993502289e-03    9.9149997368e-07
    8.6998501793e-03    9.9115095509e-07
    8.7996600196e-03    9.9120995856e-07
    8.8993897662e-03    9.9170699741e-07
    8.9999595657e-03    9.9219698768e-07
    9.0991398320e-03    9.9258500086e-07
    9.1992197558e-03    9.9303497336e-07
    9.2996703461e-03    9.9354497252e-07
    9.3999402598e-03    9.9404701359e-07
    9.4997603446e-03    9.9455496638e-07
    9.5999697223e-03    9.9500903161e-07
    9.6994796768e-03    9.9546298316e-07
    9.7993202507e-03    9.9593398772e-07
    9.8995296285e-03    9.9628903172e-07
    9.9999597296e-03    9.9637600215e-07
    1.0099500418e-02    9.9634803519e-07
    1.0199200362e-02    9.9628903172e-07
    1.0299299844e-02    9.9627504824e-07
    1.0399499908e-02    9.9639794371e-07
    1.0499199852e-02    9.9663805031e-07
    1.0599699803e-02    9.9688202226e-07
    1.0699300095e-02    9.9699104794e-07
    1.0799500160e-02    9.9694796063e-07
    1.0899599642e-02    9.9685098576e-07
    1.0999900289e-02    9.9686201338e-07
    1.1099799536e-02    9.9696603684e-07
    1.1199999601e-02    9.9706903711e-07
    1.1299399659e-02    9.9707096979e-07
    1.1399799958e-02    9.9701298950e-07
    1.1499599554e-02    9.9698399936e-07
    1.1599300429e-02    9.9699195744e-07
    1.1699499562e-02    9.9697695077e-07
    1.1799800210e-02    9.9692897493e-07
    1.1899899691e-02    9.9690396382e-07
    1.1999400333e-02    9.9690305433e-07
    1.2099999934e-02    9.9691396827e-07
    1.2199699879e-02    9.9691999367e-07
    1.2299899943e-02    9.9692101685e-07
    1.2399399653e-02    9.9694898381e-07
    1.2499400415e-02    9.9696796951e-07
    1.2599200010e-02    9.9694796063e-07
    1.2699499726e-02    9.9690998923e-07
    1.2799800374e-02    9.9685405530e-07
    1.2899500318e-02    9.9678800325e-07
    1.3000000268e-02    9.9668704934e-07
    1.3099499978e-02    9.9654505448e-07
    1.3199499808e-02    9.9642500118e-07
    1.3299300335e-02    9.9635099104e-07
    1.3399500400e-02    9.9632802630e-07
    1.3499700464e-02    9.9640897133e-07
    1.3599899597e-02    9.9660303476e-07
    1.3699499890e-02    9.9683597909e-07
    1.3799699955e-02    9.9699400380e-07
    1.3899900019e-02    9.9702401712e-07
    1.3999399729e-02    9.9694796063e-07
    1.4099500142e-02    9.9678595689e-07
    1.4199599624e-02    9.9656597286e-07
    1.4299900271e-02    9.9625799521e-07
    1.4399600215e-02    9.9588100966e-07
    1.4499500394e-02    9.9545695775e-07
    1.4599800110e-02    9.9500596207e-07
    1.4699599706e-02    9.9455303371e-07
    1.4799499884e-02    9.9410101484e-07
    1.4899999835e-02    9.9366900486e-07
    1.4999100007e-02    9.9326098280e-07
    1.5100000426e-02    9.9280202903e-07
    1.5199299902e-02    9.9226599559e-07
    1.5299499966e-02    9.9162605238e-07
    1.5399400145e-02    9.9087901617e-07
    1.5499999747e-02    9.9005603715e-07
    1.5599199571e-02    9.8921202607e-07
    1.5699699521e-02    9.8833004358e-07
    1.5799300745e-02    9.8741497823e-07
    1.5899600461e-02    9.8642203739e-07
    1.5999600291e-02    9.8534599147e-07
    1.6099199653e-02    9.8418195194e-07
    1.6199899837e-02    9.8291104678e-07
    1.6299400479e-02    9.8158204764e-07
    1.6399299726e-02    9.8019802408e-07
    1.6499500722e-02    9.7876795735e-07
    1.6599100083e-02    9.7731799542e-07
    1.6699900851e-02    9.7581903447e-07
    1.6799900681e-02    9.7430995538e-07
    1.6899500042e-02    9.7278098110e-07
    1.6999099404e-02    9.7121494491e-07
    1.7099399120e-02    9.6957694495e-07
    1.7199300230e-02    9.6785902315e-07
    1.7299899831e-02    9.6604594546e-07
    1.7399700359e-02    9.6418898465e-07
    1.7499599606e-02    9.6228995972e-07
    1.7599100247e-02    9.6037103958e-07
    1.7698800191e-02    9.5842301562e-07
    1.7799699679e-02    9.5643702025e-07
    1.7899399623e-02    9.5446603154e-07
    1.7999699339e-02    9.5249799870e-07
    1.8099600449e-02    9.5055702332e-07
    1.8200000748e-02    9.4860001809e-07
    1.8299600109e-02    9.4660100558e-07
    1.8399000168e-02    9.4452002486e-07
    1.8500000238e-02    9.4233200798e-07
    1.8599700183e-02    9.4012500540e-07
    1.8699400127e-02    9.3788599997e-07
    1.8799200654e-02    9.3561800441e-07
    1.8898900598e-02    9.3335097517e-07
    1.8999900669e-02    9.3109701993e-07
    1.9099600613e-02    9.2891201575e-07
    1.9199300557e-02    9.2676799568e-07
    1.9299000502e-02    9.2465000989e-07
    1.9400000572e-02    9.2254100537e-07
    1.9499700516e-02    9.2047599765e-07
    1.9599400461e-02    9.1840900041e-07
    1.9699199125e-02    9.1633000920e-07
    1.9798899069e-02    9.1425300752e-07
    1.9899800420e-02    9.1216799092e-07
    1.9999599084e-02    9.1012600478e-07
    2.0099300891e-02    9.0809800213e-07
    2.0199000835e-02    9.0609501058e-07
    2.0300000906e-02    9.0410600251e-07
    2.0399700850e-02    9.0217702109e-07
    2.0499400795e-02    9.0028299837e-07
    2.0599199459e-02    8.9842598072e-07
    2.0698899403e-02    8.9661398306e-07
    2.0799800754e-02    8.9485200760e-07
    2.0899599418e-02    8.9320099050e-07
    2.0999299362e-02    8.9163097527e-07
    2.1099099889e-02    8.9010501370e-07
    2.1198799834e-02    8.8857200353e-07
    2.1299799904e-02    8.8697100864e-07
    2.1399600431e-02    8.8532499376e-07
    2.1499300376e-02    8.8363100303e-07
    2.1599100903e-02    8.8190500946e-07
    2.1698800847e-02    8.8015599431e-07
    2.1799800918e-02    8.7837599949e-07
    2.1899599582e-02    8.7660902182e-07
    2.1999299526e-02    8.7483601874e-07
    2.2099100053e-02    8.7304800900e-07
    2.2198799998e-02    8.7121497927e-07
    2.2299800068e-02    8.6929202325e-07
    2.2399600595e-02    8.6731597548e-07
    2.2499300539e-02    8.6526699761e-07
    2.2599099204e-02    8.6315998260e-07
    2.2698799148e-02    8.6100300223e-07
    2.2799799219e-02    8.5876598632e-07
    2.2899599746e-02    8.5649401171e-07
    2.2999299690e-02    8.5415501871e-07
    2.3099100217e-02    8.5175798858e-07
    2.3199899122e-02    8.4929598643e-07
    2.3299399763e-02    8.4684501189e-07
    2.3399500176e-02    8.4436300085e-07
    2.3499799892e-02    8.4185597871e-07
    2.3599900305e-02    8.3932701500e-07
    2.3699900135e-02    8.3677701923e-07
    2.3799199611e-02    8.3423498154e-07
    2.3899499327e-02    8.3168100673e-07
    2.3999299854e-02    8.2913197730e-07
    2.4100000039e-02    8.2653997424e-07
    2.4199899286e-02    8.2394200263e-07
    2.4299399927e-02    8.2132999069e-07
    2.4399900809e-02    8.1865897528e-07
    2.4499600753e-02    8.1596300561e-07
    2.4599399418e-02    8.1322900769e-07
    2.4699099362e-02    8.1047500089e-07
    2.4798799306e-02    8.0772002775e-07
    2.4899799377e-02    8.0494902477e-07
    2.4999599904e-02    8.0224600651e-07
    2.5099299848e-02    7.9956902255e-07
    2.5198999792e-02    7.9690698840e-07
    2.5298800319e-02    7.9424700061e-07
    2.5399699807e-02    7.9154699506e-07
    2.5499500334e-02    7.8886898791e-07
    2.5599200279e-02    7.8617597410e-07
    2.5699000806e-02    7.8346698729e-07
    2.5799900293e-02    7.8071599319e-07
    2.5899700820e-02    7.7798699749e-07
    2.5999400765e-02    7.7524998687e-07
    2.6099199429e-02    7.7252997244e-07
    2.6198899373e-02    7.6984599673e-07
    2.6299899444e-02    7.6717299180e-07
    2.6399699971e-02    7.6457297382e-07
    2.6499399915e-02    7.6199597743e-07
    2.6599099860e-02    7.5942898548e-07
    2.6698900387e-02    7.5687199796e-07
    2.6799900457e-02    7.5430801871e-07
    2.6899600402e-02    7.5181202419e-07
    2.6999400929e-02    7.4936099281e-07
    2.7099100873e-02    7.4695998364e-07
    2.7198899537e-02    7.4461701161e-07
    2.7299800888e-02    7.4231502367e-07
    2.7399599552e-02    7.4010398521e-07
    2.7499299496e-02    7.3795501976e-07
    2.7599100024e-02    7.3587301586e-07
    2.7698799968e-02    7.3386502208e-07
    2.7799800038e-02    7.3192302352e-07
    2.7899600565e-02    7.3009897505e-07
    2.7999300510e-02    7.2835797482e-07
    2.8099099174e-02    7.2668700568e-07
    2.8198799118e-02    7.2506901461e-07
    2.8299799189e-02    7.2347597779e-07
    2.8399499133e-02    7.2194899303e-07
    2.8499299660e-02    7.2047100730e-07
    2.8599100187e-02    7.1903997423e-07
    2.8698800132e-02    7.1764202403e-07
    2.8799800202e-02    7.1625800047e-07
    2.8899500147e-02    7.1492200959e-07
    2.8999300674e-02    7.1363098186e-07
    2.9099000618e-02    7.1239901445e-07
    2.9198799282e-02    7.1123099588e-07
    2.9299799353e-02    7.1009998237e-07
    2.9399499297e-02    7.0901597837e-07
    2.9499299824e-02    7.0795499596e-07
    2.9598999768e-02    7.0693101861e-07
    2.9699999839e-02    7.0594398949e-07
    2.9799500480e-02    7.0501999971e-07
    2.9899500310e-02    7.0413602771e-07
    2.9999600723e-02    7.0328201218e-07
