       301
    0.0000000000e+00    0.0000000000e+00
    9.9796299764e-05    0.0000000000e+00
    1.9904400688e-04    1.0905299774e-08
    2.9883999377e-04    2.8135600516e-08
    3.9985298645e-04    4.6020801392e-08
    4.9964699429e-04    6.3605199330e-08
    5.9944001259e-04    8.1104900573e-08
    6.9923099363e-04    9.8478096788e-08
    7.9902197467e-04    1.1573899883e-07
    8.9881097665e-04    1.3308699920e-07
    9.9981704261e-04    1.5070699533e-07
    1.0995999910e-03    1.6818700033e-07
    1.1993800290e-03    1.8590300499e-07
    1.2991500553e-03    2.0390399413e-07
    1.3989099534e-03    2.2207299821e-07
    1.4998900006e-03    2.4082999062e-07
    1.5996400034e-03    2.5967298711e-07
    1.6993900063e-03    2.7898801136e-07
    1.7991500208e-03    2.9880499142e-07
    1.8989000237e-03    3.1908999176e-07
    1.9998599309e-03    3.4008701277e-07
    2.0995999221e-03    3.6126701275e-07
    2.1993198898e-03    3.8266199454e-07
    2.2990300786e-03    4.0400701096e-07
    2.3999600671e-03    4.2524700916e-07
    2.4996600114e-03    4.4565200596e-07
    2.5993599556e-03    4.6543999588e-07
    2.6990401093e-03    4.8447901690e-07
    2.7999400627e-03    5.0280999631e-07
    2.8996199835e-03    5.1991497685e-07
    2.9995299410e-03    5.3610000350e-07
    3.0992000829e-03    5.5131101817e-07
    3.1995701138e-03    5.6572497442e-07
    3.2989298925e-03    5.7918197172e-07
    3.3990000375e-03    5.9212499082e-07
    3.4992299043e-03    6.0469398022e-07
    3.5994900391e-03    6.1694902342e-07
    3.6991399247e-03    6.2884100771e-07
    3.7988000549e-03    6.4055200255e-07
    3.8990399335e-03    6.5238998559e-07
    3.9989501238e-03    6.6457101866e-07
    4.0998598561e-03    6.7746202603e-07
    4.1998699307e-03    6.9106101819e-07
    4.2999498546e-03    7.0569097943e-07
    4.3994700536e-03    7.2132701234e-07
    4.4998601079e-03    7.3808098477e-07
    4.5997798443e-03    7.5549201028e-07
    4.6998099424e-03    7.7335397464e-07
    4.7999802046e-03    7.9136697195e-07
    4.8988298513e-03    8.0871001273e-07
    4.9999300390e-03    8.2541998836e-07
    5.0996299833e-03    8.4052499005e-07
    5.1989001222e-03    8.5405298478e-07
    5.2991001867e-03    8.6621298578e-07
    5.3996802308e-03    8.7711600827e-07
    5.4994598031e-03    8.8697902356e-07
    5.5996798910e-03    8.9637097744e-07
    5.6989500299e-03    9.0561798061e-07
    5.7990797795e-03    9.1527397217e-07
    5.8993799612e-03    9.2564300758e-07
    5.9988400899e-03    9.3679898328e-07
    6.0993097723e-03    9.4891197477e-07
    6.1997598968e-03    9.6174994724e-07
    6.2993299216e-03    9.7508200270e-07
    6.3995099626e-03    9.8825705663e-07
    6.4997998998e-03    9.9847102319e-07
    6.5998099744e-03    9.7371301270e+02
    6.6993101500e-03    6.8355401611e+02
    6.7994398996e-03    1.9658500671e+02
    6.8993298337e-03    9.9916201179e-07
    6.9996700622e-03    9.9752401184e-07
    7.0990598761e-03    9.9592705283e-07
    7.1994098835e-03    9.9463295555e-07
    7.2998502292e-03    9.9334795323e-07
    7.3997499421e-03    9.9165799838e-07
    7.4998298660e-03    9.8965404050e-07
    7.5995400548e-03    9.8764803624e-07
    7.6990402304e-03    9.8601196896e-07
    7.7999602072e-03    9.8467103271e-07
    7.8996699303e-03    9.8412999705e-07
    7.9996399581e-03    9.8369696389e-07
    8.0990400165e-03    9.8302200513e-07
    8.1995800138e-03    9.8189400433e-07
    8.2996003330e-03    9.8086695743e-07
    8.3998497576e-03    9.8037901353e-07
    8.4999296814e-03    9.8050804809e-07
    8.5993502289e-03    9.8093300949e-07
    8.6998501793e-03    9.8093198631e-07
    8.7996600196e-03    9.8055204489e-07
    8.8993897662e-03    9.8029704532e-07
    8.9999595657e-03    9.7982399438e-07
    9.0991398320e-03    9.7917904895e-07
    9.1992197558e-03    9.7854194792e-07
    9.2996703461e-03    9.7801705579e-07
    9.3999402598e-03    9.7721897419e-07
    9.4997603446e-03    9.7596205251e-07
    9.5999697223e-03    9.7468603144e-07
    9.6994796768e-03    9.7409895261e-07
    9.7993202507e-03    9.7387294318e-07
    9.8995296285e-03    9.7360202744e-07
    9.9999597296e-03    9.7331701454e-07
    1.0099500418e-02    9.7316501524e-07
    1.0199200362e-02    9.7309498415e-07
    1.0299299844e-02    9.7298595847e-07
    1.0399499908e-02    9.7284396361e-07
    1.0499199852e-02    9.7284703315e-07
    1.0599699803e-02    9.7307895430e-07
    1.0699300095e-02    9.7335100691e-07
    1.0799500160e-02    9.7354995887e-07
    1.0899599642e-02    9.7362101315e-07
    1.0999900289e-02    9.7367694707e-07
    1.1099799536e-02    9.7365204965e-07
    1.1199999601e-02    9.7351198747e-07
    1.1299399659e-02    9.7330803328e-07
    1.1399799958e-02    9.7309998637e-07
    1.1499599554e-02    9.7297197499e-07
    1.1599300429e-02    9.7292502232e-07
    1.1699499562e-02    9.7292104329e-07
    1.1799800210e-02    9.7285203537e-07
    1.1899899691e-02    9.7262602594e-07
    1.1999400333e-02    9.7220697626e-07
    1.2099999934e-02    9.7162399015e-07
    1.2199699879e-02    9.7095096407e-07
    1.2299899943e-02    9.7021904821e-07
    1.2399399653e-02    9.6944995676e-07
    1.2499400415e-02    9.6873100119e-07
    1.2599200010e-02    9.6813505479e-07
    1.2699499726e-02    9.6766700608e-07
    1.2799800374e-02    9.6738494904e-07
    1.2899500318e-02    9.6721805676e-07
    1.3000000268e-02    9.6712199138e-07
    1.3099499978e-02    9.6703399777e-07
    1.3199499808e-02    9.6688597750e-07
    1.3299300335e-02    9.6667895377e-07
    1.3399500400e-02    9.6644998848e-07
    1.3499700464e-02    9.6634801139e-07
    1.3599899597e-02    9.6636904345e-07
    1.3699499890e-02    9.6643896086e-07
    1.3799699955e-02    9.6651899639e-07
    1.3899900019e-02    9.6658300208e-07
    1.3999399729e-02    9.6668895821e-07
    1.4099500142e-02    9.6683402262e-07
    1.4199599624e-02    9.6706799013e-07
    1.4299900271e-02    9.6733697319e-07
    1.4399600215e-02    9.6754001788e-07
    1.4499500394e-02    9.6763301372e-07
    1.4599800110e-02    9.6767894320e-07
    1.4699599706e-02    9.6773396763e-07
    1.4799499884e-02    9.6777398539e-07
    1.4899999835e-02    9.6777398539e-07
    1.4999100007e-02    9.6773703717e-07
    1.5100000426e-02    9.6768701496e-07
    1.5199299902e-02    9.6766700608e-07
    1.5299499966e-02    9.6766405022e-07
    1.5399400145e-02    9.6765495528e-07
    1.5499999747e-02    9.6763403690e-07
    1.5599199571e-02    9.6761800705e-07
    1.5699699521e-02    9.6757003121e-07
    1.5799300745e-02    9.6745395695e-07
    1.5899600461e-02    9.6722794751e-07
    1.5999600291e-02    9.6689404927e-07
    1.6099199653e-02    9.6650194337e-07
    1.6199899837e-02    9.6608596323e-07
    1.6299400479e-02    9.6564599517e-07
    1.6399299726e-02    9.6512701475e-07
    1.6499500722e-02    9.6449696230e-07
    1.6599100083e-02    9.6378096259e-07
    1.6699900851e-02    9.6300095720e-07
    1.6799900681e-02    9.6222004231e-07
    1.6899500042e-02    9.6148005468e-07
    1.6999099404e-02    9.6080998446e-07
    1.7099399120e-02    9.6016196949e-07
    1.7199300230e-02    9.5943005363e-07
    1.7299899831e-02    9.5851601145e-07
    1.7399700359e-02    9.5740199413e-07
    1.7499599606e-02    9.5609902928e-07
    1.7599100247e-02    9.5468999461e-07
    1.7698800191e-02    9.5323798632e-07
    1.7799699679e-02    9.5179797199e-07
    1.7899399623e-02    9.5043299098e-07
    1.7999699339e-02    9.4902702585e-07
    1.8099600449e-02    9.4748099855e-07
    1.8200000748e-02    9.4570901865e-07
    1.8299600109e-02    9.4375002391e-07
    1.8399000168e-02    9.4169297427e-07
    1.8500000238e-02    9.3955202374e-07
    1.8599700183e-02    9.3739902240e-07
    1.8699400127e-02    9.3521998679e-07
    1.8799200654e-02    9.3301201787e-07
    1.8898900598e-02    9.3080200259e-07
    1.8999900669e-02    9.2859500000e-07
    1.9099600613e-02    9.2645200311e-07
    1.9199300557e-02    9.2437898047e-07
    1.9299000502e-02    9.2235399052e-07
    1.9400000572e-02    9.2034497357e-07
    1.9499700516e-02    9.1836199090e-07
    1.9599400461e-02    9.1638798949e-07
    1.9699199125e-02    9.1444599093e-07
    1.9798899069e-02    9.1256998758e-07
    1.9899800420e-02    9.1076498165e-07
    1.9999599084e-02    9.0905302841e-07
    2.0099300891e-02    9.0734397418e-07
    2.0199000835e-02    9.0556301302e-07
    2.0300000906e-02    9.0367302619e-07
    2.0399700850e-02    9.0174700063e-07
    2.0499400795e-02    8.9979397444e-07
    2.0599199459e-02    8.9784799684e-07
    2.0698899403e-02    8.9589201480e-07
    2.0799800754e-02    8.9387799562e-07
    2.0899599418e-02    8.9183600949e-07
    2.0999299362e-02    8.8975400558e-07
    2.1099099889e-02    8.8766302042e-07
    2.1198799834e-02    8.8558897460e-07
    2.1299799904e-02    8.8347798055e-07
    2.1399600431e-02    8.8133600684e-07
    2.1499300376e-02    8.7908500745e-07
    2.1599100903e-02    8.7670900939e-07
    2.1698800847e-02    8.7424399453e-07
    2.1799800918e-02    8.7173697239e-07
    2.1899599582e-02    8.6928997689e-07
    2.1999299526e-02    8.6689999534e-07
    2.2099100053e-02    8.6456498138e-07
    2.2198799998e-02    8.6225702489e-07
    2.2299800068e-02    8.5991297283e-07
    2.2399600595e-02    8.5756101953e-07
    2.2499300539e-02    8.5517598336e-07
    2.2599099204e-02    8.5277901007e-07
    2.2698799148e-02    8.5039300757e-07
    2.2799799219e-02    8.4801297362e-07
    2.2899599746e-02    8.4570501713e-07
    2.2999299690e-02    8.4342298123e-07
    2.3099100217e-02    8.4114401488e-07
    2.3199899122e-02    8.3882900981e-07
    2.3299399763e-02    8.3653998217e-07
    2.3399500176e-02    8.3421997488e-07
    2.3499799892e-02    8.3181902255e-07
    2.3599900305e-02    8.2930699818e-07
    2.3699900135e-02    8.2669697576e-07
    2.3799199611e-02    8.2404000068e-07
    2.3899499327e-02    8.2132402213e-07
    2.3999299854e-02    8.1864300228e-07
    2.4100000039e-02    8.1595402435e-07
    2.4199899286e-02    8.1328897750e-07
    2.4299399927e-02    8.1058897194e-07
    2.4399900809e-02    8.0773799027e-07
    2.4499600753e-02    8.0476797848e-07
    2.4599399418e-02    8.0168297245e-07
    2.4699099362e-02    7.9851201917e-07
    2.4798799306e-02    7.9526699892e-07
    2.4899799377e-02    7.9193097235e-07
    2.4999599904e-02    7.8862501596e-07
    2.5099299848e-02    7.8533901160e-07
    2.5198999792e-02    7.8210797483e-07
    2.5298800319e-02    7.7894998185e-07
    2.5399699807e-02    7.7584098790e-07
    2.5499500334e-02    7.7285301359e-07
    2.5599200279e-02    7.6993501352e-07
    2.5699000806e-02    7.6707897279e-07
    2.5799900293e-02    7.6424498729e-07
    2.5899700820e-02    7.6146397987e-07
    2.5999400765e-02    7.5870400451e-07
    2.6099199429e-02    7.5599399452e-07
    2.6198899373e-02    7.5336697591e-07
    2.6299899444e-02    7.5081499062e-07
    2.6399699971e-02    7.4838101227e-07
    2.6499399915e-02    7.4600200151e-07
    2.6599099860e-02    7.4367000025e-07
    2.6698900387e-02    7.4140200468e-07
    2.6799900457e-02    7.3919500210e-07
    2.6899600402e-02    7.3712300264e-07
    2.6999400929e-02    7.3515599297e-07
    2.7099100873e-02    7.3327998962e-07
    2.7198899537e-02    7.3148299862e-07
    2.7299800888e-02    7.2974097520e-07
    2.7399599552e-02    7.2808700224e-07
    2.7499299496e-02    7.2646599847e-07
    2.7599100024e-02    7.2483601343e-07
    2.7698799968e-02    7.2316998967e-07
    2.7799800038e-02    7.2144399610e-07
    2.7899600565e-02    7.1971498983e-07
    2.7999300510e-02    7.1798700674e-07
    2.8099099174e-02    7.1630199727e-07
    2.8198799118e-02    7.1471498586e-07
    2.8299799189e-02    7.1322898521e-07
    2.8399499133e-02    7.1187702133e-07
    2.8499299660e-02    7.1061299423e-07
    2.8599100187e-02    7.0939199759e-07
    2.8698800132e-02    7.0816997777e-07
    2.8799800202e-02    7.0691299925e-07
    2.8899500147e-02    7.0565698707e-07
    2.8999300674e-02    7.0441802791e-07
    2.9099000618e-02    7.0322198553e-07
    2.9198799282e-02    7.0207499903e-07
    2.9299799353e-02    7.0097598837e-07
    2.9399499297e-02    6.9996798402e-07
    2.9499299824e-02    6.9905701139e-07
    2.9598999768e-02    6.9826597837e-07
    2.9699999839e-02    6.9757697929e-07
    2.9799500480e-02    6.9698302241e-07
    2.9899500310e-02    6.9646000611e-07
    2.9999600723e-02    6.9598900154e-07
