       301
    0.0000000000e+00    0.0000000000e+00
    9.9796299764e-05    0.0000000000e+00
    1.9904400688e-04    1.0905299774e-08
    2.9883999377e-04    2.8135600516e-08
    3.9985298645e-04    4.6020801392e-08
    4.9964699429e-04    6.3605199330e-08
    5.9944001259e-04    8.1104900573e-08
    6.9923099363e-04    9.8478096788e-08
    7.9902197467e-04    1.1573899883e-07
    8.9881097665e-04    1.3308699920e-07
    9.9981704261e-04    1.5070699533e-07
    1.0995999910e-03    1.6818700033e-07
    1.1993800290e-03    1.8590300499e-07
    1.2991500553e-03    2.0390399413e-07
    1.3989099534e-03    2.2207299821e-07
    1.4998900006e-03    2.4082999062e-07
    1.5996400034e-03    2.5967298711e-07
    1.6993900063e-03    2.7898801136e-07
    1.7991500208e-03    2.9880499142e-07
    1.8989000237e-03    3.1908999176e-07
    1.9998599309e-03    3.4008701277e-07
    2.0995999221e-03    3.6126701275e-07
    2.1993198898e-03    3.8266199454e-07
    2.2990300786e-03    4.0400701096e-07
    2.3999600671e-03    4.2524700916e-07
    2.4996600114e-03    4.4565200596e-07
    2.5993599556e-03    4.6543999588e-07
    2.6990401093e-03    4.8447901690e-07
    2.7999400627e-03    5.0280999631e-07
    2.8996199835e-03    5.1991497685e-07
    2.9995299410e-03    5.3610000350e-07
    3.0992000829e-03    5.5131101817e-07
    3.1995701138e-03    5.6572497442e-07
    3.2989298925e-03    5.7918197172e-07
    3.3990000375e-03    5.9212499082e-07
    3.4992299043e-03    6.0469398022e-07
    3.5994900391e-03    6.1694902342e-07
    3.6991399247e-03    6.2884100771e-07
    3.7988000549e-03    6.4055200255e-07
    3.8990399335e-03    6.5238998559e-07
    3.9989501238e-03    6.6457101866e-07
    4.0998598561e-03    6.7746202603e-07
    4.1998699307e-03    6.9106101819e-07
    4.2999498546e-03    7.0569097943e-07
    4.3994700536e-03    7.2132701234e-07
    4.4998601079e-03    7.3808098477e-07
    4.5997798443e-03    7.5549201028e-07
    4.6998099424e-03    7.7335397464e-07
    4.7999802046e-03    7.9136697195e-07
    4.8988298513e-03    8.0871001273e-07
    4.9999300390e-03    8.2541998836e-07
    5.0996299833e-03    8.4052402372e-07
    5.1989001222e-03    8.5405201844e-07
    5.2991001867e-03    8.6621298578e-07
    5.3996802308e-03    8.7711498509e-07
    5.4994598031e-03    8.8697800038e-07
    5.5996798910e-03    8.9637001111e-07
    5.6989500299e-03    9.0561701427e-07
    5.7990797795e-03    9.1527397217e-07
    5.8993799612e-03    9.2564300758e-07
    5.9988400899e-03    9.3679898328e-07
    6.0993097723e-03    9.4891197477e-07
    6.1997598968e-03    9.6174994724e-07
    6.2993299216e-03    9.7508200270e-07
    6.3995099626e-03    9.8825796613e-07
    6.4997998998e-03    9.9847204638e-07
    6.5998099744e-03    9.7375097656e+02
    6.6993101500e-03    6.8356597900e+02
    6.7994398996e-03    1.9662100220e+02
    6.8993298337e-03    9.9916201179e-07
    6.9996700622e-03    9.9752298865e-07
    7.0990598761e-03    9.9592602965e-07
    7.1994098835e-03    9.9463204606e-07
    7.2998502292e-03    9.9334897641e-07
    7.3997499421e-03    9.9166095424e-07
    7.4998298660e-03    9.8965494999e-07
    7.5995400548e-03    9.8764996892e-07
    7.6990402304e-03    9.8601299214e-07
    7.7999602072e-03    9.8466898635e-07
    7.8996699303e-03    9.8412999705e-07
    7.9996399581e-03    9.8369798707e-07
    8.0990400165e-03    9.8302302831e-07
    8.1995800138e-03    9.8189104847e-07
    8.2996003330e-03    9.8086604794e-07
    8.3998497576e-03    9.8037799035e-07
    8.4999296814e-03    9.8050304587e-07
    8.5993502289e-03    9.8092800727e-07
    8.6998501793e-03    9.8092903045e-07
    8.7996600196e-03    9.8054795217e-07
    8.8993897662e-03    9.8029704532e-07
    8.9999595657e-03    9.7982501757e-07
    9.0991398320e-03    9.7917597941e-07
    9.1992197558e-03    9.7853796888e-07
    9.2996703461e-03    9.7801705579e-07
    9.3999402598e-03    9.7722102055e-07
    9.4997603446e-03    9.7596603155e-07
    9.5999697223e-03    9.7469001048e-07
    9.6994796768e-03    9.7410099897e-07
    9.7993202507e-03    9.7387396636e-07
    9.8995296285e-03    9.7360396012e-07
    9.9999597296e-03    9.7331803772e-07
    1.0099500418e-02    9.7316501524e-07
    1.0199200362e-02    9.7309396097e-07
    1.0299299844e-02    9.7298095625e-07
    1.0399499908e-02    9.7283805189e-07
    1.0499199852e-02    9.7284100775e-07
    1.0599699803e-02    9.7307497526e-07
    1.0699300095e-02    9.7334702787e-07
    1.0799500160e-02    9.7354904938e-07
    1.0899599642e-02    9.7362203633e-07
    1.0999900289e-02    9.7367797025e-07
    1.1099799536e-02    9.7365295915e-07
    1.1199999601e-02    9.7351403383e-07
    1.1299399659e-02    9.7330996596e-07
    1.1399799958e-02    9.7310203273e-07
    1.1499599554e-02    9.7297299817e-07
    1.1599300429e-02    9.7292502232e-07
    1.1699499562e-02    9.7292104329e-07
    1.1799800210e-02    9.7285203537e-07
    1.1899899691e-02    9.7262602594e-07
    1.1999400333e-02    9.7220697626e-07
    1.2099999934e-02    9.7162399015e-07
    1.2199699879e-02    9.7095096407e-07
    1.2299899943e-02    9.7021904821e-07
    1.2399399653e-02    9.6944904726e-07
    1.2499400415e-02    9.6872997801e-07
    1.2599200010e-02    9.6813403161e-07
    1.2699499726e-02    9.6766598290e-07
    1.2799800374e-02    9.6738494904e-07
    1.2899500318e-02    9.6721805676e-07
    1.3000000268e-02    9.6712096820e-07
    1.3099499978e-02    9.6703297459e-07
    1.3199499808e-02    9.6688597750e-07
    1.3299300335e-02    9.6667895377e-07
    1.3399500400e-02    9.6645101166e-07
    1.3499700464e-02    9.6634994406e-07
    1.3599899597e-02    9.6637097613e-07
    1.3699499890e-02    9.6643998404e-07
    1.3799699955e-02    9.6652001957e-07
    1.3899900019e-02    9.6658402526e-07
    1.3999399729e-02    9.6669100458e-07
    1.4099500142e-02    9.6683504580e-07
    1.4199599624e-02    9.6707003649e-07
    1.4299900271e-02    9.6734095223e-07
    1.4399600215e-02    9.6754797596e-07
    1.4499500394e-02    9.6764199498e-07
    1.4599800110e-02    9.6768701496e-07
    1.4699599706e-02    9.6774203939e-07
    1.4799499884e-02    9.6778194347e-07
    1.4899999835e-02    9.6778103398e-07
    1.4999100007e-02    9.6774397207e-07
    1.5100000426e-02    9.6769304037e-07
    1.5199299902e-02    9.6767303148e-07
    1.5299499966e-02    9.6766905244e-07
    1.5399400145e-02    9.6765995750e-07
    1.5499999747e-02    9.6763801594e-07
    1.5599199571e-02    9.6762096291e-07
    1.5699699521e-02    9.6757298707e-07
    1.5799300745e-02    9.6745600331e-07
    1.5899600461e-02    9.6722794751e-07
    1.5999600291e-02    9.6689495876e-07
    1.6099199653e-02    9.6650296655e-07
    1.6199899837e-02    9.6608800959e-07
    1.6299400479e-02    9.6564804153e-07
    1.6399299726e-02    9.6512997061e-07
    1.6499500722e-02    9.6450003184e-07
    1.6599100083e-02    9.6378403214e-07
    1.6699900851e-02    9.6300402674e-07
    1.6799900681e-02    9.6222299817e-07
    1.6899500042e-02    9.6148301054e-07
    1.6999099404e-02    9.6081305401e-07
    1.7099399120e-02    9.6016503903e-07
    1.7199300230e-02    9.5943403267e-07
    1.7299899831e-02    9.5851999049e-07
    1.7399700359e-02    9.5740699635e-07
    1.7499599606e-02    9.5610403150e-07
    1.7599100247e-02    9.5469602002e-07
    1.7698800191e-02    9.5324298854e-07
    1.7799699679e-02    9.5180399740e-07
    1.7899399623e-02    9.5043799320e-07
    1.7999699339e-02    9.4903100489e-07
    1.8099600449e-02    9.4748600077e-07
    1.8200000748e-02    9.4571299769e-07
    1.8299600109e-02    9.4375502613e-07
    1.8399000168e-02    9.4169701015e-07
    1.8500000238e-02    9.3955702596e-07
    1.8599700183e-02    9.3740499096e-07
    1.8699400127e-02    9.3522601219e-07
    1.8799200654e-02    9.3301798643e-07
    1.8898900598e-02    9.3080700481e-07
    1.8999900669e-02    9.2860000223e-07
    1.9099600613e-02    9.2645501582e-07
    1.9199300557e-02    9.2438102683e-07
    1.9299000502e-02    9.2235501370e-07
    1.9400000572e-02    9.2034497357e-07
    1.9499700516e-02    9.1836102456e-07
    1.9599400461e-02    9.1638599997e-07
    1.9699199125e-02    9.1444400141e-07
    1.9798899069e-02    9.1256902124e-07
    1.9899800420e-02    9.1076299213e-07
    1.9999599084e-02    9.0905098205e-07
    2.0099300891e-02    9.0734198466e-07
    2.0199000835e-02    9.0556102350e-07
    2.0300000906e-02    9.0367097982e-07
    2.0399700850e-02    9.0174501111e-07
    2.0499400795e-02    8.9979300810e-07
    2.0599199459e-02    8.9784697366e-07
    2.0698899403e-02    8.9589002528e-07
    2.0799800754e-02    8.9387498292e-07
    2.0899599418e-02    8.9183401997e-07
    2.0999299362e-02    8.8975099288e-07
    2.1099099889e-02    8.8766097406e-07
    2.1198799834e-02    8.8558698508e-07
    2.1299799904e-02    8.8347701421e-07
    2.1399600431e-02    8.8133498366e-07
    2.1499300376e-02    8.7908500745e-07
    2.1599100903e-02    8.7670798621e-07
    2.1698800847e-02    8.7424302819e-07
    2.1799800918e-02    8.7173498287e-07
    2.1899599582e-02    8.6928798737e-07
    2.1999299526e-02    8.6689800582e-07
    2.2099100053e-02    8.6456202553e-07
    2.2198799998e-02    8.6225401219e-07
    2.2299800068e-02    8.5990899379e-07
    2.2399600595e-02    8.5755698365e-07
    2.2499300539e-02    8.5517200432e-07
    2.2599099204e-02    8.5277497419e-07
    2.2698799148e-02    8.5038800535e-07
    2.2799799219e-02    8.4800802824e-07
    2.2899599746e-02    8.4570001491e-07
    2.2999299690e-02    8.4341797901e-07
    2.3099100217e-02    8.4113798948e-07
    2.3199899122e-02    8.3882400759e-07
    2.3299399763e-02    8.3653497995e-07
    2.3399500176e-02    8.3421497266e-07
    2.3499799892e-02    8.3181498667e-07
    2.3599900305e-02    8.2930301915e-07
    2.3699900135e-02    8.2669299672e-07
    2.3799199611e-02    8.2403698798e-07
    2.3899499327e-02    8.2132197576e-07
    2.3999299854e-02    8.1864197909e-07
    2.4100000039e-02    8.1595300117e-07
    2.4199899286e-02    8.1328897750e-07
    2.4299399927e-02    8.1058897194e-07
    2.4399900809e-02    8.0773901345e-07
    2.4499600753e-02    8.0476900166e-07
    2.4599399418e-02    8.0168399563e-07
    2.4699099362e-02    7.9851201917e-07
    2.4798799306e-02    7.9526699892e-07
    2.4899799377e-02    7.9193097235e-07
    2.4999599904e-02    7.8862501596e-07
    2.5099299848e-02    7.8533901160e-07
    2.5198999792e-02    7.8210797483e-07
    2.5298800319e-02    7.7894901551e-07
    2.5399699807e-02    7.7584002156e-07
    2.5499500334e-02    7.7285102407e-07
    2.5599200279e-02    7.6993200082e-07
    2.5699000806e-02    7.6707601693e-07
    2.5799900293e-02    7.6424197459e-07
    2.5899700820e-02    7.6146102401e-07
    2.5999400765e-02    7.5870298133e-07
    2.6099199429e-02    7.5599501770e-07
    2.6198899373e-02    7.5336799910e-07
    2.6299899444e-02    7.5081698014e-07
    2.6399699971e-02    7.4838402497e-07
    2.6499399915e-02    7.4600598055e-07
    2.6599099860e-02    7.4367301295e-07
    2.6698900387e-02    7.4140399420e-07
    2.6799900457e-02    7.3919602528e-07
    2.6899600402e-02    7.3712197945e-07
    2.6999400929e-02    7.3515298027e-07
    2.7099100873e-02    7.3327601058e-07
    2.7198899537e-02    7.3147697321e-07
    2.7299800888e-02    7.2973398346e-07
    2.7399599552e-02    7.2807898732e-07
    2.7499299496e-02    7.2645701721e-07
    2.7599100024e-02    7.2482600899e-07
    2.7698799968e-02    7.2315799571e-07
    2.7799800038e-02    7.2143097896e-07
    2.7899600565e-02    7.1969901683e-07
    2.7999300510e-02    7.1796898737e-07
    2.8099099174e-02    7.1628301157e-07
    2.8198799118e-02    7.1469298746e-07
    2.8299799189e-02    7.1320602046e-07
    2.8399499133e-02    7.1185297656e-07
    2.8499299660e-02    7.1058798312e-07
    2.8599100187e-02    7.0936698648e-07
    2.8698800132e-02    7.0814400033e-07
    2.8799800202e-02    7.0688702181e-07
    2.8899500147e-02    7.0563100962e-07
    2.8999300674e-02    7.0439199362e-07
    2.9099000618e-02    7.0319498491e-07
    2.9198799282e-02    7.0204799840e-07
    2.9299799353e-02    7.0094898774e-07
    2.9399499297e-02    6.9994200658e-07
    2.9499299824e-02    6.9903097710e-07
    2.9598999768e-02    6.9823897775e-07
    2.9699999839e-02    6.9754901233e-07
    2.9799500480e-02    6.9695499860e-07
    2.9899500310e-02    6.9643300549e-07
    2.9999600723e-02    6.9596097774e-07
