       301
    0.0000000000e+00    0.0000000000e+00
    9.9796299764e-05    0.0000000000e+00
    1.9904400688e-04    6.7075900390e-09
    2.9883999377e-04    1.9877999691e-08
    3.9985298645e-04    3.3626498919e-08
    4.9964699429e-04    4.7102300726e-08
    5.9944001259e-04    6.0454198092e-08
    6.9923099363e-04    7.3583201754e-08
    7.9902197467e-04    8.6540801192e-08
    8.9881097665e-04    9.9406797460e-08
    9.9981704261e-04    1.1245099785e-07
    1.0995999910e-03    1.2519400627e-07
    1.1993800290e-03    1.3780800145e-07
    1.2991500553e-03    1.5041099743e-07
    1.3989099534e-03    1.6308899831e-07
    1.4998900006e-03    1.7600599733e-07
    1.5996400034e-03    1.8863799767e-07
    1.6993900063e-03    2.0124099365e-07
    1.7991500208e-03    2.1391700500e-07
    1.8989000237e-03    2.2671800082e-07
    1.9998599309e-03    2.3984000563e-07
    2.0995999221e-03    2.5293900308e-07
    2.1993198898e-03    2.6620600124e-07
    2.2990300786e-03    2.7974800787e-07
    2.3999600671e-03    2.9368499099e-07
    2.4996600114e-03    3.0779600024e-07
    2.5993599556e-03    3.2223800872e-07
    2.6990401093e-03    3.3690699297e-07
    2.7999400627e-03    3.5206198845e-07
    2.8996199835e-03    3.6736000197e-07
    2.9995299410e-03    3.8288300175e-07
    3.0992000829e-03    3.9840000454e-07
    3.1995701138e-03    4.1400400619e-07
    3.2989298925e-03    4.2932799715e-07
    3.3990000375e-03    4.4465099336e-07
    3.4992299043e-03    4.5990799435e-07
    3.5994900391e-03    4.7508299872e-07
    3.6991399247e-03    4.9007502412e-07
    3.7988000549e-03    5.0480201708e-07
    3.8990399335e-03    5.1920898159e-07
    3.9989501238e-03    5.3315500281e-07
    4.0998598561e-03    5.4674501371e-07
    4.1998699307e-03    5.5967700519e-07
    4.2999498546e-03    5.7204198356e-07
    4.3994700536e-03    5.8381601775e-07
    4.4998601079e-03    5.9530498220e-07
    4.5997798443e-03    6.0652001821e-07
    4.6998099424e-03    6.1760601966e-07
    4.7999802046e-03    6.2875602680e-07
    4.8988298513e-03    6.3992098376e-07
    4.9999300390e-03    6.5157297513e-07
    5.0996299833e-03    6.6326697379e-07
    5.1989001222e-03    6.7507897938e-07
    5.2991001867e-03    6.8710301093e-07
    5.3996802308e-03    6.9904399425e-07
    5.4994598031e-03    7.1055802664e-07
    5.5996798910e-03    7.2172900900e-07
    5.6989500299e-03    7.3243597853e-07
    5.7990797795e-03    7.4290198881e-07
    5.8993799612e-03    7.5314602554e-07
    5.9988400899e-03    7.6322601217e-07
    6.0993097723e-03    7.7349699268e-07
    6.1997598968e-03    7.8389297187e-07
    6.2993299216e-03    7.9421397459e-07
    6.3995099626e-03    8.0462899632e-07
    6.4997998998e-03    8.1484199654e-07
    6.5998099744e-03    8.2249397337e-07
    6.6993101500e-03    8.3002498741e-07
    6.7994398996e-03    8.3607500301e-07
    6.8993298337e-03    8.4142300238e-07
    6.9996700622e-03    8.4807902567e-07
    7.0990598761e-03    8.5548202833e-07
    7.1994098835e-03    8.6287502654e-07
    7.2998502292e-03    8.7015399686e-07
    7.3997499421e-03    8.7710498065e-07
    7.4998298660e-03    8.8361298367e-07
    7.5995400548e-03    8.9059199126e-07
    7.6990402304e-03    8.9788397872e-07
    7.7999602072e-03    9.0606897629e-07
    7.8996699303e-03    9.1273398084e-07
    7.9996399581e-03    9.1856202289e-07
    8.0990400165e-03    9.2422999387e-07
    8.1995800138e-03    9.2893202464e-07
    8.2996003330e-03    9.3197002116e-07
    8.3998497576e-03    9.3413001423e-07
    8.4999296814e-03    9.3584498018e-07
    8.5993502289e-03    9.3712600346e-07
    8.6998501793e-03    9.3793397582e-07
    8.7996600196e-03    9.3839997817e-07
    8.8993897662e-03    9.3885199703e-07
    8.9999595657e-03    9.3965098813e-07
    9.0991398320e-03    9.4093502412e-07
    9.1992197558e-03    9.4248002824e-07
    9.2996703461e-03    9.4448301979e-07
    9.3999402598e-03    9.4711901966e-07
    9.4997603446e-03    9.4939400697e-07
    9.5999697223e-03    9.5092502761e-07
    9.6994796768e-03    9.5159401781e-07
    9.7993202507e-03    9.5153598068e-07
    9.8995296285e-03    9.5134902267e-07
    9.9999597296e-03    9.5111602150e-07
    1.0099500418e-02    9.5066400263e-07
    1.0199200362e-02    9.4977002618e-07
    1.0299299844e-02    9.4842499720e-07
    1.0399499908e-02    9.4705501397e-07
    1.0499199852e-02    9.4625897873e-07
    1.0599699803e-02    9.4605098866e-07
    1.0699300095e-02    9.4604098422e-07
    1.0799500160e-02    9.4588699540e-07
    1.0899599642e-02    9.4561397646e-07
    1.0999900289e-02    9.4512000715e-07
    1.1099799536e-02    9.4436302334e-07
    1.1199999601e-02    9.4337599421e-07
    1.1299399659e-02    9.4218302138e-07
    1.1399799958e-02    9.4081502766e-07
    1.1499599554e-02    9.3941497425e-07
    1.1599300429e-02    9.3828202807e-07
    1.1699499562e-02    9.3770000831e-07
    1.1799800210e-02    9.3770097465e-07
    1.1899899691e-02    9.3802697165e-07
    1.1999400333e-02    9.3845898164e-07
    1.2099999934e-02    9.3890298558e-07
    1.2199699879e-02    9.3921397593e-07
    1.2299899943e-02    9.3927098987e-07
    1.2399399653e-02    9.3897699571e-07
    1.2499400415e-02    9.3834398740e-07
    1.2599200010e-02    9.3740101192e-07
    1.2699499726e-02    9.3620502639e-07
    1.2799800374e-02    9.3477899554e-07
    1.2899500318e-02    9.3319499683e-07
    1.3000000268e-02    9.3151902547e-07
    1.3099499978e-02    9.2980701538e-07
    1.3199499808e-02    9.2811001196e-07
    1.3299300335e-02    9.2644700089e-07
    1.3399500400e-02    9.2479302793e-07
    1.3499700464e-02    9.2322000000e-07
    1.3599899597e-02    9.2169699428e-07
    1.3699499890e-02    9.2019598696e-07
    1.3799699955e-02    9.1862398222e-07
    1.3899900019e-02    9.1684700010e-07
    1.3999399729e-02    9.1479097364e-07
    1.4099500142e-02    9.1244999112e-07
    1.4199599624e-02    9.0981200174e-07
    1.4299900271e-02    9.0693600896e-07
    1.4399600215e-02    9.0396599717e-07
    1.4499500394e-02    9.0099899808e-07
    1.4599800110e-02    8.9805399739e-07
    1.4699599706e-02    8.9510302814e-07
    1.4799499884e-02    8.9213301635e-07
    1.4899999835e-02    8.8912901219e-07
    1.4999100007e-02    8.8612398486e-07
    1.5100000426e-02    8.8298202172e-07
    1.5199299902e-02    8.7969897322e-07
    1.5299499966e-02    8.7610300170e-07
    1.5399400145e-02    8.7229500423e-07
    1.5499999747e-02    8.6830402779e-07
    1.5599199571e-02    8.6424199708e-07
    1.5699699521e-02    8.6007202071e-07
    1.5799300745e-02    8.5594200527e-07
    1.5899600461e-02    8.5183097553e-07
    1.5999600291e-02    8.4780901943e-07
    1.6099199653e-02    8.4387102106e-07
    1.6199899837e-02    8.3997099409e-07
    1.6299400479e-02    8.3619397628e-07
    1.6399299726e-02    8.3241701532e-07
    1.6499500722e-02    8.2856399786e-07
    1.6599100083e-02    8.2463998297e-07
    1.6699900851e-02    8.2059000306e-07
    1.6799900681e-02    8.1656702378e-07
    1.6899500042e-02    8.1260202478e-07
    1.6999099404e-02    8.0869699559e-07
    1.7099399120e-02    8.0483101783e-07
    1.7199300230e-02    8.0099198385e-07
    1.7299899831e-02    7.9710201817e-07
    1.7399700359e-02    7.9321398516e-07
    1.7499599606e-02    7.8934897374e-07
    1.7599100247e-02    7.8556098515e-07
    1.7698800191e-02    7.8186400287e-07
    1.7799699679e-02    7.7824802247e-07
    1.7899399623e-02    7.7477301375e-07
    1.7999699339e-02    7.7134399135e-07
    1.8099600449e-02    7.6796902704e-07
    1.8200000748e-02    7.6462498555e-07
    1.8299600109e-02    7.6136598182e-07
    1.8399000168e-02    7.5817297329e-07
    1.8500000238e-02    7.5498098795e-07
    1.8599700183e-02    7.5189598192e-07
    1.8699400127e-02    7.4893301871e-07
    1.8799200654e-02    7.4612501066e-07
    1.8898900598e-02    7.4343097367e-07
    1.8999900669e-02    7.4079497381e-07
    1.9099600613e-02    7.3834701197e-07
    1.9199300557e-02    7.3606798878e-07
    1.9299000502e-02    7.3392698141e-07
    1.9400000572e-02    7.3184997973e-07
    1.9499700516e-02    7.2995197797e-07
    1.9599400461e-02    7.2825298503e-07
    1.9699199125e-02    7.2675800311e-07
    1.9798899069e-02    7.2545799412e-07
    1.9899800420e-02    7.2428400699e-07
    1.9999599084e-02    7.2318601951e-07
    2.0099300891e-02    7.2208399615e-07
    2.0199000835e-02    7.2095997439e-07
    2.0300000906e-02    7.1980298344e-07
    2.0399700850e-02    7.1864599249e-07
    2.0499400795e-02    7.1746200092e-07
    2.0599199459e-02    7.1620200970e-07
    2.0698899403e-02    7.1482298836e-07
    2.0799800754e-02    7.1333397500e-07
    2.0899599418e-02    7.1185502293e-07
    2.0999299362e-02    7.1042200034e-07
    2.1099099889e-02    7.0907799454e-07
    2.1198799834e-02    7.0784301442e-07
    2.1299799904e-02    7.0667499585e-07
    2.1399600431e-02    7.0556001219e-07
    2.1499300376e-02    7.0446998279e-07
    2.1599100903e-02    7.0342099434e-07
    2.1698800847e-02    7.0244402650e-07
    2.1799800918e-02    7.0151497766e-07
    2.1899599582e-02    7.0063401836e-07
    2.1999299526e-02    6.9977397743e-07
    2.2099100053e-02    6.9892098509e-07
    2.2198799998e-02    6.9805599878e-07
    2.2299800068e-02    6.9715599693e-07
    2.2399600595e-02    6.9623098398e-07
    2.2499300539e-02    6.9528499580e-07
    2.2599099204e-02    6.9433497174e-07
    2.2698799148e-02    6.9338801723e-07
    2.2799799219e-02    6.9244299539e-07
    2.2899599746e-02    6.9154697258e-07
    2.2999299690e-02    6.9071899134e-07
    2.3099100217e-02    6.8997798053e-07
    2.3199899122e-02    6.8931001351e-07
    2.3299399763e-02    6.8871798931e-07
    2.3399500176e-02    6.8815700160e-07
    2.3499799892e-02    6.8760397198e-07
    2.3599900305e-02    6.8702502176e-07
    2.3699900135e-02    6.8634398076e-07
    2.3799199611e-02    6.8555499411e-07
    2.3899499327e-02    6.8468597192e-07
    2.3999299854e-02    6.8381501706e-07
    2.4100000039e-02    6.8297902089e-07
    2.4199899286e-02    6.8221800120e-07
    2.4299399927e-02    6.8150802690e-07
    2.4399900809e-02    6.8081601512e-07
    2.4499600753e-02    6.8013400778e-07
    2.4599399418e-02    6.7945001092e-07
    2.4699099362e-02    6.7876999310e-07
    2.4798799306e-02    6.7809497750e-07
    2.4899799377e-02    6.7740899112e-07
    2.4999599904e-02    6.7671498982e-07
    2.5099299848e-02    6.7598500664e-07
    2.5198999792e-02    6.7517100888e-07
    2.5298800319e-02    6.7422598704e-07
    2.5399699807e-02    6.7313499130e-07
    2.5499500334e-02    6.7196998543e-07
    2.5599200279e-02    6.7076098276e-07
    2.5699000806e-02    6.6950900646e-07
    2.5799900293e-02    6.6817301558e-07
    2.5899700820e-02    6.6678802568e-07
    2.5999400765e-02    6.6537097609e-07
    2.6099199429e-02    6.6394898113e-07
    2.6198899373e-02    6.6254500553e-07
    2.6299899444e-02    6.6113801722e-07
    2.6399699971e-02    6.5972699304e-07
    2.6499399915e-02    6.5824002604e-07
    2.6599099860e-02    6.5659901338e-07
    2.6698900387e-02    6.5475302335e-07
    2.6799900457e-02    6.5266999627e-07
    2.6899600402e-02    6.5042002007e-07
    2.6999400929e-02    6.4801702138e-07
    2.7099100873e-02    6.4550999923e-07
    2.7198899537e-02    6.4295397806e-07
    2.7299800888e-02    6.4036402136e-07
    2.7399599552e-02    6.3783397763e-07
    2.7499299496e-02    6.3535202344e-07
    2.7599100024e-02    6.3292100094e-07
    2.7698799968e-02    6.3051101051e-07
    2.7799800038e-02    6.2804099343e-07
    2.7899600565e-02    6.2552300051e-07
    2.7999300510e-02    6.2292599523e-07
    2.8099099174e-02    6.2026998648e-07
    2.8198799118e-02    6.1755702063e-07
    2.8299799189e-02    6.1474798940e-07
    2.8399499133e-02    6.1189297185e-07
    2.8499299660e-02    6.0893302134e-07
    2.8599100187e-02    6.0586000927e-07
    2.8698800132e-02    6.0270099311e-07
    2.8799800202e-02    5.9946398778e-07
    2.8899500147e-02    5.9628797544e-07
    2.8999300674e-02    5.9316801071e-07
    2.9099000618e-02    5.9012597831e-07
    2.9198799282e-02    5.8718200080e-07
    2.9299799353e-02    5.8430100580e-07
    2.9399499297e-02    5.8154097360e-07
    2.9499299824e-02    5.7883499949e-07
    2.9598999768e-02    5.7611902093e-07
    2.9699999839e-02    5.7331698144e-07
    2.9799500480e-02    5.7050601754e-07
    2.9899500310e-02    5.6764798728e-07
    2.9999600723e-02    5.6478501165e-07
