       301
    0.0000000000e+00    0.0000000000e+00
    9.9796299764e-05    0.0000000000e+00
    1.9995900220e-04    3.4441398621e+01
    2.9975399957e-04    3.4441398621e+01
    3.9954800741e-04    3.4441398621e+01
    4.9933698028e-04    3.4441398621e+01
    5.9912301367e-04    3.4441398621e+01
    6.9890700979e-04    3.4441398621e+01
    7.9989602091e-04    3.4441398621e+01
    8.9965300867e-04    3.4441398621e+01
    9.9939305801e-04    3.4441398621e+01
    1.0991200106e-03    3.4441398621e+01
    1.1988499900e-03    3.4441398621e+01
    1.2997899903e-03    3.4441398621e+01
    1.3994999463e-03    3.4441398621e+01
    1.4992000069e-03    3.4441398621e+01
    1.5992800472e-03    3.4441398621e+01
    1.6995799961e-03    3.4441398621e+01
    1.7996700481e-03    3.4441398621e+01
    1.8994800048e-03    3.4441398621e+01
    1.9992599264e-03    3.4441398621e+01
    2.0995200612e-03    3.4441398621e+01
    2.1995198913e-03    3.4441398621e+01
    2.2997800261e-03    3.4441299438e+01
    2.3994499352e-03    3.4441299438e+01
    2.4999401066e-03    3.4441299438e+01
    2.5994700845e-03    3.4441299438e+01
    2.6998599060e-03    3.4441200256e+01
    2.7991600800e-03    3.4441200256e+01
    2.8995499015e-03    3.4441101074e+01
    2.9998500831e-03    3.4441101074e+01
    3.0993300024e-03    3.4441001892e+01
    3.1994499732e-03    3.4440898895e+01
    3.2997101080e-03    3.4440799713e+01
    3.3999599982e-03    3.4440799713e+01
    3.4993200097e-03    3.4440601349e+01
    3.5993200727e-03    3.4440498352e+01
    3.6999399308e-03    3.4440399170e+01
    3.7991600111e-03    3.4440299988e+01
    3.8997100201e-03    3.4440101624e+01
    3.9999699220e-03    3.4439899445e+01
    4.0992600843e-03    3.4439800262e+01
    4.1995202191e-03    3.4439701080e+01
    4.2994301766e-03    3.4439701080e+01
    4.3997499160e-03    3.4439601898e+01
    4.4995401986e-03    3.4439601898e+01
    4.5997598208e-03    3.4439601898e+01
    4.6993698925e-03    3.4439601898e+01
    4.7995802015e-03    3.4439601898e+01
    4.8997900449e-03    7.4836897850e+00
    4.9993200228e-03    0.0000000000e+00
    5.0995298661e-03    0.0000000000e+00
    5.1997401752e-03    0.0000000000e+00
    5.2997497842e-03    0.0000000000e+00
    5.3993500769e-03    0.0000000000e+00
    5.4995599203e-03    1.5437000275e+01
    5.5997702293e-03    4.5660800934e+00
    5.6999800727e-03    4.3066301346e+00
    5.7998499833e-03    4.0167899132e+00
    5.8999899775e-03    0.0000000000e+00
    5.9995199554e-03    0.0000000000e+00
    6.0997200198e-03    0.0000000000e+00
    6.1999298632e-03    0.0000000000e+00
    6.2994598411e-03    0.0000000000e+00
    6.3996701501e-03    7.1218597889e-01
    6.4998799935e-03    0.0000000000e+00
    6.5994099714e-03    0.0000000000e+00
    6.6996198148e-03    0.0000000000e+00
    6.7998301238e-03    7.4429302216e+00
    6.8993498571e-03    1.2339500427e+01
    6.9995601662e-03    1.3528200150e+01
    7.0997700095e-03    2.1844100952e+00
    7.1999798529e-03    0.0000000000e+00
    7.2995098308e-03    6.3458399773e+00
    7.3997201398e-03    3.2364898682e+01
    7.4999299832e-03    3.4439601898e+01
    7.5994599611e-03    3.4439601898e+01
    7.6996698044e-03    3.4439498901e+01
    7.7998698689e-03    3.3799999237e+01
    7.8993998468e-03    3.4439498901e+01
    7.9996101558e-03    3.4314201355e+01
    8.0998204648e-03    3.4439498901e+01
    8.1993499771e-03    3.4439399719e+01
    8.2995602861e-03    3.4439399719e+01
    8.3997696638e-03    3.4439300537e+01
    8.4999799728e-03    3.2974700928e+01
    8.5995001718e-03    2.8875099182e+01
    8.6997095495e-03    3.0755500793e+01
    8.7999198586e-03    1.6980300903e+01
    8.8994503021e-03    0.0000000000e+00
    8.9996596798e-03    0.0000000000e+00
    9.0998699889e-03    0.0000000000e+00
    9.1994004324e-03    0.0000000000e+00
    9.2996098101e-03    0.0000000000e+00
    9.3998098746e-03    0.0000000000e+00
    9.4993403181e-03    0.0000000000e+00
    9.5995496958e-03    0.0000000000e+00
    9.6997600049e-03    0.0000000000e+00
    9.7993398085e-03    0.0000000000e+00
    9.8995501176e-03    0.0000000000e+00
    9.9997604266e-03    0.0000000000e+00
    1.0099800304e-02    0.0000000000e+00
    1.0199399665e-02    0.0000000000e+00
    1.0299599729e-02    0.0000000000e+00
    1.0399799794e-02    0.0000000000e+00
    1.0499300435e-02    0.0000000000e+00
    1.0599499568e-02    0.0000000000e+00
    1.0699699633e-02    0.0000000000e+00
    1.0799899697e-02    0.0000000000e+00
    1.0899599642e-02    0.0000000000e+00
    1.0999400169e-02    0.0000000000e+00
    1.1099100113e-02    0.0000000000e+00
    1.1198800057e-02    0.0000000000e+00
    1.1299699545e-02    0.0000000000e+00
    1.1399400420e-02    0.0000000000e+00
    1.1499100365e-02    0.0000000000e+00
    1.1598899961e-02    0.0000000000e+00
    1.1699800380e-02    0.0000000000e+00
    1.1799500324e-02    0.0000000000e+00
    1.1899200268e-02    0.0000000000e+00
    1.1998900212e-02    0.0000000000e+00
    1.2099799700e-02    0.0000000000e+00
    1.2199499644e-02    0.0000000000e+00
    1.2299199589e-02    0.0000000000e+00
    1.2398900464e-02    0.0000000000e+00
    1.2499799952e-02    0.0000000000e+00
    1.2599499896e-02    0.0000000000e+00
    1.2699199840e-02    0.0000000000e+00
    1.2798899785e-02    0.0000000000e+00
    1.2899800204e-02    0.0000000000e+00
    1.2999500148e-02    0.0000000000e+00
    1.3099900447e-02    0.0000000000e+00
    1.3199400157e-02    0.0000000000e+00
    1.3299600221e-02    0.0000000000e+00
    1.3399800286e-02    0.0000000000e+00
    1.3499299996e-02    0.0000000000e+00
    1.3599599712e-02    0.0000000000e+00
    1.3699100353e-02    0.0000000000e+00
    1.3799999841e-02    0.0000000000e+00
    1.3899699785e-02    0.0000000000e+00
    1.3999399729e-02    0.0000000000e+00
    1.4099099673e-02    0.0000000000e+00
    1.4200000092e-02    0.0000000000e+00
    1.4299700037e-02    0.0000000000e+00
    1.4399399981e-02    0.0000000000e+00
    1.4499099925e-02    0.0000000000e+00
    1.4598799869e-02    0.0000000000e+00
    1.4699799940e-02    0.0000000000e+00
    1.4799499884e-02    0.0000000000e+00
    1.4899199829e-02    0.0000000000e+00
    1.4998899773e-02    0.0000000000e+00
    1.5099899843e-02    0.0000000000e+00
    1.5199599788e-02    0.0000000000e+00
    1.5299400315e-02    0.0000000000e+00
    1.5399100259e-02    0.0000000000e+00
    1.5498800203e-02    0.0000000000e+00
    1.5599800274e-02    0.0000000000e+00
    1.5699300915e-02    0.0000000000e+00
    1.5799300745e-02    0.0000000000e+00
    1.5899300575e-02    0.0000000000e+00
    1.5999300405e-02    0.0000000000e+00
    1.6099300236e-02    0.0000000000e+00
    1.6199700534e-02    0.0000000000e+00
    1.6299000010e-02    0.0000000000e+00
    1.6399299726e-02    0.0000000000e+00
    1.6499200836e-02    0.0000000000e+00
    1.6599200666e-02    0.0000000000e+00
    1.6699099913e-02    0.0000000000e+00
    1.6799600795e-02    0.0000000000e+00
    1.6899600625e-02    0.0000000000e+00
    1.6999099404e-02    0.0000000000e+00
    1.7099399120e-02    0.0000000000e+00
    1.7199600115e-02    0.0000000000e+00
    1.7299899831e-02    0.0000000000e+00
    1.7400000244e-02    0.0000000000e+00
    1.7500000075e-02    0.0000000000e+00
    1.7599100247e-02    0.0000000000e+00
    1.7699100077e-02    0.0000000000e+00
    1.7799099907e-02    0.0000000000e+00
    1.7899099737e-02    0.0000000000e+00
    1.7999399453e-02    0.0000000000e+00
    1.8099600449e-02    0.0000000000e+00
    1.8199300393e-02    0.0000000000e+00
    1.8299300224e-02    0.0000000000e+00
    1.8399400637e-02    0.0000000000e+00
    1.8499400467e-02    0.0000000000e+00
    1.8599400297e-02    0.0000000000e+00
    1.8699400127e-02    0.0000000000e+00
    1.8799399957e-02    0.0000000000e+00
    1.8899399787e-02    0.0000000000e+00
    1.8999399617e-02    0.0000000000e+00
    1.9099399447e-02    0.0000000000e+00
    1.9199699163e-02    0.0000000000e+00
    1.9299600273e-02    0.0000000000e+00
    1.9399499521e-02    0.0000000000e+00
    1.9499400631e-02    0.0000000000e+00
    1.9600000232e-02    0.0000000000e+00
    1.9699899480e-02    0.0000000000e+00
    1.9799800590e-02    0.0000000000e+00
    1.9899699837e-02    0.0000000000e+00
    1.9999599084e-02    0.0000000000e+00
    2.0099600777e-02    0.0000000000e+00
    2.0199500024e-02    0.0000000000e+00
    2.0299399272e-02    0.0000000000e+00
    2.0400000736e-02    0.0000000000e+00
    2.0499899983e-02    0.0000000000e+00
    2.0599799231e-02    0.0000000000e+00
    2.0699499175e-02    0.0000000000e+00
    2.0799700171e-02    0.0000000000e+00
    2.0899899304e-02    0.0000000000e+00
    2.0999500528e-02    0.0000000000e+00
    2.1099800244e-02    0.0000000000e+00
    2.1199500188e-02    0.0000000000e+00
    2.1299399436e-02    0.0000000000e+00
    2.1399900317e-02    0.0000000000e+00
    2.1499900147e-02    0.0000000000e+00
    2.1599799395e-02    0.0000000000e+00
    2.1699700505e-02    0.0000000000e+00
    2.1799599752e-02    0.0000000000e+00
    2.1899500862e-02    0.0000000000e+00
    2.1999400109e-02    0.0000000000e+00
    2.2099399939e-02    0.0000000000e+00
    2.2199900821e-02    0.0000000000e+00
    2.2299800068e-02    0.0000000000e+00
    2.2399799898e-02    0.0000000000e+00
    2.2499699146e-02    0.0000000000e+00
    2.2599600255e-02    0.0000000000e+00
    2.2699499503e-02    0.0000000000e+00
    2.2799400613e-02    0.0000000000e+00
    2.2900000215e-02    0.0000000000e+00
    2.2999899462e-02    0.0000000000e+00
    2.3099800572e-02    0.0000000000e+00
    2.3199800402e-02    0.0000000000e+00
    2.3299399763e-02    0.0000000000e+00
    2.3399800062e-02    0.0000000000e+00
    2.3499600589e-02    0.0000000000e+00
    2.3599300534e-02    0.0000000000e+00
    2.3699099198e-02    0.0000000000e+00
    2.3798799142e-02    0.0000000000e+00
    2.3899799213e-02    0.0000000000e+00
    2.3999499157e-02    0.0000000000e+00
    2.4099199101e-02    0.0000000000e+00
    2.4198999628e-02    0.0000000000e+00
    2.4299899116e-02    0.0000000000e+00
    2.4399699643e-02    0.0000000000e+00
    2.4499399588e-02    0.0000000000e+00
    2.4599200115e-02    0.0000000000e+00
    2.4698900059e-02    0.0000000000e+00
    2.4799799547e-02    0.0000000000e+00
    2.4899600074e-02    0.0000000000e+00
    2.4999300018e-02    0.0000000000e+00
    2.5098999962e-02    0.0000000000e+00
    2.5200000033e-02    0.0000000000e+00
    2.5299699977e-02    0.0000000000e+00
    2.5399399921e-02    0.0000000000e+00
    2.5499200448e-02    0.0000000000e+00
    2.5598900393e-02    0.0000000000e+00
    2.5699799880e-02    0.0000000000e+00
    2.5799600407e-02    0.0000000000e+00
    2.5899300352e-02    0.0000000000e+00
    2.5999000296e-02    0.0000000000e+00
    2.6100000367e-02    0.0000000000e+00
    2.6199700311e-02    0.0000000000e+00
    2.6299400255e-02    0.0000000000e+00
    2.6399100199e-02    0.0000000000e+00
    2.6498900726e-02    0.0000000000e+00
    2.6599800214e-02    0.0000000000e+00
    2.6699600741e-02    0.0000000000e+00
    2.6799300686e-02    0.0000000000e+00
    2.6899000630e-02    0.0000000000e+00
    2.6998799294e-02    0.0000000000e+00
    2.7099700645e-02    0.0000000000e+00
    2.7199499309e-02    0.0000000000e+00
    2.7299199253e-02    0.0000000000e+00
    2.7398999780e-02    0.0000000000e+00
    2.7499899268e-02    0.0000000000e+00
    2.7599699795e-02    0.0000000000e+00
    2.7699399740e-02    0.0000000000e+00
    2.7799200267e-02    0.0000000000e+00
    2.7898900211e-02    0.0000000000e+00
    2.7999900281e-02    0.0000000000e+00
    2.8099600226e-02    0.0000000000e+00
    2.8199400753e-02    0.0000000000e+00
    2.8299100697e-02    0.0000000000e+00
    2.8398899361e-02    0.0000000000e+00
    2.8499800712e-02    0.0000000000e+00
    2.8599599376e-02    0.0000000000e+00
    2.8699299321e-02    0.0000000000e+00
    2.8799399734e-02    0.0000000000e+00
    2.8899900615e-02    0.0000000000e+00
    2.8999900445e-02    0.0000000000e+00
    2.9099799693e-02    0.0000000000e+00
    2.9199700803e-02    0.0000000000e+00
    2.9299600050e-02    0.0000000000e+00
    2.9399499297e-02    0.0000000000e+00
    2.9499400407e-02    0.0000000000e+00
    2.9599400237e-02    0.0000000000e+00
    2.9699899256e-02    0.0000000000e+00
    2.9799800366e-02    0.0000000000e+00
    2.9899800196e-02    0.0000000000e+00
    2.9999699444e-02    0.0000000000e+00
