       301
    0.0000000000e+00    0.0000000000e+00
    9.9796299764e-05    0.0000000000e+00
    1.9995900220e-04    1.0800699890e-08
    2.9975399957e-04    2.7375600453e-08
    3.9954800741e-04    4.3980200815e-08
    4.9933698028e-04    6.0142596681e-08
    5.9912301367e-04    7.5840901559e-08
    6.9890700979e-04    9.1026002735e-08
    7.9989602091e-04    1.0586799704e-07
    8.9965300867e-04    1.2021600071e-07
    9.9939305801e-04    1.3418400613e-07
    1.0991200106e-03    1.4769800316e-07
    1.1988499900e-03    1.6099799893e-07
    1.2997899903e-03    1.7443200306e-07
    1.3994999463e-03    1.8771500265e-07
    1.4992000069e-03    2.0112500465e-07
    1.5992800472e-03    2.1474500045e-07
    1.6995799961e-03    2.2848999492e-07
    1.7996700481e-03    2.4245798613e-07
    1.8994800048e-03    2.5658098934e-07
    1.9992599264e-03    2.7110201017e-07
    2.0995200612e-03    2.8604100066e-07
    2.1995198913e-03    3.0093900705e-07
    2.2997800261e-03    3.1552900737e-07
    2.3994499352e-03    3.2943299288e-07
    2.4999401066e-03    3.4264999726e-07
    2.5994700845e-03    3.5498700868e-07
    2.6998599060e-03    3.6652801327e-07
    2.7991600800e-03    3.7681701315e-07
    2.8995499015e-03    3.8595700858e-07
    2.9998500831e-03    3.9381998818e-07
    3.0993300024e-03    4.0032401216e-07
    3.1994499732e-03    4.0576000515e-07
    3.2997101080e-03    4.1031299247e-07
    3.3999599982e-03    4.1412300789e-07
    3.4993200097e-03    4.1716199917e-07
    3.5993200727e-03    4.1947498630e-07
    3.6999399308e-03    4.2113501308e-07
    3.7991600111e-03    4.2223399532e-07
    3.8997100201e-03    4.2305100578e-07
    3.9999699220e-03    4.2388398924e-07
    4.0992600843e-03    4.2499098640e-07
    4.1995202191e-03    4.2672098743e-07
    4.2994301766e-03    4.2922499688e-07
    4.3997499160e-03    4.3256099502e-07
    4.4995401986e-03    4.3651701276e-07
    4.5997598208e-03    4.4084200113e-07
    4.6993698925e-03    4.4518699838e-07
    4.7995802015e-03    4.4941600663e-07
    4.8997900449e-03    4.5285500505e-07
    4.9993200228e-03    4.5483599820e-07
    5.0995298661e-03    4.5528699388e-07
    5.1997401752e-03    4.5472398824e-07
    5.2997497842e-03    4.5351200129e-07
    5.3993500769e-03    4.5185100817e-07
    5.4995599203e-03    4.4988900072e-07
    5.5997702293e-03    4.4792099629e-07
    5.6999800727e-03    4.4620500717e-07
    5.7998499833e-03    4.4488101025e-07
    5.8999899775e-03    4.4413698674e-07
    5.9995199554e-03    4.4402401045e-07
    6.0997200198e-03    4.4413201294e-07
    6.1999298632e-03    4.4417799927e-07
    6.2994598411e-03    4.4417799927e-07
    6.3996701501e-03    4.4417799927e-07
    6.4998799935e-03    4.4417799927e-07
    6.5994099714e-03    4.4417799927e-07
    6.6996198148e-03    4.4418399625e-07
    6.7998301238e-03    4.4419599021e-07
    6.8993498571e-03    4.4419599021e-07
    6.9995601662e-03    4.4419800815e-07
    7.0997700095e-03    4.4426801082e-07
    7.1999798529e-03    4.4437899760e-07
    7.2995098308e-03    4.4444900027e-07
    7.3997201398e-03    4.4445400249e-07
    7.4999299832e-03    4.4443100933e-07
    7.5994599611e-03    4.4441699742e-07
    7.6996698044e-03    4.4441699742e-07
    7.7998698689e-03    4.4441699742e-07
    7.8993998468e-03    4.4441699742e-07
    7.9996101558e-03    4.4441699742e-07
    8.0998204648e-03    4.4441699742e-07
    8.1993499771e-03    4.4441699742e-07
    8.2995602861e-03    4.4441500791e-07
    8.3997696638e-03    4.4437999236e-07
    8.4999799728e-03    4.4431399715e-07
    8.5995001718e-03    4.4425701162e-07
    8.6997095495e-03    4.4417700451e-07
    8.7999198586e-03    4.4403799393e-07
    8.8994503021e-03    4.4381400244e-07
    8.9996596798e-03    4.4351000383e-07
    9.0998699889e-03    4.4314899128e-07
    9.1994004324e-03    4.4275199684e-07
    9.2996098101e-03    4.4230600338e-07
    9.3998098746e-03    4.4180501391e-07
    9.4993403181e-03    4.4127600063e-07
    9.5995496958e-03    4.4071200023e-07
    9.6997600049e-03    4.4011301270e-07
    9.7993398085e-03    4.3948298867e-07
    9.8995501176e-03    4.3882400291e-07
    9.9997604266e-03    4.3811800765e-07
    1.0099800304e-02    4.3736000066e-07
    1.0199399665e-02    4.3656299908e-07
    1.0299599729e-02    4.3572100594e-07
    1.0399799794e-02    4.3483800027e-07
    1.0499300435e-02    4.3391401050e-07
    1.0599499568e-02    4.3294301122e-07
    1.0699699633e-02    4.3192900989e-07
    1.0799899697e-02    4.3086001256e-07
    1.0899599642e-02    4.2971601033e-07
    1.0999400169e-02    4.2850700765e-07
    1.1099100113e-02    4.2725699245e-07
    1.1198800057e-02    4.2593998728e-07
    1.1299699545e-02    4.2451199533e-07
    1.1399400420e-02    4.2299399183e-07
    1.1499100365e-02    4.2139001266e-07
    1.1598899961e-02    4.1971401288e-07
    1.1699800380e-02    4.1795200900e-07
    1.1799500324e-02    4.1615300006e-07
    1.1899200268e-02    4.1429899511e-07
    1.1998900212e-02    4.1238598669e-07
    1.2099799700e-02    4.1039399434e-07
    1.2199499644e-02    4.0836400217e-07
    1.2299199589e-02    4.0629498699e-07
    1.2398900464e-02    4.0422199277e-07
    1.2499799952e-02    4.0210900920e-07
    1.2599499896e-02    3.9997499357e-07
    1.2699199840e-02    3.9777299321e-07
    1.2798899785e-02    3.9550698716e-07
    1.2899800204e-02    3.9317899336e-07
    1.2999500148e-02    3.9085699655e-07
    1.3099900447e-02    3.8850700435e-07
    1.3199400157e-02    3.8616099118e-07
    1.3299600221e-02    3.8376398948e-07
    1.3399800286e-02    3.8129999780e-07
    1.3499299996e-02    3.7877700265e-07
    1.3599599712e-02    3.7616899817e-07
    1.3699100353e-02    3.7353498783e-07
    1.3799999841e-02    3.7083398752e-07
    1.3899699785e-02    3.6811599102e-07
    1.3999399729e-02    3.6533899106e-07
    1.4099099673e-02    3.6250199287e-07
    1.4200000092e-02    3.5956699662e-07
    1.4299700037e-02    3.5660301023e-07
    1.4399399981e-02    3.5357899719e-07
    1.4499099925e-02    3.5050999259e-07
    1.4598799869e-02    3.4741501054e-07
    1.4699799940e-02    3.4427000628e-07
    1.4799499884e-02    3.4116399661e-07
    1.4899199829e-02    3.3807100408e-07
    1.4998899773e-02    3.3498500329e-07
    1.5099899843e-02    3.3184699078e-07
    1.5199599788e-02    3.2871500366e-07
    1.5299400315e-02    3.2555101370e-07
    1.5399100259e-02    3.2236900438e-07
    1.5498800203e-02    3.1918099808e-07
    1.5599800274e-02    3.1595700989e-07
    1.5699300915e-02    3.1278099755e-07
    1.5799300745e-02    3.0957900776e-07
    1.5899300575e-02    3.0635499115e-07
    1.5999300405e-02    3.0310300758e-07
    1.6099300236e-02    2.9983499417e-07
    1.6199700534e-02    2.9656399647e-07
    1.6299000010e-02    2.9335498652e-07
    1.6399299726e-02    2.9013500580e-07
    1.6499200836e-02    2.8694100251e-07
    1.6599200666e-02    2.8374799399e-07
    1.6699099913e-02    2.8055299595e-07
    1.6799600795e-02    2.7734799346e-07
    1.6899600625e-02    2.7418099080e-07
    1.6999099404e-02    2.7104098876e-07
    1.7099399120e-02    2.6787799356e-07
    1.7199600115e-02    2.6469498948e-07
    1.7299899831e-02    2.6149399446e-07
    1.7400000244e-02    2.5831599260e-07
    1.7500000075e-02    2.5519099722e-07
    1.7599100247e-02    2.5216201038e-07
    1.7699100077e-02    2.4915598829e-07
    1.7799099907e-02    2.4618799443e-07
    1.7899099737e-02    2.4326800485e-07
    1.7999399453e-02    2.4038499191e-07
    1.8099600449e-02    2.3753899825e-07
    1.8199300393e-02    2.3472199473e-07
    1.8299300224e-02    2.3191100240e-07
    1.8399400637e-02    2.2912699649e-07
    1.8499400467e-02    2.2639800079e-07
    1.8599400297e-02    2.2374699427e-07
    1.8699400127e-02    2.2117899334e-07
    1.8799399957e-02    2.1869099953e-07
    1.8899399787e-02    2.1626499347e-07
    1.8999399617e-02    2.1387499771e-07
    1.9099399447e-02    2.1151500107e-07
    1.9199699163e-02    2.0917700283e-07
    1.9299600273e-02    2.0686699997e-07
    1.9399499521e-02    2.0458500671e-07
    1.9499400631e-02    2.0233800058e-07
    1.9600000232e-02    2.0011900403e-07
    1.9699899480e-02    1.9798000039e-07
    1.9799800590e-02    1.9592600609e-07
    1.9899699837e-02    1.9394100548e-07
    1.9999599084e-02    1.9200800239e-07
    2.0099600777e-02    1.9012399832e-07
    2.0199500024e-02    1.8831100590e-07
    2.0299399272e-02    1.8658100487e-07
    2.0400000736e-02    1.8490899834e-07
    2.0499899983e-02    1.8329599527e-07
    2.0599799231e-02    1.8169700411e-07
    2.0699499175e-02    1.8008799429e-07
    2.0799700171e-02    1.7846200251e-07
    2.0899899304e-02    1.7684399722e-07
    2.0999500528e-02    1.7524099860e-07
    2.1099800244e-02    1.7361500682e-07
    2.1199500188e-02    1.7199100455e-07
    2.1299399436e-02    1.7034899713e-07
    2.1399900317e-02    1.6866700037e-07
    2.1499900147e-02    1.6695399552e-07
    2.1599799395e-02    1.6519099688e-07
    2.1699700505e-02    1.6338699993e-07
    2.1799599752e-02    1.6156799632e-07
    2.1899500862e-02    1.5973100176e-07
    2.1999400109e-02    1.5785100516e-07
    2.2099399939e-02    1.5589100144e-07
    2.2199900821e-02    1.5382599372e-07
    2.2299800068e-02    1.5172300039e-07
    2.2399799898e-02    1.4960799888e-07
    2.2499699146e-02    1.4751199728e-07
    2.2599600255e-02    1.4545000226e-07
    2.2699499503e-02    1.4342400334e-07
    2.2799400613e-02    1.4141500060e-07
    2.2900000215e-02    1.3937699350e-07
    2.2999899462e-02    1.3731299475e-07
    2.3099800572e-02    1.3521000142e-07
    2.3199800402e-02    1.3308799396e-07
    2.3299399763e-02    1.3096699547e-07
    2.3399800062e-02    1.2883400302e-07
    2.3499600589e-02    1.2672100524e-07
    2.3599300534e-02    1.2459200605e-07
    2.3699099198e-02    1.2242800551e-07
    2.3798799142e-02    1.2022300666e-07
    2.3899799213e-02    1.1795800248e-07
    2.3999499157e-02    1.1569999714e-07
    2.4099199101e-02    1.1343200157e-07
    2.4198999628e-02    1.1115500342e-07
    2.4299899116e-02    1.0882600066e-07
    2.4399699643e-02    1.0647600135e-07
    2.4499399588e-02    1.0405700124e-07
    2.4599200115e-02    1.0155500263e-07
    2.4698900059e-02    9.8974702212e-08
    2.4799799547e-02    9.6318800047e-08
    2.4899600074e-02    9.3679702218e-08
    2.4999300018e-02    9.1028802274e-08
    2.5098999962e-02    8.8344897620e-08
    2.5200000033e-02    8.5580602160e-08
    2.5299699977e-02    8.2798301548e-08
    2.5399399921e-02    7.9963598409e-08
    2.5499200448e-02    7.7083598171e-08
    2.5598900393e-02    7.4169797415e-08
    2.5699799880e-02    7.1202400420e-08
    2.5799600407e-02    6.8265002540e-08
    2.5899300352e-02    6.5330496568e-08
    2.5999000296e-02    6.2402399692e-08
    2.6100000367e-02    5.9443699740e-08
    2.6199700311e-02    5.6519301239e-08
    2.6299400255e-02    5.3581299397e-08
    2.6399100199e-02    5.0611500768e-08
    2.6498900726e-02    4.7592301655e-08
    2.6599800214e-02    4.4473498662e-08
    2.6699600741e-02    4.1326099876e-08
    2.6799300686e-02    3.8115000933e-08
    2.6899000630e-02    3.4849698238e-08
    2.6998799294e-02    3.1545198453e-08
    2.7099700645e-02    2.8177099765e-08
    2.7199499309e-02    2.4847500057e-08
    2.7299199253e-02    2.1530199845e-08
    2.7398999780e-02    1.8230700505e-08
    2.7499899268e-02    1.4911700319e-08
    2.7599699795e-02    1.1646999809e-08
    2.7699399740e-02    8.3842799370e-09
    2.7799200267e-02    5.1089701358e-09
    2.7898900211e-02    1.8062199514e-09
    2.7999900281e-02    0.0000000000e+00
    2.8099600226e-02    0.0000000000e+00
    2.8199400753e-02    0.0000000000e+00
    2.8299100697e-02    0.0000000000e+00
    2.8398899361e-02    0.0000000000e+00
    2.8499800712e-02    0.0000000000e+00
    2.8599599376e-02    0.0000000000e+00
    2.8699299321e-02    0.0000000000e+00
    2.8799399734e-02    0.0000000000e+00
    2.8899900615e-02    0.0000000000e+00
    2.8999900445e-02    0.0000000000e+00
    2.9099799693e-02    0.0000000000e+00
    2.9199700803e-02    0.0000000000e+00
    2.9299600050e-02    0.0000000000e+00
    2.9399499297e-02    0.0000000000e+00
    2.9499400407e-02    0.0000000000e+00
    2.9599400237e-02    0.0000000000e+00
    2.9699899256e-02    0.0000000000e+00
    2.9799800366e-02    0.0000000000e+00
    2.9899800196e-02    0.0000000000e+00
    2.9999699444e-02    0.0000000000e+00
