       301
    0.0000000000e+00    0.0000000000e+00
    9.9796299764e-05    0.0000000000e+00
    1.9995900220e-04    6.6179999259e-09
    2.9975399957e-04    1.9211899627e-08
    3.9954800741e-04    3.1785798882e-08
    4.9933698028e-04    4.3867601107e-08
    5.9912301367e-04    5.5440299462e-08
    6.9890700979e-04    6.6418799349e-08
    7.9989602091e-04    7.6972803242e-08
    8.9965300867e-04    8.6928700682e-08
    9.9939305801e-04    9.6500102131e-08
    1.0991200106e-03    1.0567200093e-07
    1.1988499900e-03    1.1457800042e-07
    1.2997899903e-03    1.2331599919e-07
    1.3994999463e-03    1.3157800538e-07
    1.4992000069e-03    1.3965700418e-07
    1.5992800472e-03    1.4714599672e-07
    1.6995799961e-03    1.5441399626e-07
    1.7996700481e-03    1.6142500670e-07
    1.8994800048e-03    1.6844599315e-07
    1.9992599264e-03    1.7530500429e-07
    2.0995200612e-03    1.8198899454e-07
    2.1995198913e-03    1.8859999784e-07
    2.2997800261e-03    1.9526899564e-07
    2.3994499352e-03    2.0197100525e-07
    2.4999401066e-03    2.0878799489e-07
    2.5994700845e-03    2.1578399867e-07
    2.6998599060e-03    2.2313099635e-07
    2.7991600800e-03    2.3062699483e-07
    2.8995499015e-03    2.3827300311e-07
    2.9998500831e-03    2.4580799618e-07
    3.0993300024e-03    2.5318200869e-07
    3.1994499732e-03    2.6031298717e-07
    3.2997101080e-03    2.6693200539e-07
    3.3999599982e-03    2.7320999152e-07
    3.4993200097e-03    2.7925500490e-07
    3.5993200727e-03    2.8517499118e-07
    3.6999399308e-03    2.9079998853e-07
    3.7991600111e-03    2.9563298654e-07
    3.8997100201e-03    2.9968700233e-07
    3.9999699220e-03    3.0284800800e-07
    4.0992600843e-03    3.0488899938e-07
    4.1995202191e-03    3.0576899235e-07
    4.2994301766e-03    3.0576501331e-07
    4.3997499160e-03    3.0521900385e-07
    4.4995401986e-03    3.0428699915e-07
    4.5997598208e-03    3.0315999311e-07
    4.6993698925e-03    3.0208698831e-07
    4.7995802015e-03    3.0129399420e-07
    4.8997900449e-03    3.0095699799e-07
    4.9993200228e-03    3.0083600677e-07
    5.0995298661e-03    3.0083100455e-07
    5.1997401752e-03    3.0083100455e-07
    5.2997497842e-03    3.0083899105e-07
    5.3993500769e-03    3.0089398706e-07
    5.4995599203e-03    3.0090299674e-07
    5.5997702293e-03    3.0092499514e-07
    5.6999800727e-03    3.0092900261e-07
    5.7998499833e-03    3.0092900261e-07
    5.8999899775e-03    3.0092999737e-07
    5.9995199554e-03    3.0092999737e-07
    6.0997200198e-03    3.0092999737e-07
    6.1999298632e-03    3.0092999737e-07
    6.2994598411e-03    3.0092999737e-07
    6.3996701501e-03    3.0093900705e-07
    6.4998799935e-03    3.0094099657e-07
    6.5994099714e-03    3.0094099657e-07
    6.6996198148e-03    3.0094099657e-07
    6.7998301238e-03    3.0094199133e-07
    6.8993498571e-03    3.0094199133e-07
    6.9995601662e-03    3.0094199133e-07
    7.0997700095e-03    3.0094099657e-07
    7.1999798529e-03    3.0094099657e-07
    7.2995098308e-03    3.0094099657e-07
    7.3997201398e-03    3.0094099657e-07
    7.4999299832e-03    3.0094099657e-07
    7.5994599611e-03    3.0094099657e-07
    7.6996698044e-03    3.0094000181e-07
    7.7998698689e-03    3.0092400038e-07
    7.8993998468e-03    3.0091101166e-07
    7.9996101558e-03    3.0091101166e-07
    8.0998204648e-03    3.0091101166e-07
    8.1993499771e-03    3.0091101166e-07
    8.2995602861e-03    3.0091101166e-07
    8.3997696638e-03    3.0090998848e-07
    8.4999799728e-03    3.0090998848e-07
    8.5995001718e-03    3.0090998848e-07
    8.6997095495e-03    3.0091499070e-07
    8.7999198586e-03    3.0094099657e-07
    8.8994503021e-03    3.0095898751e-07
    8.9996596798e-03    3.0095898751e-07
    9.0998699889e-03    3.0096001069e-07
    9.1994004324e-03    3.0096001069e-07
    9.2996098101e-03    3.0096001069e-07
    9.3998098746e-03    3.0096001069e-07
    9.4993403181e-03    3.0096001069e-07
    9.5995496958e-03    3.0096001069e-07
    9.6997600049e-03    3.0096001069e-07
    9.7993398085e-03    3.0098800607e-07
    9.8995501176e-03    3.0104101256e-07
    9.9997604266e-03    3.0108600413e-07
    1.0099800304e-02    3.0114100014e-07
    1.0199399665e-02    3.0117999472e-07
    1.0299599729e-02    3.0118999916e-07
    1.0399799794e-02    3.0118999916e-07
    1.0499300435e-02    3.0116100902e-07
    1.0599499568e-02    3.0107798921e-07
    1.0699699633e-02    3.0097601211e-07
    1.0799899697e-02    3.0087198866e-07
    1.0899599642e-02    3.0076000712e-07
    1.0999400169e-02    3.0064200018e-07
    1.1099100113e-02    3.0050500754e-07
    1.1198800057e-02    3.0033899634e-07
    1.1299699545e-02    3.0012100183e-07
    1.1399400420e-02    2.9983499417e-07
    1.1499100365e-02    2.9947199209e-07
    1.1598899961e-02    2.9903600307e-07
    1.1699800380e-02    2.9851599948e-07
    1.1799500324e-02    2.9791598877e-07
    1.1899200268e-02    2.9721900319e-07
    1.1998900212e-02    2.9642600907e-07
    1.2099799700e-02    2.9551199532e-07
    1.2199499644e-02    2.9450299621e-07
    1.2299199589e-02    2.9340100127e-07
    1.2398900464e-02    2.9221999398e-07
    1.2499799952e-02    2.9094400134e-07
    1.2599499896e-02    2.8962199394e-07
    1.2699199840e-02    2.8824101150e-07
    1.2798899785e-02    2.8681100162e-07
    1.2899800204e-02    2.8531900398e-07
    1.2999500148e-02    2.8381199968e-07
    1.3099900447e-02    2.8224900461e-07
    1.3199400157e-02    2.8065599622e-07
    1.3299600221e-02    2.7899099564e-07
    1.3399800286e-02    2.7725099017e-07
    1.3499299996e-02    2.7542199632e-07
    1.3599599712e-02    2.7347999776e-07
    1.3699100353e-02    2.7146100479e-07
    1.3799999841e-02    2.6933298614e-07
    1.3899699785e-02    2.6716401180e-07
    1.3999399729e-02    2.6492298844e-07
    1.4099099673e-02    2.6259300512e-07
    1.4200000092e-02    2.6013799470e-07
    1.4299700037e-02    2.5762699352e-07
    1.4399399981e-02    2.5504201062e-07
    1.4499099925e-02    2.5240601076e-07
    1.4598799869e-02    2.4974801249e-07
    1.4699799940e-02    2.4704900170e-07
    1.4799499884e-02    2.4436801027e-07
    1.4899199829e-02    2.4166598678e-07
    1.4998899773e-02    2.3894401124e-07
    1.5099899843e-02    2.3617700151e-07
    1.5199599788e-02    2.3344000510e-07
    1.5299400315e-02    2.3071200417e-07
    1.5399100259e-02    2.2802200306e-07
    1.5498800203e-02    2.2538399946e-07
    1.5599800274e-02    2.2275500555e-07
    1.5699300915e-02    2.2018599566e-07
    1.5799300745e-02    2.1761600522e-07
    1.5899300575e-02    2.1505999825e-07
    1.5999300405e-02    2.1251500470e-07
    1.6099300236e-02    2.0997100592e-07
    1.6199700534e-02    2.0741700268e-07
    1.6299000010e-02    2.0490800523e-07
    1.6399299726e-02    2.0240200627e-07
    1.6499200836e-02    1.9991999523e-07
    1.6599200666e-02    1.9744399538e-07
    1.6699099913e-02    1.9501999304e-07
    1.6799600795e-02    1.9263900697e-07
    1.6899600625e-02    1.9029199905e-07
    1.6999099404e-02    1.8794200685e-07
    1.7099399120e-02    1.8554899839e-07
    1.7199600115e-02    1.8312900352e-07
    1.7299899831e-02    1.8064599772e-07
    1.7400000244e-02    1.7809099973e-07
    1.7500000075e-02    1.7550900111e-07
    1.7599100247e-02    1.7294100019e-07
    1.7699100077e-02    1.7029799437e-07
    1.7799099907e-02    1.6757300614e-07
    1.7899099737e-02    1.6479199871e-07
    1.7999399453e-02    1.6196300123e-07
    1.8099600449e-02    1.5909100171e-07
    1.8199300393e-02    1.5621199623e-07
    1.8299300224e-02    1.5333999670e-07
    1.8399400637e-02    1.5051899993e-07
    1.8499400467e-02    1.4775399393e-07
    1.8599400297e-02    1.4503899592e-07
    1.8699400127e-02    1.4236600521e-07
    1.8799399957e-02    1.3971400392e-07
    1.8899399787e-02    1.3707000335e-07
    1.8999399617e-02    1.3445499292e-07
    1.9099399447e-02    1.3187100478e-07
    1.9199699163e-02    1.2931400306e-07
    1.9299600273e-02    1.2681199735e-07
    1.9399499521e-02    1.2436299812e-07
    1.9499400631e-02    1.2198700006e-07
    1.9600000232e-02    1.1969200386e-07
    1.9699899480e-02    1.1748600315e-07
    1.9799800590e-02    1.1532699773e-07
    1.9899699837e-02    1.1319399817e-07
    1.9999599084e-02    1.1107999853e-07
    2.0099600777e-02    1.0899500325e-07
    2.0199500024e-02    1.0694699881e-07
    2.0299399272e-02    1.0493800318e-07
    2.0400000736e-02    1.0297299724e-07
    2.0499899983e-02    1.0107599735e-07
    2.0599799231e-02    9.9206999948e-08
    2.0699499175e-02    9.7335103533e-08
    2.0799700171e-02    9.5418897672e-08
    2.0899899304e-02    9.3479101793e-08
    2.0999500528e-02    9.1561503268e-08
    2.1099800244e-02    8.9634497158e-08
    2.1199500188e-02    8.7702503038e-08
    2.1299399436e-02    8.5730398780e-08
    2.1399900317e-02    8.3705799625e-08
    2.1499900147e-02    8.1661397644e-08
    2.1599799395e-02    7.9593398539e-08
    2.1699700505e-02    7.7518997443e-08
    2.1799599752e-02    7.5472001981e-08
    2.1899500862e-02    7.3476002171e-08
    2.1999400109e-02    7.1529001389e-08
    2.2099399939e-02    6.9617001941e-08
    2.2199900821e-02    6.7719497565e-08
    2.2299800068e-02    6.5845100039e-08
    2.2399799898e-02    6.3975001297e-08
    2.2499699146e-02    6.2119198674e-08
    2.2599600255e-02    6.0272199676e-08
    2.2699499503e-02    5.8411298909e-08
    2.2799400613e-02    5.6509499302e-08
    2.2900000215e-02    5.4529998295e-08
    2.2999899462e-02    5.2513399851e-08
    2.3099800572e-02    5.0490299941e-08
    2.3199800402e-02    4.8491898497e-08
    2.3299399763e-02    4.6541099863e-08
    2.3399800062e-02    4.4622698425e-08
    2.3499600589e-02    4.2758198759e-08
    2.3599300534e-02    4.0925101530e-08
    2.3699099198e-02    3.9117999506e-08
    2.3798799142e-02    3.7326199021e-08
    2.3899799213e-02    3.5528699982e-08
    2.3999499157e-02    3.3769801178e-08
    2.4099199101e-02    3.2039800146e-08
    2.4198999628e-02    3.0343798585e-08
    2.4299899116e-02    2.8643199812e-08
    2.4399699643e-02    2.6961400224e-08
    2.4499399588e-02    2.5257300251e-08
    2.4599200115e-02    2.3502300550e-08
    2.4698900059e-02    2.1685000462e-08
    2.4799799547e-02    1.9774400783e-08
    2.4899600074e-02    1.7826199183e-08
    2.4999300018e-02    1.5848000245e-08
    2.5098999962e-02    1.3851200187e-08
    2.5200000033e-02    1.1796100097e-08
    2.5299699977e-02    9.7211803052e-09
    2.5399399921e-02    7.6069097688e-09
    2.5499200448e-02    5.4660200810e-09
    2.5598900393e-02    3.2999800670e-09
    2.5699799880e-02    1.0742300383e-09
    2.5799600407e-02    0.0000000000e+00
    2.5899300352e-02    0.0000000000e+00
    2.5999000296e-02    0.0000000000e+00
    2.6100000367e-02    0.0000000000e+00
    2.6199700311e-02    0.0000000000e+00
    2.6299400255e-02    0.0000000000e+00
    2.6399100199e-02    0.0000000000e+00
    2.6498900726e-02    0.0000000000e+00
    2.6599800214e-02    0.0000000000e+00
    2.6699600741e-02    0.0000000000e+00
    2.6799300686e-02    0.0000000000e+00
    2.6899000630e-02    0.0000000000e+00
    2.6998799294e-02    0.0000000000e+00
    2.7099700645e-02    0.0000000000e+00
    2.7199499309e-02    0.0000000000e+00
    2.7299199253e-02    0.0000000000e+00
    2.7398999780e-02    0.0000000000e+00
    2.7499899268e-02    0.0000000000e+00
    2.7599699795e-02    0.0000000000e+00
    2.7699399740e-02    0.0000000000e+00
    2.7799200267e-02    0.0000000000e+00
    2.7898900211e-02    0.0000000000e+00
    2.7999900281e-02    0.0000000000e+00
    2.8099600226e-02    0.0000000000e+00
    2.8199400753e-02    0.0000000000e+00
    2.8299100697e-02    0.0000000000e+00
    2.8398899361e-02    0.0000000000e+00
    2.8499800712e-02    0.0000000000e+00
    2.8599599376e-02    0.0000000000e+00
    2.8699299321e-02    0.0000000000e+00
    2.8799399734e-02    0.0000000000e+00
    2.8899900615e-02    0.0000000000e+00
    2.8999900445e-02    0.0000000000e+00
    2.9099799693e-02    0.0000000000e+00
    2.9199700803e-02    0.0000000000e+00
    2.9299600050e-02    0.0000000000e+00
    2.9399499297e-02    0.0000000000e+00
    2.9499400407e-02    0.0000000000e+00
    2.9599400237e-02    0.0000000000e+00
    2.9699899256e-02    0.0000000000e+00
    2.9799800366e-02    0.0000000000e+00
    2.9899800196e-02    0.0000000000e+00
    2.9999699444e-02    0.0000000000e+00
