       301
    0.0000000000e+00    0.0000000000e+00
    9.9796299764e-05    0.0000000000e+00
    1.9995900220e-04    2.4041100222e-09
    2.9975399957e-04    1.0304400000e-08
    3.9954800741e-04    1.8500999843e-08
    4.9933698028e-04    2.6235099426e-08
    5.9912301367e-04    3.3477601136e-08
    6.9890700979e-04    4.0115700983e-08
    7.9989602091e-04    4.6316298352e-08
    8.9965300867e-04    5.2213898982e-08
    9.9939305801e-04    5.7967401546e-08
    1.0991200106e-03    6.3229499858e-08
    1.1988499900e-03    6.7993497055e-08
    1.2997899903e-03    7.2742203372e-08
    1.3994999463e-03    7.7268097698e-08
    1.4992000069e-03    8.1225799420e-08
    1.5992800472e-03    8.4684799617e-08
    1.6995799961e-03    8.7726697018e-08
    1.7996700481e-03    9.0550102527e-08
    1.8994800048e-03    9.2797598938e-08
    1.9992599264e-03    9.4474998491e-08
    2.0995200612e-03    9.5721603088e-08
    2.1995198913e-03    9.6737601041e-08
    2.2997800261e-03    9.7631897233e-08
    2.3994499352e-03    9.8312497698e-08
    2.4999401066e-03    9.8797301007e-08
    2.5994700845e-03    9.9314803492e-08
    2.6998599060e-03    9.9961198430e-08
    2.7991600800e-03    1.0073500079e-07
    2.8995499015e-03    1.0172099962e-07
    2.9998500831e-03    1.0289900132e-07
    3.0993300024e-03    1.0419500285e-07
    3.1994499732e-03    1.0560000163e-07
    3.2997101080e-03    1.0707199749e-07
    3.3999599982e-03    1.0873699807e-07
    3.4993200097e-03    1.1060699734e-07
    3.5993200727e-03    1.1251500354e-07
    3.6999399308e-03    1.1449699855e-07
    3.7991600111e-03    1.1652500120e-07
    3.8997100201e-03    1.1869200023e-07
    3.9999699220e-03    1.2101699554e-07
    4.0992600843e-03    1.2338300337e-07
    4.1995202191e-03    1.2564200347e-07
    4.2994301766e-03    1.2756800061e-07
    4.3997499160e-03    1.2915400305e-07
    4.4995401986e-03    1.3045500680e-07
    4.5997598208e-03    1.3138600252e-07
    4.6993698925e-03    1.3175400682e-07
    4.7995802015e-03    1.3180400060e-07
    4.8997900449e-03    1.3185399439e-07
    4.9993200228e-03    1.3192600079e-07
    5.0995298661e-03    1.3199399973e-07
    5.1997401752e-03    1.3209799476e-07
    5.2997497842e-03    1.3225499629e-07
    5.3993500769e-03    1.3236099505e-07
    5.4995599203e-03    1.3237000474e-07
    5.5997702293e-03    1.3236899576e-07
    5.6999800727e-03    1.3232499896e-07
    5.7998499833e-03    1.3227300144e-07
    5.8999899775e-03    1.3216599370e-07
    5.9995199554e-03    1.3191299786e-07
    6.0997200198e-03    1.3156500245e-07
    6.1999298632e-03    1.3123799647e-07
    6.2994598411e-03    1.3104400409e-07
    6.3996701501e-03    1.3100400054e-07
    6.4998799935e-03    1.3100400054e-07
    6.5994099714e-03    1.3100400054e-07
    6.6996198148e-03    1.3102899743e-07
    6.7998301238e-03    1.3113300668e-07
    6.8993498571e-03    1.3129100296e-07
    6.9995601662e-03    1.3152200040e-07
    7.0997700095e-03    1.3180499536e-07
    7.1999798529e-03    1.3206799565e-07
    7.2995098308e-03    1.3227300144e-07
    7.3997201398e-03    1.3251100484e-07
    7.4999299832e-03    1.3273799482e-07
    7.5994599611e-03    1.3290400602e-07
    7.6996698044e-03    1.3298499368e-07
    7.7998698689e-03    1.3299499813e-07
    7.8993998468e-03    1.3295399981e-07
    7.9996101558e-03    1.3275500521e-07
    8.0998204648e-03    1.3249899666e-07
    8.1993499771e-03    1.3219900552e-07
    8.2995602861e-03    1.3184400416e-07
    8.3997696638e-03    1.3143299782e-07
    8.4999799728e-03    1.3090399875e-07
    8.5995001718e-03    1.3025700696e-07
    8.6997095495e-03    1.2948399331e-07
    8.7999198586e-03    1.2858799892e-07
    8.8994503021e-03    1.2760600043e-07
    8.9996596798e-03    1.2654200532e-07
    9.0998699889e-03    1.2541400451e-07
    9.1994004324e-03    1.2421999429e-07
    9.2996098101e-03    1.2296500529e-07
    9.3998098746e-03    1.2166700003e-07
    9.4993403181e-03    1.2033200392e-07
    9.5995496958e-03    1.1895200203e-07
    9.6997600049e-03    1.1755400209e-07
    9.7993398085e-03    1.1614400108e-07
    9.8995501176e-03    1.1472800310e-07
    9.9997604266e-03    1.1333000316e-07
    1.0099800304e-02    1.1196500083e-07
    1.0199399665e-02    1.1063900018e-07
    1.0299599729e-02    1.0933199945e-07
    1.0399799794e-02    1.0806100192e-07
    1.0499300435e-02    1.0682799712e-07
    1.0599499568e-02    1.0559399755e-07
    1.0699699633e-02    1.0440300002e-07
    1.0799899697e-02    1.0328100331e-07
    1.0899599642e-02    1.0222299807e-07
    1.0999400169e-02    1.0117099691e-07
    1.1099100113e-02    1.0011800100e-07
    1.1198800057e-02    9.9096297390e-08
    1.1299699545e-02    9.8115499725e-08
    1.1399400420e-02    9.7232103258e-08
    1.1499100365e-02    9.6435201158e-08
    1.1598899961e-02    9.5726498728e-08
    1.1699800380e-02    9.5075996853e-08
    1.1799500324e-02    9.4468902034e-08
    1.1899200268e-02    9.3884700902e-08
    1.1998900212e-02    9.3337199303e-08
    1.2099799700e-02    9.2866002888e-08
    1.2199499644e-02    9.2500499704e-08
    1.2299199589e-02    9.2221696946e-08
    1.2398900464e-02    9.1995197238e-08
    1.2499799952e-02    9.1788301404e-08
    1.2599499896e-02    9.1581000561e-08
    1.2699199840e-02    9.1375000011e-08
    1.2798899785e-02    9.1191900253e-08
    1.2899800204e-02    9.1014101145e-08
    1.2999500148e-02    9.0828997656e-08
    1.3099900447e-02    9.0630500438e-08
    1.3199400157e-02    9.0419099763e-08
    1.3299600221e-02    9.0187398882e-08
    1.3399800286e-02    8.9922799873e-08
    1.3499299996e-02    8.9618502841e-08
    1.3599599712e-02    8.9265597580e-08
    1.3699100353e-02    8.8875900417e-08
    1.3799999841e-02    8.8442902779e-08
    1.3899699785e-02    8.7972701124e-08
    1.3999399729e-02    8.7450700903e-08
    1.4099099673e-02    8.6859998305e-08
    1.4200000092e-02    8.6172100566e-08
    1.4299700037e-02    8.5391000937e-08
    1.4399399981e-02    8.4515001220e-08
    1.4499099925e-02    8.3564501097e-08
    1.4598799869e-02    8.2546897318e-08
    1.4699799940e-02    8.1454999190e-08
    1.4799499884e-02    8.0318500295e-08
    1.4899199829e-02    7.9114101936e-08
    1.4998899773e-02    7.7827500888e-08
    1.5099899843e-02    7.6426999840e-08
    1.5199599788e-02    7.4935996963e-08
    1.5299400315e-02    7.3336401840e-08
    1.5399100259e-02    7.1614103092e-08
    1.5498800203e-02    6.9759103383e-08
    1.5599800274e-02    6.7744899468e-08
    1.5699300915e-02    6.5625300749e-08
    1.5799300745e-02    6.3365398262e-08
    1.5899300575e-02    6.0993798456e-08
    1.5999300405e-02    5.8538599745e-08
    1.6099300236e-02    5.6025001527e-08
    1.6199700534e-02    5.3462198224e-08
    1.6299000010e-02    5.0910799132e-08
    1.6399299726e-02    4.8290200283e-08
    1.6499200836e-02    4.5620900835e-08
    1.6599200666e-02    4.2922401633e-08
    1.6699099913e-02    4.0225298648e-08
    1.6799600795e-02    3.7520898388e-08
    1.6899600625e-02    3.4867298382e-08
    1.6999099404e-02    3.2273799633e-08
    1.7099399120e-02    2.9710999883e-08
    1.7199600115e-02    2.7206999320e-08
    1.7299899831e-02    2.4789500230e-08
    1.7400000244e-02    2.2460699967e-08
    1.7500000075e-02    2.0159699687e-08
    1.7599100247e-02    1.7896899962e-08
    1.7699100077e-02    1.5680900134e-08
    1.7799099907e-02    1.3559899870e-08
    1.7899099737e-02    1.1515900233e-08
    1.7999399453e-02    9.5368397623e-09
    1.8099600449e-02    7.6360402446e-09
    1.8199300393e-02    5.8054898666e-09
    1.8299300224e-02    4.0275400792e-09
    1.8399400637e-02    2.3210899869e-09
    1.8499400467e-02    6.8977701329e-10
    1.8599400297e-02    0.0000000000e+00
    1.8699400127e-02    0.0000000000e+00
    1.8799399957e-02    0.0000000000e+00
    1.8899399787e-02    0.0000000000e+00
    1.8999399617e-02    0.0000000000e+00
    1.9099399447e-02    0.0000000000e+00
    1.9199699163e-02    0.0000000000e+00
    1.9299600273e-02    0.0000000000e+00
    1.9399499521e-02    0.0000000000e+00
    1.9499400631e-02    0.0000000000e+00
    1.9600000232e-02    0.0000000000e+00
    1.9699899480e-02    0.0000000000e+00
    1.9799800590e-02    0.0000000000e+00
    1.9899699837e-02    0.0000000000e+00
    1.9999599084e-02    0.0000000000e+00
    2.0099600777e-02    0.0000000000e+00
    2.0199500024e-02    0.0000000000e+00
    2.0299399272e-02    0.0000000000e+00
    2.0400000736e-02    0.0000000000e+00
    2.0499899983e-02    0.0000000000e+00
    2.0599799231e-02    0.0000000000e+00
    2.0699499175e-02    0.0000000000e+00
    2.0799700171e-02    0.0000000000e+00
    2.0899899304e-02    0.0000000000e+00
    2.0999500528e-02    0.0000000000e+00
    2.1099800244e-02    0.0000000000e+00
    2.1199500188e-02    0.0000000000e+00
    2.1299399436e-02    0.0000000000e+00
    2.1399900317e-02    0.0000000000e+00
    2.1499900147e-02    0.0000000000e+00
    2.1599799395e-02    0.0000000000e+00
    2.1699700505e-02    0.0000000000e+00
    2.1799599752e-02    0.0000000000e+00
    2.1899500862e-02    0.0000000000e+00
    2.1999400109e-02    0.0000000000e+00
    2.2099399939e-02    0.0000000000e+00
    2.2199900821e-02    0.0000000000e+00
    2.2299800068e-02    0.0000000000e+00
    2.2399799898e-02    0.0000000000e+00
    2.2499699146e-02    0.0000000000e+00
    2.2599600255e-02    0.0000000000e+00
    2.2699499503e-02    0.0000000000e+00
    2.2799400613e-02    0.0000000000e+00
    2.2900000215e-02    0.0000000000e+00
    2.2999899462e-02    0.0000000000e+00
    2.3099800572e-02    0.0000000000e+00
    2.3199800402e-02    0.0000000000e+00
    2.3299399763e-02    0.0000000000e+00
    2.3399800062e-02    0.0000000000e+00
    2.3499600589e-02    0.0000000000e+00
    2.3599300534e-02    0.0000000000e+00
    2.3699099198e-02    0.0000000000e+00
    2.3798799142e-02    0.0000000000e+00
    2.3899799213e-02    0.0000000000e+00
    2.3999499157e-02    0.0000000000e+00
    2.4099199101e-02    0.0000000000e+00
    2.4198999628e-02    0.0000000000e+00
    2.4299899116e-02    0.0000000000e+00
    2.4399699643e-02    0.0000000000e+00
    2.4499399588e-02    0.0000000000e+00
    2.4599200115e-02    0.0000000000e+00
    2.4698900059e-02    0.0000000000e+00
    2.4799799547e-02    0.0000000000e+00
    2.4899600074e-02    0.0000000000e+00
    2.4999300018e-02    0.0000000000e+00
    2.5098999962e-02    0.0000000000e+00
    2.5200000033e-02    0.0000000000e+00
    2.5299699977e-02    0.0000000000e+00
    2.5399399921e-02    0.0000000000e+00
    2.5499200448e-02    0.0000000000e+00
    2.5598900393e-02    0.0000000000e+00
    2.5699799880e-02    0.0000000000e+00
    2.5799600407e-02    0.0000000000e+00
    2.5899300352e-02    0.0000000000e+00
    2.5999000296e-02    0.0000000000e+00
    2.6100000367e-02    0.0000000000e+00
    2.6199700311e-02    0.0000000000e+00
    2.6299400255e-02    0.0000000000e+00
    2.6399100199e-02    0.0000000000e+00
    2.6498900726e-02    0.0000000000e+00
    2.6599800214e-02    0.0000000000e+00
    2.6699600741e-02    0.0000000000e+00
    2.6799300686e-02    0.0000000000e+00
    2.6899000630e-02    0.0000000000e+00
    2.6998799294e-02    0.0000000000e+00
    2.7099700645e-02    0.0000000000e+00
    2.7199499309e-02    0.0000000000e+00
    2.7299199253e-02    0.0000000000e+00
    2.7398999780e-02    0.0000000000e+00
    2.7499899268e-02    0.0000000000e+00
    2.7599699795e-02    0.0000000000e+00
    2.7699399740e-02    0.0000000000e+00
    2.7799200267e-02    0.0000000000e+00
    2.7898900211e-02    0.0000000000e+00
    2.7999900281e-02    0.0000000000e+00
    2.8099600226e-02    0.0000000000e+00
    2.8199400753e-02    0.0000000000e+00
    2.8299100697e-02    0.0000000000e+00
    2.8398899361e-02    0.0000000000e+00
    2.8499800712e-02    0.0000000000e+00
    2.8599599376e-02    0.0000000000e+00
    2.8699299321e-02    0.0000000000e+00
    2.8799399734e-02    0.0000000000e+00
    2.8899900615e-02    0.0000000000e+00
    2.8999900445e-02    0.0000000000e+00
    2.9099799693e-02    0.0000000000e+00
    2.9199700803e-02    0.0000000000e+00
    2.9299600050e-02    0.0000000000e+00
    2.9399499297e-02    0.0000000000e+00
    2.9499400407e-02    0.0000000000e+00
    2.9599400237e-02    0.0000000000e+00
    2.9699899256e-02    0.0000000000e+00
    2.9799800366e-02    0.0000000000e+00
    2.9899800196e-02    0.0000000000e+00
    2.9999699444e-02    0.0000000000e+00
