       301
    0.0000000000e+00    0.0000000000e+00
    9.9796299764e-05    0.0000000000e+00
    1.9995900220e-04    1.0800699890e-08
    2.9975399957e-04    2.7375600453e-08
    3.9954800741e-04    4.3980200815e-08
    4.9933698028e-04    6.0142596681e-08
    5.9912301367e-04    7.5840901559e-08
    6.9890700979e-04    9.1026002735e-08
    7.9989602091e-04    1.0586799704e-07
    8.9965300867e-04    1.2021600071e-07
    9.9939305801e-04    1.3418400613e-07
    1.0991200106e-03    1.4769800316e-07
    1.1988499900e-03    1.6099799893e-07
    1.2997899903e-03    1.7443200306e-07
    1.3994999463e-03    1.8771500265e-07
    1.4992000069e-03    2.0112500465e-07
    1.5992800472e-03    2.1474500045e-07
    1.6995799961e-03    2.2848999492e-07
    1.7996700481e-03    2.4245798613e-07
    1.8994800048e-03    2.5658098934e-07
    1.9992599264e-03    2.7110201017e-07
    2.0995200612e-03    2.8604199542e-07
    2.1995198913e-03    3.0093900705e-07
    2.2997800261e-03    3.1552900737e-07
    2.3994499352e-03    3.2943299288e-07
    2.4999401066e-03    3.4264999726e-07
    2.5994700845e-03    3.5498700868e-07
    2.6998599060e-03    3.6652801327e-07
    2.7991600800e-03    3.7681701315e-07
    2.8995499015e-03    3.8595700858e-07
    2.9998500831e-03    3.9381998818e-07
    3.0993300024e-03    4.0032401216e-07
    3.1994499732e-03    4.0576000515e-07
    3.2997101080e-03    4.1031299247e-07
    3.3999599982e-03    4.1412300789e-07
    3.4993200097e-03    4.1716199917e-07
    3.5993200727e-03    4.1947498630e-07
    3.6999399308e-03    4.2113501308e-07
    3.7991600111e-03    4.2223399532e-07
    3.8997100201e-03    4.2305100578e-07
    3.9999699220e-03    4.2388398924e-07
    4.0992600843e-03    4.2499098640e-07
    4.1995202191e-03    4.2671999267e-07
    4.2994301766e-03    4.2922098942e-07
    4.3997499160e-03    4.3255400328e-07
    4.4995401986e-03    4.3650899784e-07
    4.5997598208e-03    4.4083199668e-07
    4.6993698925e-03    4.4517599918e-07
    4.7995802015e-03    4.4940298949e-07
    4.8997900449e-03    4.5284599537e-07
    4.9993200228e-03    4.5483199074e-07
    5.0995298661e-03    4.5528699388e-07
    5.1997401752e-03    4.5472700094e-07
    5.2997497842e-03    4.5351299605e-07
    5.3993500769e-03    4.5185200293e-07
    5.4995599203e-03    4.4988999548e-07
    5.5997702293e-03    4.4792099629e-07
    5.6999800727e-03    4.4620298922e-07
    5.7998499833e-03    4.4487600803e-07
    5.8999899775e-03    4.4413201294e-07
    5.9995199554e-03    4.4402000299e-07
    6.0997200198e-03    4.4412999500e-07
    6.1999298632e-03    4.4417600975e-07
    6.2994598411e-03    4.4417600975e-07
    6.3996701501e-03    4.4417600975e-07
    6.4998799935e-03    4.4417600975e-07
    6.5994099714e-03    4.4417600975e-07
    6.6996198148e-03    4.4418300149e-07
    6.7998301238e-03    4.4419499545e-07
    6.8993498571e-03    4.4419499545e-07
    6.9995601662e-03    4.4419701339e-07
    7.0997700095e-03    4.4426801082e-07
    7.1999798529e-03    4.4437899760e-07
    7.2995098308e-03    4.4444800551e-07
    7.3997201398e-03    4.4445300773e-07
    7.4999299832e-03    4.4442998615e-07
    7.5994599611e-03    4.4441500791e-07
    7.6996698044e-03    4.4441500791e-07
    7.7998698689e-03    4.4441500791e-07
    7.8993998468e-03    4.4441500791e-07
    7.9996101558e-03    4.4441500791e-07
    8.0998204648e-03    4.4441500791e-07
    8.1993499771e-03    4.4441500791e-07
    8.2995602861e-03    4.4441199520e-07
    8.3997696638e-03    4.4437499014e-07
    8.4999799728e-03    4.4430800017e-07
    8.5995001718e-03    4.4424899670e-07
    8.6997095495e-03    4.4416898959e-07
    8.7999198586e-03    4.4403000743e-07
    8.8994503021e-03    4.4380499276e-07
    8.9996596798e-03    4.4350198891e-07
    9.0998699889e-03    4.4313898684e-07
    9.1994004324e-03    4.4274099764e-07
    9.2996098101e-03    4.4229298624e-07
    9.3998098746e-03    4.4179100200e-07
    9.4993403181e-03    4.4126198873e-07
    9.5995496958e-03    4.4069901151e-07
    9.6997600049e-03    4.4009800604e-07
    9.7993398085e-03    4.3946698725e-07
    9.8995501176e-03    4.3880700673e-07
    9.9997604266e-03    4.3809998829e-07
    1.0099800304e-02    4.3734200972e-07
    1.0199399665e-02    4.3654600290e-07
    1.0299599729e-02    4.3570599928e-07
    1.0399799794e-02    4.3482700107e-07
    1.0499300435e-02    4.3390599558e-07
    1.0599499568e-02    4.3293698582e-07
    1.0699699633e-02    4.3192400767e-07
    1.0799899697e-02    4.3085501034e-07
    1.0899599642e-02    4.2971200287e-07
    1.0999400169e-02    4.2850200543e-07
    1.1099100113e-02    4.2724801119e-07
    1.1198800057e-02    4.2592799332e-07
    1.1299699545e-02    4.2449698867e-07
    1.1399400420e-02    4.2298199787e-07
    1.1499100365e-02    4.2138100298e-07
    1.1598899961e-02    4.1971100018e-07
    1.1699800380e-02    4.1795200900e-07
    1.1799500324e-02    4.1615300006e-07
    1.1899200268e-02    4.1430399733e-07
    1.1998900212e-02    4.1239999859e-07
    1.2099799700e-02    4.1041300847e-07
    1.2199499644e-02    4.0838500581e-07
    1.2299199589e-02    4.0631599063e-07
    1.2398900464e-02    4.0424299641e-07
    1.2499799952e-02    4.0212799490e-07
    1.2599499896e-02    3.9999301293e-07
    1.2699199840e-02    3.9778700511e-07
    1.2798899785e-02    3.9551599684e-07
    1.2899800204e-02    3.9318200606e-07
    1.2999500148e-02    3.9085699655e-07
    1.3099900447e-02    3.8850399164e-07
    1.3199400157e-02    3.8615701214e-07
    1.3299600221e-02    3.8375898725e-07
    1.3399800286e-02    3.8129300606e-07
    1.3499299996e-02    3.7876799297e-07
    1.3599599712e-02    3.7615700421e-07
    1.3699100353e-02    3.7352100435e-07
    1.3799999841e-02    3.7081900928e-07
    1.3899699785e-02    3.6809998960e-07
    1.3999399729e-02    3.6532298964e-07
    1.4099099673e-02    3.6248698621e-07
    1.4200000092e-02    3.5955301314e-07
    1.4299700037e-02    3.5659201103e-07
    1.4399399981e-02    3.5357101069e-07
    1.4499099925e-02    3.5050601355e-07
    1.4598799869e-02    3.4741199784e-07
    1.4699799940e-02    3.4426699358e-07
    1.4799499884e-02    3.4115998915e-07
    1.4899199829e-02    3.3806699662e-07
    1.4998899773e-02    3.3498000107e-07
    1.5099899843e-02    3.3184198855e-07
    1.5199599788e-02    3.2871199096e-07
    1.5299400315e-02    3.2555101370e-07
    1.5399100259e-02    3.2237301184e-07
    1.5498800203e-02    3.1918901300e-07
    1.5599800274e-02    3.1597099337e-07
    1.5699300915e-02    3.1279898849e-07
    1.5799300745e-02    3.0960100617e-07
    1.5899300575e-02    3.0637801274e-07
    1.5999300405e-02    3.0312600074e-07
    1.6099300236e-02    2.9985798733e-07
    1.6199700534e-02    2.9658500011e-07
    1.6299000010e-02    2.9337599017e-07
    1.6399299726e-02    2.9015899372e-07
    1.6499200836e-02    2.8696899790e-07
    1.6599200666e-02    2.8378400430e-07
    1.6699099913e-02    2.8059699275e-07
    1.6799600795e-02    2.7740099995e-07
    1.6899600625e-02    2.7424300697e-07
    1.6999099404e-02    2.7111099143e-07
    1.7099399120e-02    2.6795800068e-07
    1.7199600115e-02    2.6478400628e-07
    1.7299899831e-02    2.6159500521e-07
    1.7400000244e-02    2.5842800255e-07
    1.7500000075e-02    2.5530800940e-07
    1.7599100247e-02    2.5227100764e-07
    1.7699100077e-02    2.4924901254e-07
    1.7799099907e-02    2.4626299933e-07
    1.7899099737e-02    2.4332399562e-07
    1.7999399453e-02    2.4042898872e-07
    1.8099600449e-02    2.3757600331e-07
    1.8199300393e-02    2.3475500655e-07
    1.8299300224e-02    2.3194199628e-07
    1.8399400637e-02    2.2915500608e-07
    1.8499400467e-02    2.2642200292e-07
    1.8599400297e-02    2.2376100617e-07
    1.8699400127e-02    2.2118300080e-07
    1.8799399957e-02    2.1868800104e-07
    1.8899399787e-02    2.1625800173e-07
    1.8999399617e-02    2.1386600224e-07
    1.9099399447e-02    2.1150600560e-07
    1.9199699163e-02    2.0917200061e-07
    1.9299600273e-02    2.0686499624e-07
    1.9399499521e-02    2.0458399774e-07
    1.9499400631e-02    2.0233800058e-07
    1.9600000232e-02    2.0011900403e-07
    1.9699899480e-02    1.9798099515e-07
    1.9799800590e-02    1.9592799561e-07
    1.9899699837e-02    1.9394499873e-07
    1.9999599084e-02    1.9201499413e-07
    2.0099600777e-02    1.9013400276e-07
    2.0199500024e-02    1.8832599835e-07
    2.0299399272e-02    1.8660099954e-07
    2.0400000736e-02    1.8493500420e-07
    2.0499899983e-02    1.8332900709e-07
    2.0599799231e-02    1.8173599869e-07
    2.0699499175e-02    1.8013300007e-07
    2.0799700171e-02    1.7851300527e-07
    2.0899899304e-02    1.7689799847e-07
    2.0999500528e-02    1.7530099683e-07
    2.1099800244e-02    1.7368300576e-07
    2.1199500188e-02    1.7206500047e-07
    2.1299399436e-02    1.7042600575e-07
    2.1399900317e-02    1.6874300002e-07
    2.1499900147e-02    1.6702399819e-07
    2.1599799395e-02    1.6525299884e-07
    2.1699700505e-02    1.6344199594e-07
    2.1799599752e-02    1.6161699534e-07
    2.1899500862e-02    1.5977400381e-07
    2.1999400109e-02    1.5788999974e-07
    2.2099399939e-02    1.5592900127e-07
    2.2199900821e-02    1.5386299879e-07
    2.2299800068e-02    1.5175599799e-07
    2.2399799898e-02    1.4963900696e-07
    2.2499699146e-02    1.4754300537e-07
    2.2599600255e-02    1.4548399463e-07
    2.2699499503e-02    1.4346400690e-07
    2.2799400613e-02    1.4146199590e-07
    2.2900000215e-02    1.3943200372e-07
    2.2999899462e-02    1.3737499671e-07
    2.3099800572e-02    1.3527800036e-07
    2.3199800402e-02    1.3315700187e-07
    2.3299399763e-02    1.3103600338e-07
    2.3399800062e-02    1.2890099299e-07
    2.3499600589e-02    1.2678400196e-07
    2.3599300534e-02    1.2464799681e-07
    2.3699099198e-02    1.2247500081e-07
    2.3798799142e-02    1.2025999752e-07
    2.3899799213e-02    1.1798699973e-07
    2.3999499157e-02    1.1572500114e-07
    2.4099199101e-02    1.1346399731e-07
    2.4198999628e-02    1.1119499987e-07
    2.4299899116e-02    1.0887900004e-07
    2.4399699643e-02    1.0653899807e-07
    2.4499399588e-02    1.0412300355e-07
    2.4599200115e-02    1.0162099784e-07
    2.4698900059e-02    9.9038700796e-08
    2.4799799547e-02    9.6378400372e-08
    2.4899600074e-02    9.3734797701e-08
    2.4999300018e-02    9.1080401887e-08
    2.5098999962e-02    8.8396298281e-08
    2.5200000033e-02    8.5633999447e-08
    2.5299699977e-02    8.2854597849e-08
    2.5399399921e-02    8.0022601878e-08
    2.5499200448e-02    7.7142502164e-08
    2.5598900393e-02    7.4226100821e-08
    2.5699799880e-02    7.1254298462e-08
    2.5799600407e-02    6.8312097312e-08
    2.5899300352e-02    6.5372702807e-08
    2.5999000296e-02    6.2439497128e-08
    2.6100000367e-02    5.9477400782e-08
    2.6199700311e-02    5.6548099536e-08
    2.6299400255e-02    5.3602398964e-08
    2.6399100199e-02    5.0626500325e-08
    2.6498900726e-02    4.7604100217e-08
    2.6599800214e-02    4.4483698503e-08
    2.6699600741e-02    4.1334498491e-08
    2.6799300686e-02    3.8119701173e-08
    2.6899000630e-02    3.4848699926e-08
    2.6998799294e-02    3.1538000655e-08
    2.7099700645e-02    2.8164199861e-08
    2.7199499309e-02    2.4831200207e-08
    2.7299199253e-02    2.1513400839e-08
    2.7398999780e-02    1.8216299580e-08
    2.7499899268e-02    1.4900700229e-08
    2.7599699795e-02    1.1640500119e-08
    2.7699399740e-02    8.3812397023e-09
    2.7799200267e-02    5.1066901818e-09
    2.7898900211e-02    1.8027399573e-09
    2.7999900281e-02    0.0000000000e+00
    2.8099600226e-02    0.0000000000e+00
    2.8199400753e-02    0.0000000000e+00
    2.8299100697e-02    0.0000000000e+00
    2.8398899361e-02    0.0000000000e+00
    2.8499800712e-02    0.0000000000e+00
    2.8599599376e-02    0.0000000000e+00
    2.8699299321e-02    0.0000000000e+00
    2.8799399734e-02    0.0000000000e+00
    2.8899900615e-02    0.0000000000e+00
    2.8999900445e-02    0.0000000000e+00
    2.9099799693e-02    0.0000000000e+00
    2.9199700803e-02    0.0000000000e+00
    2.9299600050e-02    0.0000000000e+00
    2.9399499297e-02    0.0000000000e+00
    2.9499400407e-02    0.0000000000e+00
    2.9599400237e-02    0.0000000000e+00
    2.9699899256e-02    0.0000000000e+00
    2.9799800366e-02    0.0000000000e+00
    2.9899800196e-02    0.0000000000e+00
    2.9999699444e-02    0.0000000000e+00
