       301
    0.0000000000e+00    0.0000000000e+00
    9.9796299764e-05    1.6075299425e-10
    1.9995900220e-04    1.6019100713e-08
    2.9975399957e-04    3.7428399935e-08
    3.9954800741e-04    5.8538798697e-08
    4.9933698028e-04    7.9052597357e-08
    5.9912301367e-04    9.8988998332e-08
    6.9890700979e-04    1.1832499780e-07
    7.9989602091e-04    1.3717000513e-07
    8.9965300867e-04    1.5509399987e-07
    9.9939305801e-04    1.7220999382e-07
    1.0991200106e-03    1.8850199979e-07
    1.1988499900e-03    2.0402700329e-07
    1.2997899903e-03    2.1892799396e-07
    1.3994999463e-03    2.3285400630e-07
    1.4992000069e-03    2.4604401005e-07
    1.5992800472e-03    2.5858099661e-07
    1.6995799961e-03    2.7040201189e-07
    1.7996700481e-03    2.8150000730e-07
    1.8994800048e-03    2.9188899475e-07
    1.9992599264e-03    3.0165000453e-07
    2.0995200612e-03    3.1088998753e-07
    2.1995198913e-03    3.1956000157e-07
    2.2997800261e-03    3.2778200421e-07
    2.3994499352e-03    3.3555900814e-07
    2.4999401066e-03    3.4305199392e-07
    2.5994700845e-03    3.5021901112e-07
    2.6998599060e-03    3.5736300674e-07
    2.7991600800e-03    3.6436500750e-07
    2.8995499015e-03    3.7139400888e-07
    2.9998500831e-03    3.7827700794e-07
    3.0993300024e-03    3.8485200093e-07
    3.1994499732e-03    3.9126200591e-07
    3.2997101080e-03    3.9744298874e-07
    3.3999599982e-03    4.0340299279e-07
    3.4993200097e-03    4.0917601041e-07
    3.5993200727e-03    4.1491401248e-07
    3.6999399308e-03    4.2065698835e-07
    3.7991600111e-03    4.2616198925e-07
    3.8997100201e-03    4.3130299332e-07
    3.9999699220e-03    4.3585899334e-07
    4.0992600843e-03    4.3967000352e-07
    4.1995202191e-03    4.4260198706e-07
    4.2994301766e-03    4.4448501058e-07
    4.3997499160e-03    4.4544501066e-07
    4.4995401986e-03    4.4569000579e-07
    4.5997598208e-03    4.4560900392e-07
    4.6993698925e-03    4.4532799848e-07
    4.7995802015e-03    4.4492099960e-07
    4.8997900449e-03    4.4445999947e-07
    4.9993200228e-03    4.4420499989e-07
    5.0995298661e-03    4.4415000389e-07
    5.1997401752e-03    4.4417100753e-07
    5.2997497842e-03    4.4437499014e-07
    5.3993500769e-03    4.4470800731e-07
    5.4995599203e-03    4.4507899588e-07
    5.5997702293e-03    4.4532501420e-07
    5.6999800727e-03    4.4538799671e-07
    5.7998499833e-03    4.4543401145e-07
    5.8999899775e-03    4.4543600097e-07
    5.9995199554e-03    4.4532001198e-07
    6.0997200198e-03    4.4513200237e-07
    6.1999298632e-03    4.4484198725e-07
    6.2994598411e-03    4.4446699121e-07
    6.3996701501e-03    4.4414699119e-07
    6.4998799935e-03    4.4393098619e-07
    6.5994099714e-03    4.4378199959e-07
    6.6996198148e-03    4.4356599460e-07
    6.7998301238e-03    4.4327398996e-07
    6.8993498571e-03    4.4296700707e-07
    6.9995601662e-03    4.4268600163e-07
    7.0997700095e-03    4.4248301379e-07
    7.1999798529e-03    4.4241900810e-07
    7.2995098308e-03    4.4241900810e-07
    7.3997201398e-03    4.4241900810e-07
    7.4999299832e-03    4.4241599539e-07
    7.5994599611e-03    4.4241599539e-07
    7.6996698044e-03    4.4240300667e-07
    7.7998698689e-03    4.4237299335e-07
    7.8993998468e-03    4.4235400765e-07
    7.9996101558e-03    4.4232498908e-07
    8.0998204648e-03    4.4225200213e-07
    8.1993499771e-03    4.4211699901e-07
    8.2995602861e-03    4.4192799464e-07
    8.3997696638e-03    4.4169900093e-07
    8.4999799728e-03    4.4146699452e-07
    8.5995001718e-03    4.4123899556e-07
    8.6997095495e-03    4.4100599439e-07
    8.7999198586e-03    4.4078700512e-07
    8.8994503021e-03    4.4054399950e-07
    8.9996596798e-03    4.4025799184e-07
    9.0998699889e-03    4.3993500753e-07
    9.1994004324e-03    4.3959698814e-07
    9.2996098101e-03    4.3922901227e-07
    9.3998098746e-03    4.3880399403e-07
    9.4993403181e-03    4.3832901042e-07
    9.5995496958e-03    4.3781901127e-07
    9.6997600049e-03    4.3728300625e-07
    9.7993398085e-03    4.3670200967e-07
    9.8995501176e-03    4.3605601263e-07
    9.9997604266e-03    4.3534399197e-07
    1.0099800304e-02    4.3455298737e-07
    1.0199399665e-02    4.3368299885e-07
    1.0299599729e-02    4.3272700623e-07
    1.0399799794e-02    4.3169998776e-07
    1.0499300435e-02    4.3062800614e-07
    1.0599499568e-02    4.2949000090e-07
    1.0699699633e-02    4.2827699076e-07
    1.0799899697e-02    4.2699198843e-07
    1.0899599642e-02    4.2566099978e-07
    1.0999400169e-02    4.2429499558e-07
    1.1099100113e-02    4.2289198632e-07
    1.1198800057e-02    4.2145600787e-07
    1.1299699545e-02    4.1996401023e-07
    1.1399400420e-02    4.1844199927e-07
    1.1499100365e-02    4.1687800945e-07
    1.1598899961e-02    4.1527400185e-07
    1.1699800380e-02    4.1362798697e-07
    1.1799500324e-02    4.1198100575e-07
    1.1899200268e-02    4.1028800979e-07
    1.1998900212e-02    4.0852600591e-07
    1.2099799700e-02    4.0665901224e-07
    1.2199499644e-02    4.0473699414e-07
    1.2299199589e-02    4.0275901370e-07
    1.2398900464e-02    4.0073300056e-07
    1.2499799952e-02    3.9863800794e-07
    1.2599499896e-02    3.9652300643e-07
    1.2699199840e-02    3.9434900145e-07
    1.2798899785e-02    3.9210499381e-07
    1.2899800204e-02    3.8977100303e-07
    1.2999500148e-02    3.8742300035e-07
    1.3099900447e-02    3.8503100086e-07
    1.3199400157e-02    3.8261799773e-07
    1.3299600221e-02    3.8012601067e-07
    1.3399800286e-02    3.7757101268e-07
    1.3499299996e-02    3.7497900962e-07
    1.3599599712e-02    3.7232999262e-07
    1.3699100353e-02    3.6966699213e-07
    1.3799999841e-02    3.6693998595e-07
    1.3899699785e-02    3.6421801042e-07
    1.3999399729e-02    3.6145999616e-07
    1.4099099673e-02    3.5866500525e-07
    1.4200000092e-02    3.5580998770e-07
    1.4299700037e-02    3.5297898648e-07
    1.4399399981e-02    3.5013698607e-07
    1.4499099925e-02    3.4727099774e-07
    1.4598799869e-02    3.4437098861e-07
    1.4699799940e-02    3.4139699778e-07
    1.4799499884e-02    3.3842400171e-07
    1.4899199829e-02    3.3542198707e-07
    1.4998899773e-02    3.3238799801e-07
    1.5099899843e-02    3.2927999882e-07
    1.5199599788e-02    3.2616100043e-07
    1.5299400315e-02    3.2298498809e-07
    1.5399100259e-02    3.1975901038e-07
    1.5498800203e-02    3.1650699839e-07
    1.5599800274e-02    3.1321499705e-07
    1.5699300915e-02    3.0997099998e-07
    1.5799300745e-02    3.0669801276e-07
    1.5899300575e-02    3.0340800095e-07
    1.5999300405e-02    3.0010301089e-07
    1.6099300236e-02    2.9680001035e-07
    1.6199700534e-02    2.9349700981e-07
    1.6299000010e-02    2.9025198955e-07
    1.6399299726e-02    2.8699400900e-07
    1.6499200836e-02    2.8375399097e-07
    1.6599200666e-02    2.8050399692e-07
    1.6699099913e-02    2.7726699159e-07
    1.6799600795e-02    2.7401898706e-07
    1.6899600625e-02    2.7080500331e-07
    1.6999099404e-02    2.6763399319e-07
    1.7099399120e-02    2.6446198831e-07
    1.7199600115e-02    2.6130999231e-07
    1.7299899831e-02    2.5817800520e-07
    1.7400000244e-02    2.5506699330e-07
    1.7500000075e-02    2.5196499109e-07
    1.7599100247e-02    2.4889899919e-07
    1.7699100077e-02    2.4582300284e-07
    1.7799099907e-02    2.4276999966e-07
    1.7899099737e-02    2.3974899932e-07
    1.7999399453e-02    2.3676200556e-07
    1.8099600449e-02    2.3382300185e-07
    1.8199300393e-02    2.3096100676e-07
    1.8299300224e-02    2.2816300316e-07
    1.8399400637e-02    2.2543599698e-07
    1.8499400467e-02    2.2278300094e-07
    1.8599400297e-02    2.2020600454e-07
    1.8699400127e-02    2.1770999581e-07
    1.8799399957e-02    2.1528499872e-07
    1.8899399787e-02    2.1291600660e-07
    1.8999399617e-02    2.1059500455e-07
    1.9099399447e-02    2.0830900382e-07
    1.9199699163e-02    2.0603700079e-07
    1.9299600273e-02    2.0380599608e-07
    1.9399499521e-02    2.0163500380e-07
    1.9499400631e-02    1.9953000674e-07
    1.9600000232e-02    1.9746700275e-07
    1.9699899480e-02    1.9547100294e-07
    1.9799800590e-02    1.9351199398e-07
    1.9899699837e-02    1.9158200359e-07
    1.9999599084e-02    1.8968400184e-07
    2.0099600777e-02    1.8781599920e-07
    2.0199500024e-02    1.8597700091e-07
    2.0299399272e-02    1.8415200032e-07
    2.0400000736e-02    1.8231600052e-07
    2.0499899983e-02    1.8048299921e-07
    2.0599799231e-02    1.7864300617e-07
    2.0699499175e-02    1.7681199438e-07
    2.0799700171e-02    1.7499100124e-07
    2.0899899304e-02    1.7319699452e-07
    2.0999500528e-02    1.7143899811e-07
    2.1099800244e-02    1.6967599947e-07
    2.1199500188e-02    1.6792499480e-07
    2.1299399436e-02    1.6616799314e-07
    2.1399900317e-02    1.6439800277e-07
    2.1499900147e-02    1.6263899738e-07
    2.1599799395e-02    1.6088999644e-07
    2.1699700505e-02    1.5915000517e-07
    2.1799599752e-02    1.5740600645e-07
    2.1899500862e-02    1.5564999956e-07
    2.1999400109e-02    1.5387199426e-07
    2.2099399939e-02    1.5207899651e-07
    2.2199900821e-02    1.5026799360e-07
    2.2299800068e-02    1.4846500562e-07
    2.2399799898e-02    1.4663700654e-07
    2.2499699146e-02    1.4475899945e-07
    2.2599600255e-02    1.4282099414e-07
    2.2699499503e-02    1.4083499877e-07
    2.2799400613e-02    1.3881499683e-07
    2.2900000215e-02    1.3675000332e-07
    2.2999899462e-02    1.3466500093e-07
    2.3099800572e-02    1.3254499720e-07
    2.3199800402e-02    1.3038800262e-07
    2.3299399763e-02    1.2820500217e-07
    2.3399800062e-02    1.2598100341e-07
    2.3499600589e-02    1.2375599567e-07
    2.3599300534e-02    1.2151500073e-07
    2.3699099198e-02    1.1924899468e-07
    2.3798799142e-02    1.1694699964e-07
    2.3899799213e-02    1.1458799776e-07
    2.3999499157e-02    1.1223699659e-07
    2.4099199101e-02    1.0987400145e-07
    2.4198999628e-02    1.0749700152e-07
    2.4299899116e-02    1.0506399661e-07
    2.4399699643e-02    1.0262200334e-07
    2.4499399588e-02    1.0013300056e-07
    2.4599200115e-02    9.7604001326e-08
    2.4698900059e-02    9.5042601345e-08
    2.4799799547e-02    9.2422098419e-08
    2.4899600074e-02    8.9806299286e-08
    2.4999300018e-02    8.7161097895e-08
    2.5098999962e-02    8.4483900764e-08
    2.5200000033e-02    8.1741802660e-08
    2.5299699977e-02    7.9003896758e-08
    2.5399399921e-02    7.6244397462e-08
    2.5499200448e-02    7.3467703032e-08
    2.5598900393e-02    7.0672101060e-08
    2.5699799880e-02    6.7815697946e-08
    2.5799600407e-02    6.4960296697e-08
    2.5899300352e-02    6.2064898998e-08
    2.5999000296e-02    5.9123699714e-08
    2.6100000367e-02    5.6097000822e-08
    2.6199700311e-02    5.3061498306e-08
    2.6299400255e-02    4.9993001738e-08
    2.6399100199e-02    4.6902801643e-08
    2.6498900726e-02    4.3796198668e-08
    2.6599800214e-02    4.0639598353e-08
    2.6699600741e-02    3.7512300821e-08
    2.6799300686e-02    3.4372799718e-08
    2.6899000630e-02    3.1211300211e-08
    2.6998799294e-02    2.8020599174e-08
    2.7099700645e-02    2.4763400219e-08
    2.7199499309e-02    2.1527599259e-08
    2.7299199253e-02    1.8285000181e-08
    2.7398999780e-02    1.5039899992e-08
    2.7499899268e-02    1.1744799799e-08
    2.7599699795e-02    8.4658200450e-09
    2.7699399740e-02    5.1534998491e-09
    2.7799200267e-02    1.8089399978e-09
    2.7898900211e-02    0.0000000000e+00
    2.7999900281e-02    0.0000000000e+00
    2.8099600226e-02    0.0000000000e+00
    2.8199400753e-02    0.0000000000e+00
    2.8299100697e-02    0.0000000000e+00
    2.8398899361e-02    0.0000000000e+00
    2.8499800712e-02    0.0000000000e+00
    2.8599599376e-02    0.0000000000e+00
    2.8699299321e-02    0.0000000000e+00
    2.8799399734e-02    0.0000000000e+00
    2.8899900615e-02    0.0000000000e+00
    2.8999900445e-02    0.0000000000e+00
    2.9099799693e-02    0.0000000000e+00
    2.9199700803e-02    0.0000000000e+00
    2.9299600050e-02    0.0000000000e+00
    2.9399499297e-02    0.0000000000e+00
    2.9499400407e-02    0.0000000000e+00
    2.9599400237e-02    0.0000000000e+00
    2.9699899256e-02    0.0000000000e+00
    2.9799800366e-02    0.0000000000e+00
    2.9899800196e-02    0.0000000000e+00
    2.9999699444e-02    0.0000000000e+00
