       301
    0.0000000000e+00    0.0000000000e+00
    9.9796299764e-05    0.0000000000e+00
    1.9995900220e-04    9.6966203955e-09
    2.9975399957e-04    2.5463400277e-08
    3.9954800741e-04    4.1109700533e-08
    4.9933698028e-04    5.6203198540e-08
    5.9912301367e-04    7.0796502882e-08
    6.9890700979e-04    8.4891802032e-08
    7.9989602091e-04    9.8644896696e-08
    8.9965300867e-04    1.1167799840e-07
    9.9939305801e-04    1.2418999518e-07
    1.0991200106e-03    1.3640999441e-07
    1.1988499900e-03    1.4822499850e-07
    1.2997899903e-03    1.5964199918e-07
    1.3994999463e-03    1.7042999900e-07
    1.4992000069e-03    1.8080200448e-07
    1.5992800472e-03    1.9068799872e-07
    1.6995799961e-03    2.0013600022e-07
    1.7996700481e-03    2.0901900655e-07
    1.8994800048e-03    2.1754999580e-07
    1.9992599264e-03    2.2557600232e-07
    2.0995200612e-03    2.3308399477e-07
    2.1995198913e-03    2.4002301302e-07
    2.2997800261e-03    2.4649901320e-07
    2.3994499352e-03    2.5248499469e-07
    2.4999401066e-03    2.5807000270e-07
    2.5994700845e-03    2.6311099077e-07
    2.6998599060e-03    2.6780298867e-07
    2.7991600800e-03    2.7217799925e-07
    2.8995499015e-03    2.7638799338e-07
    2.9998500831e-03    2.8041199585e-07
    3.0993300024e-03    2.8415701081e-07
    3.1994499732e-03    2.8759600923e-07
    3.2997101080e-03    2.9064099749e-07
    3.3999599982e-03    2.9321100214e-07
    3.4993200097e-03    2.9527200240e-07
    3.5993200727e-03    2.9701200788e-07
    3.6999399308e-03    2.9853799788e-07
    3.7991600111e-03    2.9983900163e-07
    3.8997100201e-03    3.0086599168e-07
    3.9999699220e-03    3.0147899110e-07
    4.0992600843e-03    3.0185501032e-07
    4.1995202191e-03    3.0224001080e-07
    4.2994301766e-03    3.0260301287e-07
    4.3997499160e-03    3.0291698749e-07
    4.4995401986e-03    3.0326398814e-07
    4.5997598208e-03    3.0359100833e-07
    4.6993698925e-03    3.0376199334e-07
    4.7995802015e-03    3.0380800808e-07
    4.8997900449e-03    3.0381599458e-07
    4.9993200228e-03    3.0380300586e-07
    5.0995298661e-03    3.0371199955e-07
    5.1997401752e-03    3.0356699199e-07
    5.2997497842e-03    3.0339501222e-07
    5.3993500769e-03    3.0323400324e-07
    5.4995599203e-03    3.0320200040e-07
    5.5997702293e-03    3.0320200040e-07
    5.6999800727e-03    3.0320200040e-07
    5.7998499833e-03    3.0320200040e-07
    5.8999899775e-03    3.0319898769e-07
    5.9995199554e-03    3.0318199151e-07
    6.0997200198e-03    3.0317801247e-07
    6.1999298632e-03    3.0317499977e-07
    6.2994598411e-03    3.0316800803e-07
    6.3996701501e-03    3.0316701327e-07
    6.4998799935e-03    3.0316499533e-07
    6.5994099714e-03    3.0315499089e-07
    6.6996198148e-03    3.0315499089e-07
    6.7998301238e-03    3.0315499089e-07
    6.8993498571e-03    3.0315499089e-07
    6.9995601662e-03    3.0315499089e-07
    7.0997700095e-03    3.0315499089e-07
    7.1999798529e-03    3.0315399613e-07
    7.2995098308e-03    3.0315399613e-07
    7.3997201398e-03    3.0315399613e-07
    7.4999299832e-03    3.0316201105e-07
    7.5994599611e-03    3.0317301025e-07
    7.6996698044e-03    3.0320001088e-07
    7.7998698689e-03    3.0320700262e-07
    7.8993998468e-03    3.0321299960e-07
    7.9996101558e-03    3.0321498912e-07
    8.0998204648e-03    3.0322200928e-07
    8.1993499771e-03    3.0322999578e-07
    8.2995602861e-03    3.0323698752e-07
    8.3997696638e-03    3.0324400768e-07
    8.4999799728e-03    3.0324900990e-07
    8.5995001718e-03    3.0325298894e-07
    8.6997095495e-03    3.0325298894e-07
    8.7999198586e-03    3.0325199418e-07
    8.8994503021e-03    3.0324798672e-07
    8.9996596798e-03    3.0323201372e-07
    9.0998699889e-03    3.0320501310e-07
    9.1994004324e-03    3.0318599897e-07
    9.2996098101e-03    3.0317599453e-07
    9.3998098746e-03    3.0317301025e-07
    9.4993403181e-03    3.0317301025e-07
    9.5995496958e-03    3.0316599009e-07
    9.6997600049e-03    3.0314200217e-07
    9.7993398085e-03    3.0310599186e-07
    9.8995501176e-03    3.0305500331e-07
    9.9997604266e-03    3.0297999842e-07
    1.0099800304e-02    3.0288899211e-07
    1.0199399665e-02    3.0277800533e-07
    1.0299599729e-02    3.0264499173e-07
    1.0399799794e-02    3.0249100291e-07
    1.0499300435e-02    3.0232399695e-07
    1.0599499568e-02    3.0214400226e-07
    1.0699699633e-02    3.0194701139e-07
    1.0799899697e-02    3.0171599974e-07
    1.0899599642e-02    3.0144400398e-07
    1.0999400169e-02    3.0113699268e-07
    1.1099100113e-02    3.0078700775e-07
    1.1198800057e-02    3.0038000887e-07
    1.1299699545e-02    2.9989800510e-07
    1.1399400420e-02    2.9936100532e-07
    1.1499100365e-02    2.9875599239e-07
    1.1598899961e-02    2.9808700219e-07
    1.1699800380e-02    2.9733899964e-07
    1.1799500324e-02    2.9653901379e-07
    1.1899200268e-02    2.9567598858e-07
    1.1998900212e-02    2.9473400787e-07
    1.2099799700e-02    2.9369701338e-07
    1.2199499644e-02    2.9259101098e-07
    1.2299199589e-02    2.9140599622e-07
    1.2398900464e-02    2.9014799452e-07
    1.2499799952e-02    2.8880199920e-07
    1.2599499896e-02    2.8739199820e-07
    1.2699199840e-02    2.8589400358e-07
    1.2798899785e-02    2.8430500265e-07
    1.2899800204e-02    2.8260399176e-07
    1.2999500148e-02    2.8085000281e-07
    1.3099900447e-02    2.7901398880e-07
    1.3199400157e-02    2.7713198847e-07
    1.3299600221e-02    2.7517600643e-07
    1.3399800286e-02    2.7315999773e-07
    1.3499299996e-02    2.7109601319e-07
    1.3599599712e-02    2.6895298788e-07
    1.3699100353e-02    2.6676300990e-07
    1.3799999841e-02    2.6449299639e-07
    1.3899699785e-02    2.6220899940e-07
    1.3999399729e-02    2.5988998686e-07
    1.4099099673e-02    2.5752800070e-07
    1.4200000092e-02    2.5508899171e-07
    1.4299700037e-02    2.5263298653e-07
    1.4399399981e-02    2.5014000471e-07
    1.4499099925e-02    2.4761999384e-07
    1.4598799869e-02    2.4508500474e-07
    1.4699799940e-02    2.4251900754e-07
    1.4799499884e-02    2.3999601240e-07
    1.4899199829e-02    2.3748700073e-07
    1.4998899773e-02    2.3498900248e-07
    1.5099899843e-02    2.3247299907e-07
    1.5199599788e-02    2.2999799398e-07
    1.5299400315e-02    2.2753799556e-07
    1.5399100259e-02    2.2508899633e-07
    1.5498800203e-02    2.2265099631e-07
    1.5599800274e-02    2.2018700463e-07
    1.5699300915e-02    2.1775599635e-07
    1.5799300745e-02    2.1530399863e-07
    1.5899300575e-02    2.1283300100e-07
    1.5999300405e-02    2.1034300346e-07
    1.6099300236e-02    2.0784099775e-07
    1.6199700534e-02    2.0531599887e-07
    1.6299000010e-02    2.0280900515e-07
    1.6399299726e-02    2.0025299818e-07
    1.6499200836e-02    1.9769299797e-07
    1.6599200666e-02    1.9511999483e-07
    1.6699099913e-02    1.9252499328e-07
    1.6799600795e-02    1.8987300621e-07
    1.6899600625e-02    1.8719700279e-07
    1.6999099404e-02    1.8451500239e-07
    1.7099399120e-02    1.8181199835e-07
    1.7199600115e-02    1.7911099803e-07
    1.7299899831e-02    1.7639800376e-07
    1.7400000244e-02    1.7369700345e-07
    1.7500000075e-02    1.7102199479e-07
    1.7599100247e-02    1.6841299555e-07
    1.7699100077e-02    1.6582499995e-07
    1.7799099907e-02    1.6327399521e-07
    1.7899099737e-02    1.6074200460e-07
    1.7999399453e-02    1.5821899524e-07
    1.8099600449e-02    1.5570400080e-07
    1.8199300393e-02    1.5319800184e-07
    1.8299300224e-02    1.5066500225e-07
    1.8399400637e-02    1.4810700577e-07
    1.8499400467e-02    1.4552699668e-07
    1.8599400297e-02    1.4293800632e-07
    1.8699400127e-02    1.4035400397e-07
    1.8799399957e-02    1.3778199559e-07
    1.8899399787e-02    1.3522300435e-07
    1.8999399617e-02    1.3266999588e-07
    1.9099399447e-02    1.3012299860e-07
    1.9199699163e-02    1.2758600576e-07
    1.9299600273e-02    1.2508300529e-07
    1.9399499521e-02    1.2259999949e-07
    1.9499400631e-02    1.2015100026e-07
    1.9600000232e-02    1.1771899722e-07
    1.9699899480e-02    1.1531499666e-07
    1.9799800590e-02    1.1292399904e-07
    1.9899699837e-02    1.1054999760e-07
    1.9999599084e-02    1.0819100282e-07
    2.0099600777e-02    1.0586399668e-07
    2.0199500024e-02    1.0357800306e-07
    2.0299399272e-02    1.0132399808e-07
    2.0400000736e-02    9.9084701333e-08
    2.0499899983e-02    9.6882303069e-08
    2.0599799231e-02    9.4688701324e-08
    2.0699499175e-02    9.2517502992e-08
    2.0799700171e-02    9.0372303418e-08
    2.0899899304e-02    8.8274802579e-08
    2.0999500528e-02    8.6241399799e-08
    2.1099800244e-02    8.4235502129e-08
    2.1199500188e-02    8.2273800217e-08
    2.1299399436e-02    8.0325200713e-08
    2.1399900317e-02    7.8381603430e-08
    2.1499900147e-02    7.6478798405e-08
    2.1599799395e-02    7.4614497692e-08
    2.1699700505e-02    7.2782903260e-08
    2.1799599752e-02    7.0966201804e-08
    2.1899500862e-02    6.9151496973e-08
    2.1999400109e-02    6.7341701993e-08
    2.2099399939e-02    6.5535999738e-08
    2.2199900821e-02    6.3715098975e-08
    2.2299800068e-02    6.1915201854e-08
    2.2399799898e-02    6.0135697311e-08
    2.2499699146e-02    5.8380198453e-08
    2.2599600255e-02    5.6647298408e-08
    2.2699499503e-02    5.4939800265e-08
    2.2799400613e-02    5.3252900756e-08
    2.2900000215e-02    5.1566999559e-08
    2.2999899462e-02    4.9897700194e-08
    2.3099800572e-02    4.8227498439e-08
    2.3199800402e-02    4.6557499189e-08
    2.3299399763e-02    4.4887400463e-08
    2.3399800062e-02    4.3191199950e-08
    2.3499600589e-02    4.1490800129e-08
    2.3599300534e-02    3.9776701044e-08
    2.3699099198e-02    3.8049201123e-08
    2.3798799142e-02    3.6306399664e-08
    2.3899799213e-02    3.4518500058e-08
    2.3999499157e-02    3.2727299981e-08
    2.4099199101e-02    3.0920098482e-08
    2.4198999628e-02    2.9099000542e-08
    2.4299899116e-02    2.7243599376e-08
    2.4399699643e-02    2.5397600467e-08
    2.4499399588e-02    2.3536399496e-08
    2.4599200115e-02    2.1650800264e-08
    2.4698900059e-02    1.9731400513e-08
    2.4799799547e-02    1.7759699489e-08
    2.4899600074e-02    1.5787600560e-08
    2.4999300018e-02    1.3790000253e-08
    2.5098999962e-02    1.1758999996e-08
    2.5200000033e-02    9.6607095657e-09
    2.5299699977e-02    7.5400397037e-09
    2.5399399921e-02    5.3729598548e-09
    2.5499200448e-02    3.1681099966e-09
    2.5598900393e-02    9.3635599274e-10
    2.5699799880e-02    0.0000000000e+00
    2.5799600407e-02    0.0000000000e+00
    2.5899300352e-02    0.0000000000e+00
    2.5999000296e-02    0.0000000000e+00
    2.6100000367e-02    0.0000000000e+00
    2.6199700311e-02    0.0000000000e+00
    2.6299400255e-02    0.0000000000e+00
    2.6399100199e-02    0.0000000000e+00
    2.6498900726e-02    0.0000000000e+00
    2.6599800214e-02    0.0000000000e+00
    2.6699600741e-02    0.0000000000e+00
    2.6799300686e-02    0.0000000000e+00
    2.6899000630e-02    0.0000000000e+00
    2.6998799294e-02    0.0000000000e+00
    2.7099700645e-02    0.0000000000e+00
    2.7199499309e-02    0.0000000000e+00
    2.7299199253e-02    0.0000000000e+00
    2.7398999780e-02    0.0000000000e+00
    2.7499899268e-02    0.0000000000e+00
    2.7599699795e-02    0.0000000000e+00
    2.7699399740e-02    0.0000000000e+00
    2.7799200267e-02    0.0000000000e+00
    2.7898900211e-02    0.0000000000e+00
    2.7999900281e-02    0.0000000000e+00
    2.8099600226e-02    0.0000000000e+00
    2.8199400753e-02    0.0000000000e+00
    2.8299100697e-02    0.0000000000e+00
    2.8398899361e-02    0.0000000000e+00
    2.8499800712e-02    0.0000000000e+00
    2.8599599376e-02    0.0000000000e+00
    2.8699299321e-02    0.0000000000e+00
    2.8799399734e-02    0.0000000000e+00
    2.8899900615e-02    0.0000000000e+00
    2.8999900445e-02    0.0000000000e+00
    2.9099799693e-02    0.0000000000e+00
    2.9199700803e-02    0.0000000000e+00
    2.9299600050e-02    0.0000000000e+00
    2.9399499297e-02    0.0000000000e+00
    2.9499400407e-02    0.0000000000e+00
    2.9599400237e-02    0.0000000000e+00
    2.9699899256e-02    0.0000000000e+00
    2.9799800366e-02    0.0000000000e+00
    2.9899800196e-02    0.0000000000e+00
    2.9999699444e-02    0.0000000000e+00
