       301
    0.0000000000e+00    0.0000000000e+00
    9.9796299764e-05    0.0000000000e+00
    1.9995900220e-04    2.4041100222e-09
    2.9975399957e-04    1.0304400000e-08
    3.9954800741e-04    1.8500999843e-08
    4.9933698028e-04    2.6235099426e-08
    5.9912301367e-04    3.3477601136e-08
    6.9890700979e-04    4.0115700983e-08
    7.9989602091e-04    4.6316298352e-08
    8.9965300867e-04    5.2213898982e-08
    9.9939305801e-04    5.7967401546e-08
    1.0991200106e-03    6.3229499858e-08
    1.1988499900e-03    6.7993497055e-08
    1.2997899903e-03    7.2742203372e-08
    1.3994999463e-03    7.7268097698e-08
    1.4992000069e-03    8.1225799420e-08
    1.5992800472e-03    8.4684799617e-08
    1.6995799961e-03    8.7726697018e-08
    1.7996700481e-03    9.0550102527e-08
    1.8994800048e-03    9.2797598938e-08
    1.9992599264e-03    9.4475097967e-08
    2.0995200612e-03    9.5721603088e-08
    2.1995198913e-03    9.6737601041e-08
    2.2997800261e-03    9.7631897233e-08
    2.3994499352e-03    9.8312497698e-08
    2.4999401066e-03    9.8797301007e-08
    2.5994700845e-03    9.9314902968e-08
    2.6998599060e-03    9.9961397382e-08
    2.7991600800e-03    1.0073500079e-07
    2.8995499015e-03    1.0172099962e-07
    2.9998500831e-03    1.0289900132e-07
    3.0993300024e-03    1.0419500285e-07
    3.1994499732e-03    1.0560000163e-07
    3.2997101080e-03    1.0707199749e-07
    3.3999599982e-03    1.0873699807e-07
    3.4993200097e-03    1.1060699734e-07
    3.5993200727e-03    1.1251400167e-07
    3.6999399308e-03    1.1449599668e-07
    3.7991600111e-03    1.1652399934e-07
    3.8997100201e-03    1.1869200023e-07
    3.9999699220e-03    1.2101699554e-07
    4.0992600843e-03    1.2338399813e-07
    4.1995202191e-03    1.2564399299e-07
    4.2994301766e-03    1.2757000434e-07
    4.3997499160e-03    1.2915799630e-07
    4.4995401986e-03    1.3045999481e-07
    4.5997598208e-03    1.3139199950e-07
    4.6993698925e-03    1.3175899483e-07
    4.7995802015e-03    1.3180799385e-07
    4.8997900449e-03    1.3185700709e-07
    4.9993200228e-03    1.3192899928e-07
    5.0995298661e-03    1.3199799298e-07
    5.1997401752e-03    1.3210200223e-07
    5.2997497842e-03    1.3225900375e-07
    5.3993500769e-03    1.3236599727e-07
    5.4995599203e-03    1.3237399799e-07
    5.5997702293e-03    1.3237399799e-07
    5.6999800727e-03    1.3233099594e-07
    5.7998499833e-03    1.3228199691e-07
    5.8999899775e-03    1.3217500339e-07
    5.9995199554e-03    1.3192300230e-07
    6.0997200198e-03    1.3157500689e-07
    6.1999298632e-03    1.3124800091e-07
    6.2994598411e-03    1.3105299956e-07
    6.3996701501e-03    1.3101200125e-07
    6.4998799935e-03    1.3101200125e-07
    6.5994099714e-03    1.3101299601e-07
    6.6996198148e-03    1.3103600338e-07
    6.7998301238e-03    1.3114200215e-07
    6.8993498571e-03    1.3130200216e-07
    6.9995601662e-03    1.3153399436e-07
    7.0997700095e-03    1.3181799829e-07
    7.1999798529e-03    1.3207899485e-07
    7.2995098308e-03    1.3228400064e-07
    7.3997201398e-03    1.3252200404e-07
    7.4999299832e-03    1.3274799926e-07
    7.5994599611e-03    1.3291399625e-07
    7.6996698044e-03    1.3299600710e-07
    7.7998698689e-03    1.3300599733e-07
    7.8993998468e-03    1.3296400425e-07
    7.9996101558e-03    1.3276499544e-07
    8.0998204648e-03    1.3250999586e-07
    8.1993499771e-03    1.3221099948e-07
    8.2995602861e-03    1.3185599812e-07
    8.3997696638e-03    1.3144500599e-07
    8.4999799728e-03    1.3091600692e-07
    8.5995001718e-03    1.3026900092e-07
    8.6997095495e-03    1.2949600148e-07
    8.7999198586e-03    1.2860000709e-07
    8.8994503021e-03    1.2761999812e-07
    8.9996596798e-03    1.2655600301e-07
    9.0998699889e-03    1.2542599848e-07
    9.1994004324e-03    1.2423099349e-07
    9.2996098101e-03    1.2297699925e-07
    9.3998098746e-03    1.2167799923e-07
    9.4993403181e-03    1.2034099939e-07
    9.5995496958e-03    1.1895900087e-07
    9.6997600049e-03    1.1755800244e-07
    9.7993398085e-03    1.1614900330e-07
    9.8995501176e-03    1.1473500194e-07
    9.9997604266e-03    1.1334000050e-07
    1.0099800304e-02    1.1197700189e-07
    1.0199399665e-02    1.1065399974e-07
    1.0299599729e-02    1.0934900274e-07
    1.0399799794e-02    1.0807899997e-07
    1.0499300435e-02    1.0684699703e-07
    1.0599499568e-02    1.0561299746e-07
    1.0699699633e-02    1.0442099807e-07
    1.0799899697e-02    1.0329399913e-07
    1.0899599642e-02    1.0223399727e-07
    1.0999400169e-02    1.0118299798e-07
    1.1099100113e-02    1.0013000207e-07
    1.1198800057e-02    9.9108596885e-08
    1.1299699545e-02    9.8130001902e-08
    1.1399400420e-02    9.7246100950e-08
    1.1499100365e-02    9.6447898557e-08
    1.1598899961e-02    9.5739899564e-08
    1.1699800380e-02    9.5092097752e-08
    1.1799500324e-02    9.4485699265e-08
    1.1899200268e-02    9.3901000753e-08
    1.1998900212e-02    9.3352596764e-08
    1.2099799700e-02    9.2881201397e-08
    1.2199499644e-02    9.2515797689e-08
    1.2299199589e-02    9.2238998661e-08
    1.2398900464e-02    9.2013102915e-08
    1.2499799952e-02    9.1804899682e-08
    1.2599499896e-02    9.1597300411e-08
    1.2699199840e-02    9.1390802481e-08
    1.2798899785e-02    9.1205400565e-08
    1.2899800204e-02    9.1023096616e-08
    1.2999500148e-02    9.0832401156e-08
    1.3099900447e-02    9.0626997462e-08
    1.3199400157e-02    9.0408299513e-08
    1.3299600221e-02    9.0171496936e-08
    1.3399800286e-02    8.9903096523e-08
    1.3499299996e-02    8.9598401587e-08
    1.3599599712e-02    8.9245602908e-08
    1.3699100353e-02    8.8856999980e-08
    1.3799999841e-02    8.8427100309e-08
    1.3899699785e-02    8.7959200812e-08
    1.3999399729e-02    8.7438401408e-08
    1.4099099673e-02    8.6848999103e-08
    1.4200000092e-02    8.6164199331e-08
    1.4299700037e-02    8.5384399995e-08
    1.4399399981e-02    8.4508897658e-08
    1.4499099925e-02    8.3558802544e-08
    1.4598799869e-02    8.2541198765e-08
    1.4699799940e-02    8.1446998479e-08
    1.4799499884e-02    8.0308403483e-08
    1.4899199829e-02    7.9103401163e-08
    1.4998899773e-02    7.7815997201e-08
    1.5099899843e-02    7.6414700345e-08
    1.5199599788e-02    7.4923299564e-08
    1.5299400315e-02    7.3323199956e-08
    1.5399100259e-02    7.1599600915e-08
    1.5498800203e-02    6.9743300912e-08
    1.5599800274e-02    6.7727100372e-08
    1.5699300915e-02    6.5605298971e-08
    1.5799300745e-02    6.3344103296e-08
    1.5899300575e-02    6.0973498250e-08
    1.5999300405e-02    5.8522001467e-08
    1.6099300236e-02    5.6013799821e-08
    1.6199700534e-02    5.3458201421e-08
    1.6299000010e-02    5.0913499194e-08
    1.6399299726e-02    4.8297899014e-08
    1.6499200836e-02    4.5632898349e-08
    1.6599200666e-02    4.2940598632e-08
    1.6699099913e-02    4.0251400435e-08
    1.6799600795e-02    3.7555398791e-08
    1.6899600625e-02    3.4909799496e-08
    1.6999099404e-02    3.2324699362e-08
    1.7099399120e-02    2.9768100873e-08
    1.7199600115e-02    2.7264299263e-08
    1.7299899831e-02    2.4838600510e-08
    1.7400000244e-02    2.2503000352e-08
    1.7500000075e-02    2.0199600215e-08
    1.7599100247e-02    1.7936400809e-08
    1.7699100077e-02    1.5719699320e-08
    1.7799099907e-02    1.3597899695e-08
    1.7899099737e-02    1.1550899792e-08
    1.7999399453e-02    9.5624201890e-09
    1.8099600449e-02    7.6480599631e-09
    1.8199300393e-02    5.8024300920e-09
    1.8299300224e-02    4.0086201025e-09
    1.8399400637e-02    2.2898301033e-09
    1.8499400467e-02    6.5207600430e-10
    1.8599400297e-02    0.0000000000e+00
    1.8699400127e-02    0.0000000000e+00
    1.8799399957e-02    0.0000000000e+00
    1.8899399787e-02    0.0000000000e+00
    1.8999399617e-02    0.0000000000e+00
    1.9099399447e-02    0.0000000000e+00
    1.9199699163e-02    0.0000000000e+00
    1.9299600273e-02    0.0000000000e+00
    1.9399499521e-02    0.0000000000e+00
    1.9499400631e-02    0.0000000000e+00
    1.9600000232e-02    0.0000000000e+00
    1.9699899480e-02    0.0000000000e+00
    1.9799800590e-02    0.0000000000e+00
    1.9899699837e-02    0.0000000000e+00
    1.9999599084e-02    0.0000000000e+00
    2.0099600777e-02    0.0000000000e+00
    2.0199500024e-02    0.0000000000e+00
    2.0299399272e-02    0.0000000000e+00
    2.0400000736e-02    0.0000000000e+00
    2.0499899983e-02    0.0000000000e+00
    2.0599799231e-02    0.0000000000e+00
    2.0699499175e-02    0.0000000000e+00
    2.0799700171e-02    0.0000000000e+00
    2.0899899304e-02    0.0000000000e+00
    2.0999500528e-02    0.0000000000e+00
    2.1099800244e-02    0.0000000000e+00
    2.1199500188e-02    0.0000000000e+00
    2.1299399436e-02    0.0000000000e+00
    2.1399900317e-02    0.0000000000e+00
    2.1499900147e-02    0.0000000000e+00
    2.1599799395e-02    0.0000000000e+00
    2.1699700505e-02    0.0000000000e+00
    2.1799599752e-02    0.0000000000e+00
    2.1899500862e-02    0.0000000000e+00
    2.1999400109e-02    0.0000000000e+00
    2.2099399939e-02    0.0000000000e+00
    2.2199900821e-02    0.0000000000e+00
    2.2299800068e-02    0.0000000000e+00
    2.2399799898e-02    0.0000000000e+00
    2.2499699146e-02    0.0000000000e+00
    2.2599600255e-02    0.0000000000e+00
    2.2699499503e-02    0.0000000000e+00
    2.2799400613e-02    0.0000000000e+00
    2.2900000215e-02    0.0000000000e+00
    2.2999899462e-02    0.0000000000e+00
    2.3099800572e-02    0.0000000000e+00
    2.3199800402e-02    0.0000000000e+00
    2.3299399763e-02    0.0000000000e+00
    2.3399800062e-02    0.0000000000e+00
    2.3499600589e-02    0.0000000000e+00
    2.3599300534e-02    0.0000000000e+00
    2.3699099198e-02    0.0000000000e+00
    2.3798799142e-02    0.0000000000e+00
    2.3899799213e-02    0.0000000000e+00
    2.3999499157e-02    0.0000000000e+00
    2.4099199101e-02    0.0000000000e+00
    2.4198999628e-02    0.0000000000e+00
    2.4299899116e-02    0.0000000000e+00
    2.4399699643e-02    0.0000000000e+00
    2.4499399588e-02    0.0000000000e+00
    2.4599200115e-02    0.0000000000e+00
    2.4698900059e-02    0.0000000000e+00
    2.4799799547e-02    0.0000000000e+00
    2.4899600074e-02    0.0000000000e+00
    2.4999300018e-02    0.0000000000e+00
    2.5098999962e-02    0.0000000000e+00
    2.5200000033e-02    0.0000000000e+00
    2.5299699977e-02    0.0000000000e+00
    2.5399399921e-02    0.0000000000e+00
    2.5499200448e-02    0.0000000000e+00
    2.5598900393e-02    0.0000000000e+00
    2.5699799880e-02    0.0000000000e+00
    2.5799600407e-02    0.0000000000e+00
    2.5899300352e-02    0.0000000000e+00
    2.5999000296e-02    0.0000000000e+00
    2.6100000367e-02    0.0000000000e+00
    2.6199700311e-02    0.0000000000e+00
    2.6299400255e-02    0.0000000000e+00
    2.6399100199e-02    0.0000000000e+00
    2.6498900726e-02    0.0000000000e+00
    2.6599800214e-02    0.0000000000e+00
    2.6699600741e-02    0.0000000000e+00
    2.6799300686e-02    0.0000000000e+00
    2.6899000630e-02    0.0000000000e+00
    2.6998799294e-02    0.0000000000e+00
    2.7099700645e-02    0.0000000000e+00
    2.7199499309e-02    0.0000000000e+00
    2.7299199253e-02    0.0000000000e+00
    2.7398999780e-02    0.0000000000e+00
    2.7499899268e-02    0.0000000000e+00
    2.7599699795e-02    0.0000000000e+00
    2.7699399740e-02    0.0000000000e+00
    2.7799200267e-02    0.0000000000e+00
    2.7898900211e-02    0.0000000000e+00
    2.7999900281e-02    0.0000000000e+00
    2.8099600226e-02    0.0000000000e+00
    2.8199400753e-02    0.0000000000e+00
    2.8299100697e-02    0.0000000000e+00
    2.8398899361e-02    0.0000000000e+00
    2.8499800712e-02    0.0000000000e+00
    2.8599599376e-02    0.0000000000e+00
    2.8699299321e-02    0.0000000000e+00
    2.8799399734e-02    0.0000000000e+00
    2.8899900615e-02    0.0000000000e+00
    2.8999900445e-02    0.0000000000e+00
    2.9099799693e-02    0.0000000000e+00
    2.9199700803e-02    0.0000000000e+00
    2.9299600050e-02    0.0000000000e+00
    2.9399499297e-02    0.0000000000e+00
    2.9499400407e-02    0.0000000000e+00
    2.9599400237e-02    0.0000000000e+00
    2.9699899256e-02    0.0000000000e+00
    2.9799800366e-02    0.0000000000e+00
    2.9899800196e-02    0.0000000000e+00
    2.9999699444e-02    0.0000000000e+00
