       301
    0.0000000000e+00    0.0000000000e+00
    9.9796299764e-05    0.0000000000e+00
    1.9995900220e-04    1.0800699890e-08
    2.9975399957e-04    2.7375600453e-08
    3.9954800741e-04    4.3980200815e-08
    4.9933698028e-04    6.0142596681e-08
    5.9912301367e-04    7.5840901559e-08
    6.9890700979e-04    9.1026002735e-08
    7.9989602091e-04    1.0586799704e-07
    8.9965300867e-04    1.2021600071e-07
    9.9939305801e-04    1.3418400613e-07
    1.0991200106e-03    1.4769800316e-07
    1.1988499900e-03    1.6099799893e-07
    1.2997899903e-03    1.7443200306e-07
    1.3994999463e-03    1.8771500265e-07
    1.4992000069e-03    2.0112500465e-07
    1.5992800472e-03    2.1474500045e-07
    1.6995799961e-03    2.2848999492e-07
    1.7996700481e-03    2.4245798613e-07
    1.8994800048e-03    2.5658098934e-07
    1.9992599264e-03    2.7110201017e-07
    2.0995200612e-03    2.8604199542e-07
    2.1995198913e-03    3.0093900705e-07
    2.2997800261e-03    3.1552900737e-07
    2.3994499352e-03    3.2943299288e-07
    2.4999401066e-03    3.4264999726e-07
    2.5994700845e-03    3.5498700868e-07
    2.6998599060e-03    3.6652801327e-07
    2.7991600800e-03    3.7681701315e-07
    2.8995499015e-03    3.8595700858e-07
    2.9998500831e-03    3.9381998818e-07
    3.0993300024e-03    4.0032401216e-07
    3.1994499732e-03    4.0576000515e-07
    3.2997101080e-03    4.1031299247e-07
    3.3999599982e-03    4.1412300789e-07
    3.4993200097e-03    4.1716199917e-07
    3.5993200727e-03    4.1947498630e-07
    3.6999399308e-03    4.2113600784e-07
    3.7991600111e-03    4.2223399532e-07
    3.8997100201e-03    4.2305200054e-07
    3.9999699220e-03    4.2388501242e-07
    4.0992600843e-03    4.2499300434e-07
    4.1995202191e-03    4.2672400014e-07
    4.2994301766e-03    4.2922999910e-07
    4.3997499160e-03    4.3256798676e-07
    4.4995401986e-03    4.3652698878e-07
    4.5997598208e-03    4.4085498985e-07
    4.6993698925e-03    4.4520299980e-07
    4.7995802015e-03    4.4943300281e-07
    4.8997900449e-03    4.5287600869e-07
    4.9993200228e-03    4.5485600708e-07
    5.0995298661e-03    4.5530700277e-07
    5.1997401752e-03    4.5474300236e-07
    5.2997497842e-03    4.5352899747e-07
    5.3993500769e-03    4.5186899911e-07
    5.4995599203e-03    4.4990500214e-07
    5.5997702293e-03    4.4793500820e-07
    5.6999800727e-03    4.4621600637e-07
    5.7998499833e-03    4.4488999151e-07
    5.8999899775e-03    4.4414599643e-07
    5.9995199554e-03    4.4403398647e-07
    6.0997200198e-03    4.4414198896e-07
    6.1999298632e-03    4.4418899847e-07
    6.2994598411e-03    4.4418899847e-07
    6.3996701501e-03    4.4418899847e-07
    6.4998799935e-03    4.4418899847e-07
    6.5994099714e-03    4.4418899847e-07
    6.6996198148e-03    4.4419599021e-07
    6.7998301238e-03    4.4420698941e-07
    6.8993498571e-03    4.4420698941e-07
    6.9995601662e-03    4.4420900736e-07
    7.0997700095e-03    4.4428000479e-07
    7.1999798529e-03    4.4439198632e-07
    7.2995098308e-03    4.4446099423e-07
    7.3997201398e-03    4.4446599645e-07
    7.4999299832e-03    4.4444200853e-07
    7.5994599611e-03    4.4442600711e-07
    7.6996698044e-03    4.4442600711e-07
    7.7998698689e-03    4.4442600711e-07
    7.8993998468e-03    4.4442700187e-07
    7.9996101558e-03    4.4442700187e-07
    8.0998204648e-03    4.4442700187e-07
    8.1993499771e-03    4.4442700187e-07
    8.2995602861e-03    4.4442398917e-07
    8.3997696638e-03    4.4438800728e-07
    8.4999799728e-03    4.4432201207e-07
    8.5995001718e-03    4.4426300860e-07
    8.6997095495e-03    4.4417998879e-07
    8.7999198586e-03    4.4404001187e-07
    8.8994503021e-03    4.4381599196e-07
    8.9996596798e-03    4.4351199335e-07
    9.0998699889e-03    4.4315100922e-07
    9.1994004324e-03    4.4275699906e-07
    9.2996098101e-03    4.4231299512e-07
    9.3998098746e-03    4.4181399517e-07
    9.4993403181e-03    4.4128898935e-07
    9.5995496958e-03    4.4072601213e-07
    9.6997600049e-03    4.4012600142e-07
    9.7993398085e-03    4.3949600581e-07
    9.8995501176e-03    4.3883500211e-07
    9.9997604266e-03    4.3812801209e-07
    1.0099800304e-02    4.3737099986e-07
    1.0199399665e-02    4.3657499305e-07
    1.0299599729e-02    4.3573399466e-07
    1.0399799794e-02    4.3485300694e-07
    1.0499300435e-02    4.3393100668e-07
    1.0599499568e-02    4.3296199692e-07
    1.0699699633e-02    4.3194899035e-07
    1.0799899697e-02    4.3087601398e-07
    1.0899599642e-02    4.2972999381e-07
    1.0999400169e-02    4.2851999638e-07
    1.1099100113e-02    4.2726898641e-07
    1.1198800057e-02    4.2595200966e-07
    1.1299699545e-02    4.2452199978e-07
    1.1399400420e-02    4.2299998881e-07
    1.1499100365e-02    4.2139299694e-07
    1.1598899961e-02    4.1971799192e-07
    1.1699800380e-02    4.1795800598e-07
    1.1799500324e-02    4.1615800228e-07
    1.1899200268e-02    4.1430598685e-07
    1.1998900212e-02    4.1239999859e-07
    1.2099799700e-02    4.1041300847e-07
    1.2199499644e-02    4.0838500581e-07
    1.2299199589e-02    4.0631499587e-07
    1.2398900464e-02    4.0424299641e-07
    1.2499799952e-02    4.0212898966e-07
    1.2599499896e-02    3.9999400769e-07
    1.2699199840e-02    3.9778799987e-07
    1.2798899785e-02    3.9551798636e-07
    1.2899800204e-02    3.9318601353e-07
    1.2999500148e-02    3.9086299353e-07
    1.3099900447e-02    3.8851300133e-07
    1.3199400157e-02    3.8616698816e-07
    1.3299600221e-02    3.8376998646e-07
    1.3399800286e-02    3.8130599478e-07
    1.3499299996e-02    3.7878200487e-07
    1.3599599712e-02    3.7617201087e-07
    1.3699100353e-02    3.7353601101e-07
    1.3799999841e-02    3.7083398752e-07
    1.3899699785e-02    3.6811499626e-07
    1.3999399729e-02    3.6533799630e-07
    1.4099099673e-02    3.6250199287e-07
    1.4200000092e-02    3.5956699662e-07
    1.4299700037e-02    3.5660301023e-07
    1.4399399981e-02    3.5358200989e-07
    1.4499099925e-02    3.5051499481e-07
    1.4598799869e-02    3.4742200228e-07
    1.4699799940e-02    3.4427600326e-07
    1.4799499884e-02    3.4116899883e-07
    1.4899199829e-02    3.3807600630e-07
    1.4998899773e-02    3.3498901075e-07
    1.5099899843e-02    3.3185000348e-07
    1.5199599788e-02    3.2871901112e-07
    1.5299400315e-02    3.2555399798e-07
    1.5399100259e-02    3.2237400660e-07
    1.5498800203e-02    3.1918901300e-07
    1.5599800274e-02    3.1596900385e-07
    1.5699300915e-02    3.1279600421e-07
    1.5799300745e-02    3.0959699870e-07
    1.5899300575e-02    3.0637500004e-07
    1.5999300405e-02    3.0312099852e-07
    1.6099300236e-02    2.9985000083e-07
    1.6199700534e-02    2.9657300615e-07
    1.6299000010e-02    2.9335899399e-07
    1.6399299726e-02    2.9013600056e-07
    1.6499200836e-02    2.8693901299e-07
    1.6599200666e-02    2.8374699923e-07
    1.6699099913e-02    2.8055600865e-07
    1.6799600795e-02    2.7735799790e-07
    1.6899600625e-02    2.7420000492e-07
    1.6999099404e-02    2.7106699463e-07
    1.7099399120e-02    2.6791198593e-07
    1.7199600115e-02    2.6473699677e-07
    1.7299899831e-02    2.6154799571e-07
    1.7400000244e-02    2.5838301099e-07
    1.7500000075e-02    2.5526500735e-07
    1.7599100247e-02    2.5222598765e-07
    1.7699100077e-02    2.4920498731e-07
    1.7799099907e-02    2.4622198680e-07
    1.7899099737e-02    2.4328400627e-07
    1.7999399453e-02    2.4038800461e-07
    1.8099600449e-02    2.3753500500e-07
    1.8199300393e-02    2.3471599775e-07
    1.8299300224e-02    2.3190200693e-07
    1.8399400637e-02    2.2911099506e-07
    1.8499400467e-02    2.2637600239e-07
    1.8599400297e-02    2.2371600039e-07
    1.8699400127e-02    2.2113600551e-07
    1.8799399957e-02    2.1863499455e-07
    1.8899399787e-02    2.1619899826e-07
    1.8999399617e-02    2.1380499504e-07
    1.9099399447e-02    2.1144700213e-07
    1.9199699163e-02    2.0911400611e-07
    1.9299600273e-02    2.0681099500e-07
    1.9399499521e-02    2.0453599348e-07
    1.9499400631e-02    2.0229599329e-07
    1.9600000232e-02    2.0008299373e-07
    1.9699899480e-02    1.9795200501e-07
    1.9799800590e-02    1.9590599720e-07
    1.9899699837e-02    1.9393000628e-07
    1.9999599084e-02    1.9200200541e-07
    2.0099600777e-02    1.9012399832e-07
    2.0199500024e-02    1.8831599391e-07
    2.0299399272e-02    1.8659099510e-07
    2.0400000736e-02    1.8492499976e-07
    2.0499899983e-02    1.8331600415e-07
    2.0599799231e-02    1.8171600402e-07
    2.0699499175e-02    1.8010500469e-07
    2.0799700171e-02    1.7847899869e-07
    2.0899899304e-02    1.7685999865e-07
    2.0999500528e-02    1.7525700002e-07
    2.1099800244e-02    1.7363299776e-07
    2.1199500188e-02    1.7201199398e-07
    2.1299399436e-02    1.7037200450e-07
    2.1399900317e-02    1.6868800401e-07
    2.1499900147e-02    1.6697100591e-07
    2.1599799395e-02    1.6520300505e-07
    2.1699700505e-02    1.6339899389e-07
    2.1799599752e-02    1.6158000449e-07
    2.1899500862e-02    1.5974100620e-07
    2.1999400109e-02    1.5786000063e-07
    2.2099399939e-02    1.5590400437e-07
    2.2199900821e-02    1.5384399887e-07
    2.2299800068e-02    1.5174499879e-07
    2.2399799898e-02    1.4963700323e-07
    2.2499699146e-02    1.4754999711e-07
    2.2599600255e-02    1.4549999605e-07
    2.2699499503e-02    1.4348400157e-07
    2.2799400613e-02    1.4148200478e-07
    2.2900000215e-02    1.3944899990e-07
    2.2999899462e-02    1.3738899440e-07
    2.3099800572e-02    1.3528800480e-07
    2.3199800402e-02    1.3316500258e-07
    2.3299399763e-02    1.3104100560e-07
    2.3399800062e-02    1.2890299672e-07
    2.3499600589e-02    1.2678499672e-07
    2.3599300534e-02    1.2465500276e-07
    2.3699099198e-02    1.2249600445e-07
    2.3798799142e-02    1.2029599361e-07
    2.3899799213e-02    1.1803300026e-07
    2.3999499157e-02    1.1577599679e-07
    2.4099199101e-02    1.1351099971e-07
    2.4198999628e-02    1.1123800192e-07
    2.4299899116e-02    1.0891599800e-07
    2.4399699643e-02    1.0656999905e-07
    2.4499399588e-02    1.0414900231e-07
    2.4599200115e-02    1.0164499997e-07
    2.4698900059e-02    9.9065402992e-08
    2.4799799547e-02    9.6408896866e-08
    2.4899600074e-02    9.3764597864e-08
    2.4999300018e-02    9.1103800059e-08
    2.5098999962e-02    8.8410999410e-08
    2.5200000033e-02    8.5640998293e-08
    2.5299699977e-02    8.2855500239e-08
    2.5399399921e-02    8.0018303095e-08
    2.5499200448e-02    7.7133101684e-08
    2.5598900393e-02    7.4213403423e-08
    2.5699799880e-02    7.1240300770e-08
    2.5799600407e-02    6.8298902534e-08
    2.5899300352e-02    6.5362499413e-08
    2.5999000296e-02    6.2431602998e-08
    2.6100000367e-02    5.9470799840e-08
    2.6199700311e-02    5.6545598426e-08
    2.6299400255e-02    5.3608900430e-08
    2.6399100199e-02    5.0642700700e-08
    2.6498900726e-02    4.7627601418e-08
    2.6599800214e-02    4.4513100761e-08
    2.6699600741e-02    4.1370501691e-08
    2.6799300686e-02    3.8162198734e-08
    2.6899000630e-02    3.4898398837e-08
    2.6998799294e-02    3.1595799754e-08
    2.7099700645e-02    2.8230099147e-08
    2.7199499309e-02    2.4901499529e-08
    2.7299199253e-02    2.1584199317e-08
    2.7398999780e-02    1.8286199222e-08
    2.7499899268e-02    1.4971000439e-08
    2.7599699795e-02    1.1711399850e-08
    2.7699399740e-02    8.4529103717e-09
    2.7799200267e-02    5.1799697864e-09
    2.7898900211e-02    1.8788999245e-09
    2.7999900281e-02    0.0000000000e+00
    2.8099600226e-02    0.0000000000e+00
    2.8199400753e-02    0.0000000000e+00
    2.8299100697e-02    0.0000000000e+00
    2.8398899361e-02    0.0000000000e+00
    2.8499800712e-02    0.0000000000e+00
    2.8599599376e-02    0.0000000000e+00
    2.8699299321e-02    0.0000000000e+00
    2.8799399734e-02    0.0000000000e+00
    2.8899900615e-02    0.0000000000e+00
    2.8999900445e-02    0.0000000000e+00
    2.9099799693e-02    0.0000000000e+00
    2.9199700803e-02    0.0000000000e+00
    2.9299600050e-02    0.0000000000e+00
    2.9399499297e-02    0.0000000000e+00
    2.9499400407e-02    0.0000000000e+00
    2.9599400237e-02    0.0000000000e+00
    2.9699899256e-02    0.0000000000e+00
    2.9799800366e-02    0.0000000000e+00
    2.9899800196e-02    0.0000000000e+00
    2.9999699444e-02    0.0000000000e+00
