       301
    0.0000000000e+00    0.0000000000e+00
    9.9796299764e-05    1.6075299425e-10
    1.9995900220e-04    1.6019100713e-08
    2.9975399957e-04    3.7428399935e-08
    3.9954800741e-04    5.8538798697e-08
    4.9933698028e-04    7.9052597357e-08
    5.9912301367e-04    9.8988998332e-08
    6.9890700979e-04    1.1832499780e-07
    7.9989602091e-04    1.3717000513e-07
    8.9965300867e-04    1.5509399987e-07
    9.9939305801e-04    1.7220999382e-07
    1.0991200106e-03    1.8850199979e-07
    1.1988499900e-03    2.0402700329e-07
    1.2997899903e-03    2.1892799396e-07
    1.3994999463e-03    2.3285400630e-07
    1.4992000069e-03    2.4604401005e-07
    1.5992800472e-03    2.5858099661e-07
    1.6995799961e-03    2.7040201189e-07
    1.7996700481e-03    2.8150000730e-07
    1.8994800048e-03    2.9188998951e-07
    1.9992599264e-03    3.0165000453e-07
    2.0995200612e-03    3.1088998753e-07
    2.1995198913e-03    3.1956000157e-07
    2.2997800261e-03    3.2778200421e-07
    2.3994499352e-03    3.3555900814e-07
    2.4999401066e-03    3.4305199392e-07
    2.5994700845e-03    3.5021901112e-07
    2.6998599060e-03    3.5736300674e-07
    2.7991600800e-03    3.6436500750e-07
    2.8995499015e-03    3.7139301412e-07
    2.9998500831e-03    3.7827700794e-07
    3.0993300024e-03    3.8485200093e-07
    3.1994499732e-03    3.9126200591e-07
    3.2997101080e-03    3.9744298874e-07
    3.3999599982e-03    4.0340299279e-07
    3.4993200097e-03    4.0917601041e-07
    3.5993200727e-03    4.1491401248e-07
    3.6999399308e-03    4.2065698835e-07
    3.7991600111e-03    4.2616198925e-07
    3.8997100201e-03    4.3130299332e-07
    3.9999699220e-03    4.3585899334e-07
    4.0992600843e-03    4.3967000352e-07
    4.1995202191e-03    4.4260198706e-07
    4.2994301766e-03    4.4448700010e-07
    4.3997499160e-03    4.4544799493e-07
    4.4995401986e-03    4.4569299007e-07
    4.5997598208e-03    4.4561301138e-07
    4.6993698925e-03    4.4533200594e-07
    4.7995802015e-03    4.4492401230e-07
    4.8997900449e-03    4.4446198899e-07
    4.9993200228e-03    4.4420599465e-07
    5.0995298661e-03    4.4415000389e-07
    5.1997401752e-03    4.4417100753e-07
    5.2997497842e-03    4.4437499014e-07
    5.3993500769e-03    4.4470800731e-07
    5.4995599203e-03    4.4507800112e-07
    5.5997702293e-03    4.4532399102e-07
    5.6999800727e-03    4.4538700195e-07
    5.7998499833e-03    4.4543298827e-07
    5.8999899775e-03    4.4543500621e-07
    5.9995199554e-03    4.4531898880e-07
    6.0997200198e-03    4.4513100761e-07
    6.1999298632e-03    4.4484099249e-07
    6.2994598411e-03    4.4446500169e-07
    6.3996701501e-03    4.4414500167e-07
    6.4998799935e-03    4.4392899667e-07
    6.5994099714e-03    4.4377898689e-07
    6.6996198148e-03    4.4356400508e-07
    6.7998301238e-03    4.4327299520e-07
    6.8993498571e-03    4.4296700707e-07
    6.9995601662e-03    4.4268898591e-07
    7.0997700095e-03    4.4248901077e-07
    7.1999798529e-03    4.4242599984e-07
    7.2995098308e-03    4.4242599984e-07
    7.3997201398e-03    4.4242599984e-07
    7.4999299832e-03    4.4242199237e-07
    7.5994599611e-03    4.4242199237e-07
    7.6996698044e-03    4.4240800889e-07
    7.7998698689e-03    4.4237799557e-07
    7.8993998468e-03    4.4235798669e-07
    7.9996101558e-03    4.4232800178e-07
    8.0998204648e-03    4.4225399165e-07
    8.1993499771e-03    4.4211699901e-07
    8.2995602861e-03    4.4192799464e-07
    8.3997696638e-03    4.4169800617e-07
    8.4999799728e-03    4.4146699452e-07
    8.5995001718e-03    4.4123899556e-07
    8.6997095495e-03    4.4100801233e-07
    8.7999198586e-03    4.4078998940e-07
    8.8994503021e-03    4.4054800696e-07
    8.9996596798e-03    4.4026199930e-07
    9.0998699889e-03    4.3994000976e-07
    9.1994004324e-03    4.3960199037e-07
    9.2996098101e-03    4.3923398607e-07
    9.3998098746e-03    4.3880899625e-07
    9.4993403181e-03    4.3833298946e-07
    9.5995496958e-03    4.3782401349e-07
    9.6997600049e-03    4.3728701371e-07
    9.7993398085e-03    4.3670598870e-07
    9.8995501176e-03    4.3606098643e-07
    9.9997604266e-03    4.3534998895e-07
    1.0099800304e-02    4.3455901277e-07
    1.0199399665e-02    4.3368899583e-07
    1.0299599729e-02    4.3273200845e-07
    1.0399799794e-02    4.3170399522e-07
    1.0499300435e-02    4.3063099042e-07
    1.0599499568e-02    4.2949099566e-07
    1.0699699633e-02    4.2827801394e-07
    1.0799899697e-02    4.2699198843e-07
    1.0899599642e-02    4.2566000502e-07
    1.0999400169e-02    4.2429400082e-07
    1.1099100113e-02    4.2289300950e-07
    1.1198800057e-02    4.2145899215e-07
    1.1299699545e-02    4.1996699451e-07
    1.1399400420e-02    4.1844600673e-07
    1.1499100365e-02    4.1687999897e-07
    1.1598899961e-02    4.1527400185e-07
    1.1699800380e-02    4.1362699221e-07
    1.1799500324e-02    4.1198001099e-07
    1.1899200268e-02    4.1028499709e-07
    1.1998900212e-02    4.0852100369e-07
    1.2099799700e-02    4.0665298684e-07
    1.2199499644e-02    4.0473000240e-07
    1.2299199589e-02    4.0275099877e-07
    1.2398900464e-02    4.0072600882e-07
    1.2499799952e-02    3.9863098777e-07
    1.2599499896e-02    3.9651499151e-07
    1.2699199840e-02    3.9434200971e-07
    1.2798899785e-02    3.9209999159e-07
    1.2899800204e-02    3.8976699557e-07
    1.2999500148e-02    3.8741998765e-07
    1.3099900447e-02    3.8502798816e-07
    1.3199400157e-02    3.8261501345e-07
    1.3299600221e-02    3.8012299797e-07
    1.3399800286e-02    3.7756899474e-07
    1.3499299996e-02    3.7497798644e-07
    1.3599599712e-02    3.7232999262e-07
    1.3699100353e-02    3.6966901007e-07
    1.3799999841e-02    3.6694399341e-07
    1.3899699785e-02    3.6422301264e-07
    1.3999399729e-02    3.6146599314e-07
    1.4099099673e-02    3.5867199699e-07
    1.4200000092e-02    3.5581700786e-07
    1.4299700037e-02    3.5298501189e-07
    1.4399399981e-02    3.5014099353e-07
    1.4499099925e-02    3.4727401044e-07
    1.4598799869e-02    3.4437098861e-07
    1.4699799940e-02    3.4139500826e-07
    1.4799499884e-02    3.3842098901e-07
    1.4899199829e-02    3.3541800804e-07
    1.4998899773e-02    3.3238399055e-07
    1.5099899843e-02    3.2927499660e-07
    1.5199599788e-02    3.2615500345e-07
    1.5299400315e-02    3.2297899111e-07
    1.5399100259e-02    3.1975099546e-07
    1.5498800203e-02    3.1649798871e-07
    1.5599800274e-02    3.1320499261e-07
    1.5699300915e-02    3.0996099554e-07
    1.5799300745e-02    3.0668800832e-07
    1.5899300575e-02    3.0339700174e-07
    1.5999300405e-02    3.0009300644e-07
    1.6099300236e-02    2.9679000590e-07
    1.6199700534e-02    2.9348800012e-07
    1.6299000010e-02    2.9024300829e-07
    1.6399299726e-02    2.8698400456e-07
    1.6499200836e-02    2.8374299177e-07
    1.6599200666e-02    2.8049001344e-07
    1.6699099913e-02    2.7724900065e-07
    1.6799600795e-02    2.7399801183e-07
    1.6899600625e-02    2.7078098697e-07
    1.6999099404e-02    2.6760699257e-07
    1.7099399120e-02    2.6443100865e-07
    1.7199600115e-02    2.6127500519e-07
    1.7299899831e-02    2.5814000537e-07
    1.7400000244e-02    2.5502498602e-07
    1.7500000075e-02    2.5192198905e-07
    1.7599100247e-02    2.4885900984e-07
    1.7699100077e-02    2.4578901048e-07
    1.7799099907e-02    2.4274200427e-07
    1.7899099737e-02    2.3972600616e-07
    1.7999399453e-02    2.3674300564e-07
    1.8099600449e-02    2.3380600567e-07
    1.8199300393e-02    2.3094699486e-07
    1.8299300224e-02    2.2815000023e-07
    1.8399400637e-02    2.2542400302e-07
    1.8499400467e-02    2.2277200173e-07
    1.8599400297e-02    2.2019899859e-07
    1.8699400127e-02    2.1770699732e-07
    1.8799399957e-02    2.1528400396e-07
    1.8899399787e-02    2.1291700136e-07
    1.8999399617e-02    2.1059699407e-07
    1.9099399447e-02    2.0830900382e-07
    1.9199699163e-02    2.0603600603e-07
    1.9299600273e-02    2.0380500132e-07
    1.9399499521e-02    2.0163300007e-07
    1.9499400631e-02    1.9952699404e-07
    1.9600000232e-02    1.9746299529e-07
    1.9699899480e-02    1.9546699548e-07
    1.9799800590e-02    1.9350700597e-07
    1.9899699837e-02    1.9157600661e-07
    1.9999599084e-02    1.8967600113e-07
    2.0099600777e-02    1.8780599476e-07
    2.0199500024e-02    1.8596500695e-07
    2.0299399272e-02    1.8413899738e-07
    2.0400000736e-02    1.8230099386e-07
    2.0499899983e-02    1.8046699779e-07
    2.0599799231e-02    1.7862700474e-07
    2.0699499175e-02    1.7679599296e-07
    2.0799700171e-02    1.7497499982e-07
    2.0899899304e-02    1.7318200207e-07
    2.0999500528e-02    1.7142200193e-07
    2.1099800244e-02    1.6965699956e-07
    2.1199500188e-02    1.6790400537e-07
    2.1299399436e-02    1.6614499998e-07
    2.1399900317e-02    1.6437400063e-07
    2.1499900147e-02    1.6261499525e-07
    2.1599799395e-02    1.6086700327e-07
    2.1699700505e-02    1.5912600304e-07
    2.1799599752e-02    1.5738200432e-07
    2.1899500862e-02    1.5562599742e-07
    2.1999400109e-02    1.5384699736e-07
    2.2099399939e-02    1.5205399961e-07
    2.2199900821e-02    1.5024400568e-07
    2.2299800068e-02    1.4844199825e-07
    2.2399799898e-02    1.4661600289e-07
    2.2499699146e-02    1.4473999954e-07
    2.2599600255e-02    1.4280399796e-07
    2.2699499503e-02    1.4082000632e-07
    2.2799400613e-02    1.3879899541e-07
    2.2900000215e-02    1.3673299293e-07
    2.2999899462e-02    1.3464800475e-07
    2.3099800572e-02    1.3252599729e-07
    2.3199800402e-02    1.3036900270e-07
    2.3299399763e-02    1.2818499329e-07
    2.3399800062e-02    1.2595999976e-07
    2.3499600589e-02    1.2373399727e-07
    2.3599300534e-02    1.2149199335e-07
    2.3699099198e-02    1.1922600152e-07
    2.3798799142e-02    1.1692699786e-07
    2.3899799213e-02    1.1456899784e-07
    2.3999499157e-02    1.1222100227e-07
    2.4099199101e-02    1.0985600341e-07
    2.4198999628e-02    1.0747599788e-07
    2.4299899116e-02    1.0503700310e-07
    2.4399699643e-02    1.0259100236e-07
    2.4499399588e-02    1.0010199958e-07
    2.4599200115e-02    9.7572403490e-08
    2.4698900059e-02    9.5011401413e-08
    2.4799799547e-02    9.2392298257e-08
    2.4899600074e-02    8.9779597090e-08
    2.4999300018e-02    8.7137898674e-08
    2.5098999962e-02    8.4462499217e-08
    2.5200000033e-02    8.1720500589e-08
    2.5299699977e-02    7.8981202023e-08
    2.5399399921e-02    7.6219698997e-08
    2.5499200448e-02    7.3442102178e-08
    2.5598900393e-02    7.0647097061e-08
    2.5699799880e-02    6.7792598202e-08
    2.5799600407e-02    6.4938497246e-08
    2.5899300352e-02    6.2044200888e-08
    2.5999000296e-02    5.9103598460e-08
    2.6100000367e-02    5.6077301025e-08
    2.6199700311e-02    5.3043699211e-08
    2.6299400255e-02    4.9977600725e-08
    2.6399100199e-02    4.6889198302e-08
    2.6498900726e-02    4.3783298764e-08
    2.6599800214e-02    4.0626801479e-08
    2.6699600741e-02    3.7500100802e-08
    2.6799300686e-02    3.4362098944e-08
    2.6899000630e-02    3.1202400663e-08
    2.6998799294e-02    2.8014499165e-08
    2.7099700645e-02    2.4759300388e-08
    2.7199499309e-02    2.1524600768e-08
    2.7299199253e-02    1.8282200642e-08
    2.7398999780e-02    1.5036100365e-08
    2.7499899268e-02    1.1739100358e-08
    2.7599699795e-02    8.4587403748e-09
    2.7699399740e-02    5.1458699524e-09
    2.7799200267e-02    1.8013099901e-09
    2.7898900211e-02    0.0000000000e+00
    2.7999900281e-02    0.0000000000e+00
    2.8099600226e-02    0.0000000000e+00
    2.8199400753e-02    0.0000000000e+00
    2.8299100697e-02    0.0000000000e+00
    2.8398899361e-02    0.0000000000e+00
    2.8499800712e-02    0.0000000000e+00
    2.8599599376e-02    0.0000000000e+00
    2.8699299321e-02    0.0000000000e+00
    2.8799399734e-02    0.0000000000e+00
    2.8899900615e-02    0.0000000000e+00
    2.8999900445e-02    0.0000000000e+00
    2.9099799693e-02    0.0000000000e+00
    2.9199700803e-02    0.0000000000e+00
    2.9299600050e-02    0.0000000000e+00
    2.9399499297e-02    0.0000000000e+00
    2.9499400407e-02    0.0000000000e+00
    2.9599400237e-02    0.0000000000e+00
    2.9699899256e-02    0.0000000000e+00
    2.9799800366e-02    0.0000000000e+00
    2.9899800196e-02    0.0000000000e+00
    2.9999699444e-02    0.0000000000e+00
