       301
    0.0000000000e+00    0.0000000000e+00
    9.9796299764e-05    0.0000000000e+00
    1.9995900220e-04    6.6179999259e-09
    2.9975399957e-04    1.9211899627e-08
    3.9954800741e-04    3.1785798882e-08
    4.9933698028e-04    4.3867601107e-08
    5.9912301367e-04    5.5440299462e-08
    6.9890700979e-04    6.6418799349e-08
    7.9989602091e-04    7.6972803242e-08
    8.9965300867e-04    8.6928700682e-08
    9.9939305801e-04    9.6500102131e-08
    1.0991200106e-03    1.0567200093e-07
    1.1988499900e-03    1.1457800042e-07
    1.2997899903e-03    1.2331599919e-07
    1.3994999463e-03    1.3157800538e-07
    1.4992000069e-03    1.3965700418e-07
    1.5992800472e-03    1.4714599672e-07
    1.6995799961e-03    1.5441399626e-07
    1.7996700481e-03    1.6142500670e-07
    1.8994800048e-03    1.6844599315e-07
    1.9992599264e-03    1.7530500429e-07
    2.0995200612e-03    1.8198899454e-07
    2.1995198913e-03    1.8859900308e-07
    2.2997800261e-03    1.9526899564e-07
    2.3994499352e-03    2.0197100525e-07
    2.4999401066e-03    2.0878799489e-07
    2.5994700845e-03    2.1578399867e-07
    2.6998599060e-03    2.2313000159e-07
    2.7991600800e-03    2.3062699483e-07
    2.8995499015e-03    2.3827300311e-07
    2.9998500831e-03    2.4580799618e-07
    3.0993300024e-03    2.5318101393e-07
    3.1994499732e-03    2.6031199241e-07
    3.2997101080e-03    2.6693200539e-07
    3.3999599982e-03    2.7320999152e-07
    3.4993200097e-03    2.7925500490e-07
    3.5993200727e-03    2.8517499118e-07
    3.6999399308e-03    2.9079998853e-07
    3.7991600111e-03    2.9563400972e-07
    3.8997100201e-03    2.9968799709e-07
    3.9999699220e-03    3.0284800800e-07
    4.0992600843e-03    3.0488999414e-07
    4.1995202191e-03    3.0576899235e-07
    4.2994301766e-03    3.0576501331e-07
    4.3997499160e-03    3.0521900385e-07
    4.4995401986e-03    3.0428799391e-07
    4.5997598208e-03    3.0316098787e-07
    4.6993698925e-03    3.0208698831e-07
    4.7995802015e-03    3.0129399420e-07
    4.8997900449e-03    3.0095799275e-07
    4.9993200228e-03    3.0083700153e-07
    5.0995298661e-03    3.0083299407e-07
    5.1997401752e-03    3.0083199931e-07
    5.2997497842e-03    3.0083998581e-07
    5.3993500769e-03    3.0089600500e-07
    5.4995599203e-03    3.0090498626e-07
    5.5997702293e-03    3.0092598990e-07
    5.6999800727e-03    3.0092999737e-07
    5.7998499833e-03    3.0093099213e-07
    5.8999899775e-03    3.0093099213e-07
    5.9995199554e-03    3.0093099213e-07
    6.0997200198e-03    3.0093099213e-07
    6.1999298632e-03    3.0093099213e-07
    6.2994598411e-03    3.0093198689e-07
    6.3996701501e-03    3.0094099657e-07
    6.4998799935e-03    3.0094400927e-07
    6.5994099714e-03    3.0094400927e-07
    6.6996198148e-03    3.0094400927e-07
    6.7998301238e-03    3.0094400927e-07
    6.8993498571e-03    3.0094400927e-07
    6.9995601662e-03    3.0094400927e-07
    7.0997700095e-03    3.0094400927e-07
    7.1999798529e-03    3.0094400927e-07
    7.2995098308e-03    3.0094400927e-07
    7.3997201398e-03    3.0094400927e-07
    7.4999299832e-03    3.0094400927e-07
    7.5994599611e-03    3.0094298609e-07
    7.6996698044e-03    3.0094298609e-07
    7.7998698689e-03    3.0092598990e-07
    7.8993998468e-03    3.0091300118e-07
    7.9996101558e-03    3.0091300118e-07
    8.0998204648e-03    3.0091300118e-07
    8.1993499771e-03    3.0091300118e-07
    8.2995602861e-03    3.0091300118e-07
    8.3997696638e-03    3.0091200642e-07
    8.4999799728e-03    3.0091200642e-07
    8.5995001718e-03    3.0091200642e-07
    8.6997095495e-03    3.0091700864e-07
    8.7999198586e-03    3.0094400927e-07
    8.8994503021e-03    3.0096200021e-07
    8.9996596798e-03    3.0096200021e-07
    9.0998699889e-03    3.0096299497e-07
    9.1994004324e-03    3.0096398973e-07
    9.2996098101e-03    3.0096398973e-07
    9.3998098746e-03    3.0096398973e-07
    9.4993403181e-03    3.0096398973e-07
    9.5995496958e-03    3.0096398973e-07
    9.6997600049e-03    3.0096398973e-07
    9.7993398085e-03    3.0099201354e-07
    9.8995501176e-03    3.0104399684e-07
    9.9997604266e-03    3.0109001159e-07
    1.0099800304e-02    3.0114500760e-07
    1.0199399665e-02    3.0118400218e-07
    1.0299599729e-02    3.0119301186e-07
    1.0399799794e-02    3.0119301186e-07
    1.0499300435e-02    3.0116299854e-07
    1.0599499568e-02    3.0107798921e-07
    1.0699699633e-02    3.0097700687e-07
    1.0799899697e-02    3.0087301184e-07
    1.0899599642e-02    3.0076398616e-07
    1.0999400169e-02    3.0064899192e-07
    1.1099100113e-02    3.0051299404e-07
    1.1198800057e-02    3.0034701126e-07
    1.1299699545e-02    3.0013001151e-07
    1.1399400420e-02    2.9984300909e-07
    1.1499100365e-02    2.9947901226e-07
    1.1598899961e-02    2.9904299481e-07
    1.1699800380e-02    2.9851901218e-07
    1.1799500324e-02    2.9791399925e-07
    1.1899200268e-02    2.9721599049e-07
    1.1998900212e-02    2.9642399113e-07
    1.2099799700e-02    2.9551100056e-07
    1.2199499644e-02    2.9450299621e-07
    1.2299199589e-02    2.9340100127e-07
    1.2398900464e-02    2.9221899922e-07
    1.2499799952e-02    2.9094499610e-07
    1.2599499896e-02    2.8962401188e-07
    1.2699199840e-02    2.8824399578e-07
    1.2798899785e-02    2.8681398589e-07
    1.2899800204e-02    2.8532099350e-07
    1.2999500148e-02    2.8381299444e-07
    1.3099900447e-02    2.8225099413e-07
    1.3199400157e-02    2.8065599622e-07
    1.3299600221e-02    2.7899000088e-07
    1.3399800286e-02    2.7724800589e-07
    1.3499299996e-02    2.7541901204e-07
    1.3599599712e-02    2.7347701348e-07
    1.3699100353e-02    2.7145699733e-07
    1.3799999841e-02    2.6933000186e-07
    1.3899699785e-02    2.6716199386e-07
    1.3999399729e-02    2.6492401162e-07
    1.4099099673e-02    2.6259701258e-07
    1.4200000092e-02    2.6014399168e-07
    1.4299700037e-02    2.5763100098e-07
    1.4399399981e-02    2.5504300538e-07
    1.4499099925e-02    2.5240700552e-07
    1.4598799869e-02    2.4975000201e-07
    1.4699799940e-02    2.4705099122e-07
    1.4799499884e-02    2.4436999979e-07
    1.4899199829e-02    2.4166800472e-07
    1.4998899773e-02    2.3894500600e-07
    1.5099899843e-02    2.3617700151e-07
    1.5199599788e-02    2.3344000510e-07
    1.5299400315e-02    2.3071200417e-07
    1.5399100259e-02    2.2802200306e-07
    1.5498800203e-02    2.2538199573e-07
    1.5599800274e-02    2.2275000333e-07
    1.5699300915e-02    2.2017900392e-07
    1.5799300745e-02    2.1760800450e-07
    1.5899300575e-02    2.1505400127e-07
    1.5999300405e-02    2.1250899351e-07
    1.6099300236e-02    2.0996399996e-07
    1.6199700534e-02    2.0740600348e-07
    1.6299000010e-02    2.0488900532e-07
    1.6399299726e-02    2.0237399667e-07
    1.6499200836e-02    1.9988199540e-07
    1.6599200666e-02    1.9739700008e-07
    1.6699099913e-02    1.9496299331e-07
    1.6799600795e-02    1.9256999906e-07
    1.6899600625e-02    1.9021000242e-07
    1.6999099404e-02    1.8784899680e-07
    1.7099399120e-02    1.8544399438e-07
    1.7199600115e-02    1.8301099658e-07
    1.7299899831e-02    1.8051899531e-07
    1.7400000244e-02    1.7796399732e-07
    1.7500000075e-02    1.7539299790e-07
    1.7599100247e-02    1.7283200293e-07
    1.7699100077e-02    1.7019300458e-07
    1.7799099907e-02    1.6747600284e-07
    1.7899099737e-02    1.6470499986e-07
    1.7999399453e-02    1.6188799634e-07
    1.8099600449e-02    1.5902500650e-07
    1.8199300393e-02    1.5615300697e-07
    1.8299300224e-02    1.5328700442e-07
    1.8399400637e-02    1.5047200463e-07
    1.8499400467e-02    1.4771400458e-07
    1.8599400297e-02    1.4500500356e-07
    1.8699400127e-02    1.4233400236e-07
    1.8799399957e-02    1.3968400481e-07
    1.8899399787e-02    1.3704399748e-07
    1.8999399617e-02    1.3442900126e-07
    1.9099399447e-02    1.3184400416e-07
    1.9199699163e-02    1.2928599347e-07
    1.9299600273e-02    1.2678400196e-07
    1.9399499521e-02    1.2433500274e-07
    1.9499400631e-02    1.2195900467e-07
    1.9600000232e-02    1.1966099578e-07
    1.9699899480e-02    1.1745299844e-07
    1.9799800590e-02    1.1528999977e-07
    1.9899699837e-02    1.1315499648e-07
    1.9999599084e-02    1.1103600173e-07
    2.0099600777e-02    1.0894599711e-07
    2.0199500024e-02    1.0689200280e-07
    2.0299399272e-02    1.0487700308e-07
    2.0400000736e-02    1.0290700203e-07
    2.0499899983e-02    1.0100399805e-07
    2.0599799231e-02    9.9129600528e-08
    2.0699499175e-02    9.7252900844e-08
    2.0799700171e-02    9.5333298589e-08
    2.0899899304e-02    9.3392003464e-08
    2.0999500528e-02    9.1473701502e-08
    2.1099800244e-02    8.9546901449e-08
    2.1199500188e-02    8.7617301858e-08
    2.1299399436e-02    8.5650597725e-08
    2.1399900317e-02    8.3631398695e-08
    2.1499900147e-02    8.1589902834e-08
    2.1599799395e-02    7.9523601926e-08
    2.1699700505e-02    7.7452099845e-08
    2.1799599752e-02    7.5408003397e-08
    2.1899500862e-02    7.3411499102e-08
    2.1999400109e-02    7.1464299367e-08
    2.2099399939e-02    6.9555099458e-08
    2.2199900821e-02    6.7661503067e-08
    2.2299800068e-02    6.5792200132e-08
    2.2399799898e-02    6.3927700467e-08
    2.2499699146e-02    6.2076097151e-08
    2.2599600255e-02    6.0231002408e-08
    2.2699499503e-02    5.8370201117e-08
    2.2799400613e-02    5.6466600284e-08
    2.2900000215e-02    5.4486900325e-08
    2.2999899462e-02    5.2470500833e-08
    2.3099800572e-02    5.0445098765e-08
    2.3199800402e-02    4.8442000633e-08
    2.3299399763e-02    4.6486398730e-08
    2.3399800062e-02    4.4563901014e-08
    2.3499600589e-02    4.2699401348e-08
    2.3599300534e-02    4.0870201445e-08
    2.3699099198e-02    3.9069799840e-08
    2.3798799142e-02    3.7283900411e-08
    2.3899799213e-02    3.5489300387e-08
    2.3999499157e-02    3.3733300597e-08
    2.4099199101e-02    3.2008298234e-08
    2.4198999628e-02    3.0314399879e-08
    2.4299899116e-02    2.8615900760e-08
    2.4399699643e-02    2.6934099395e-08
    2.4499399588e-02    2.5226400524e-08
    2.4599200115e-02    2.3470500210e-08
    2.4698900059e-02    2.1652200033e-08
    2.4799799547e-02    1.9741099422e-08
    2.4899600074e-02    1.7791499829e-08
    2.4999300018e-02    1.5812700482e-08
    2.5098999962e-02    1.3816100264e-08
    2.5200000033e-02    1.1759699881e-08
    2.5299699977e-02    9.6824299689e-09
    2.5399399921e-02    7.5664701171e-09
    2.5499200448e-02    5.4260400617e-09
    2.5598900393e-02    3.2634399627e-09
    2.5699799880e-02    1.0441599807e-09
    2.5799600407e-02    0.0000000000e+00
    2.5899300352e-02    0.0000000000e+00
    2.5999000296e-02    0.0000000000e+00
    2.6100000367e-02    0.0000000000e+00
    2.6199700311e-02    0.0000000000e+00
    2.6299400255e-02    0.0000000000e+00
    2.6399100199e-02    0.0000000000e+00
    2.6498900726e-02    0.0000000000e+00
    2.6599800214e-02    0.0000000000e+00
    2.6699600741e-02    0.0000000000e+00
    2.6799300686e-02    0.0000000000e+00
    2.6899000630e-02    0.0000000000e+00
    2.6998799294e-02    0.0000000000e+00
    2.7099700645e-02    0.0000000000e+00
    2.7199499309e-02    0.0000000000e+00
    2.7299199253e-02    0.0000000000e+00
    2.7398999780e-02    0.0000000000e+00
    2.7499899268e-02    0.0000000000e+00
    2.7599699795e-02    0.0000000000e+00
    2.7699399740e-02    0.0000000000e+00
    2.7799200267e-02    0.0000000000e+00
    2.7898900211e-02    0.0000000000e+00
    2.7999900281e-02    0.0000000000e+00
    2.8099600226e-02    0.0000000000e+00
    2.8199400753e-02    0.0000000000e+00
    2.8299100697e-02    0.0000000000e+00
    2.8398899361e-02    0.0000000000e+00
    2.8499800712e-02    0.0000000000e+00
    2.8599599376e-02    0.0000000000e+00
    2.8699299321e-02    0.0000000000e+00
    2.8799399734e-02    0.0000000000e+00
    2.8899900615e-02    0.0000000000e+00
    2.8999900445e-02    0.0000000000e+00
    2.9099799693e-02    0.0000000000e+00
    2.9199700803e-02    0.0000000000e+00
    2.9299600050e-02    0.0000000000e+00
    2.9399499297e-02    0.0000000000e+00
    2.9499400407e-02    0.0000000000e+00
    2.9599400237e-02    0.0000000000e+00
    2.9699899256e-02    0.0000000000e+00
    2.9799800366e-02    0.0000000000e+00
    2.9899800196e-02    0.0000000000e+00
    2.9999699444e-02    0.0000000000e+00
