       301
    0.0000000000e+00    0.0000000000e+00
    9.9796299764e-05    1.6075299425e-10
    1.9995900220e-04    1.6019100713e-08
    2.9975399957e-04    3.7428399935e-08
    3.9954800741e-04    5.8538798697e-08
    4.9933698028e-04    7.9052597357e-08
    5.9912301367e-04    9.8988998332e-08
    6.9890700979e-04    1.1832499780e-07
    7.9989602091e-04    1.3717000513e-07
    8.9965300867e-04    1.5509399987e-07
    9.9939305801e-04    1.7220999382e-07
    1.0991200106e-03    1.8850199979e-07
    1.1988499900e-03    2.0402700329e-07
    1.2997899903e-03    2.1892799396e-07
    1.3994999463e-03    2.3285400630e-07
    1.4992000069e-03    2.4604401005e-07
    1.5992800472e-03    2.5858099661e-07
    1.6995799961e-03    2.7040201189e-07
    1.7996700481e-03    2.8150000730e-07
    1.8994800048e-03    2.9188899475e-07
    1.9992599264e-03    3.0165000453e-07
    2.0995200612e-03    3.1088998753e-07
    2.1995198913e-03    3.1956000157e-07
    2.2997800261e-03    3.2778200421e-07
    2.3994499352e-03    3.3555900814e-07
    2.4999401066e-03    3.4305199392e-07
    2.5994700845e-03    3.5021901112e-07
    2.6998599060e-03    3.5736300674e-07
    2.7991600800e-03    3.6436500750e-07
    2.8995499015e-03    3.7139400888e-07
    2.9998500831e-03    3.7827700794e-07
    3.0993300024e-03    3.8485200093e-07
    3.1994499732e-03    3.9126200591e-07
    3.2997101080e-03    3.9744298874e-07
    3.3999599982e-03    4.0340299279e-07
    3.4993200097e-03    4.0917601041e-07
    3.5993200727e-03    4.1491401248e-07
    3.6999399308e-03    4.2065698835e-07
    3.7991600111e-03    4.2616198925e-07
    3.8997100201e-03    4.3130199856e-07
    3.9999699220e-03    4.3585799858e-07
    4.0992600843e-03    4.3966900876e-07
    4.1995202191e-03    4.4260099230e-07
    4.2994301766e-03    4.4448700010e-07
    4.3997499160e-03    4.4544898969e-07
    4.4995401986e-03    4.4569600277e-07
    4.5997598208e-03    4.4561599566e-07
    4.6993698925e-03    4.4533601340e-07
    4.7995802015e-03    4.4493000928e-07
    4.8997900449e-03    4.4446900915e-07
    4.9993200228e-03    4.4421199163e-07
    5.0995298661e-03    4.4415600087e-07
    5.1997401752e-03    4.4417700451e-07
    5.2997497842e-03    4.4438201030e-07
    5.3993500769e-03    4.4471499905e-07
    5.4995599203e-03    4.4508701080e-07
    5.5997702293e-03    4.4533399546e-07
    5.6999800727e-03    4.4539800115e-07
    5.7998499833e-03    4.4544398747e-07
    5.8999899775e-03    4.4544501066e-07
    5.9995199554e-03    4.4532899324e-07
    6.0997200198e-03    4.4513998887e-07
    6.1999298632e-03    4.4485000217e-07
    6.2994598411e-03    4.4447401137e-07
    6.3996701501e-03    4.4415401135e-07
    6.4998799935e-03    4.4393800636e-07
    6.5994099714e-03    4.4378899133e-07
    6.6996198148e-03    4.4357298634e-07
    6.7998301238e-03    4.4328200488e-07
    6.8993498571e-03    4.4297499358e-07
    6.9995601662e-03    4.4269398813e-07
    7.0997700095e-03    4.4249199505e-07
    7.1999798529e-03    4.4242699460e-07
    7.2995098308e-03    4.4242699460e-07
    7.3997201398e-03    4.4242699460e-07
    7.4999299832e-03    4.4242298713e-07
    7.5994599611e-03    4.4242298713e-07
    7.6996698044e-03    4.4240999841e-07
    7.7998698689e-03    4.4238001351e-07
    7.8993998468e-03    4.4236099939e-07
    7.9996101558e-03    4.4233098606e-07
    8.0998204648e-03    4.4225700435e-07
    8.1993499771e-03    4.4212001171e-07
    8.2995602861e-03    4.4193299686e-07
    8.3997696638e-03    4.4170499791e-07
    8.4999799728e-03    4.4147500944e-07
    8.5995001718e-03    4.4124701049e-07
    8.6997095495e-03    4.4101599883e-07
    8.7999198586e-03    4.4079598638e-07
    8.8994503021e-03    4.4055400394e-07
    8.9996596798e-03    4.4026899104e-07
    9.0998699889e-03    4.3994799626e-07
    9.1994004324e-03    4.3961100005e-07
    9.2996098101e-03    4.3924399051e-07
    9.3998098746e-03    4.3882099021e-07
    9.4993403181e-03    4.3834700136e-07
    9.5995496958e-03    4.3783799697e-07
    9.6997600049e-03    4.3730099719e-07
    9.7993398085e-03    4.3671900585e-07
    9.8995501176e-03    4.3607400357e-07
    9.9997604266e-03    4.3536201133e-07
    1.0099800304e-02    4.3457001198e-07
    1.0199399665e-02    4.3369999503e-07
    1.0299599729e-02    4.3274300765e-07
    1.0399799794e-02    4.3171598918e-07
    1.0499300435e-02    4.3064301281e-07
    1.0599499568e-02    4.2950401280e-07
    1.0699699633e-02    4.2829100266e-07
    1.0799899697e-02    4.2700500558e-07
    1.0899599642e-02    4.2567299374e-07
    1.0999400169e-02    4.2430698954e-07
    1.1099100113e-02    4.2290599822e-07
    1.1198800057e-02    4.2147200929e-07
    1.1299699545e-02    4.1997799372e-07
    1.1399400420e-02    4.1845100895e-07
    1.1499100365e-02    4.1687900421e-07
    1.1598899961e-02    4.1527098915e-07
    1.1699800380e-02    4.1362301317e-07
    1.1799500324e-02    4.1197600353e-07
    1.1899200268e-02    4.1028098963e-07
    1.1998900212e-02    4.0851699623e-07
    1.2099799700e-02    4.0664900780e-07
    1.2199499644e-02    4.0472599494e-07
    1.2299199589e-02    4.0274599655e-07
    1.2398900464e-02    4.0071898866e-07
    1.2499799952e-02    3.9862200651e-07
    1.2599499896e-02    3.9650498707e-07
    1.2699199840e-02    3.9433101051e-07
    1.2798899785e-02    3.9208799762e-07
    1.2899800204e-02    3.8975500161e-07
    1.2999500148e-02    3.8740699893e-07
    1.3099900447e-02    3.8501499944e-07
    1.3199400157e-02    3.8260299107e-07
    1.3299600221e-02    3.8011299353e-07
    1.3399800286e-02    3.7756001348e-07
    1.3499299996e-02    3.7496999994e-07
    1.3599599712e-02    3.7232300087e-07
    1.3699100353e-02    3.6966198991e-07
    1.3799999841e-02    3.6693700167e-07
    1.3899699785e-02    3.6421599248e-07
    1.3999399729e-02    3.6145999616e-07
    1.4099099673e-02    3.5866699477e-07
    1.4200000092e-02    3.5581300040e-07
    1.4299700037e-02    3.5298199919e-07
    1.4399399981e-02    3.5013999877e-07
    1.4499099925e-02    3.4727401044e-07
    1.4598799869e-02    3.4437300656e-07
    1.4699799940e-02    3.4139600302e-07
    1.4799499884e-02    3.3842201219e-07
    1.4899199829e-02    3.3541701328e-07
    1.4998899773e-02    3.3238200103e-07
    1.5099899843e-02    3.2927098914e-07
    1.5199599788e-02    3.2614900647e-07
    1.5299400315e-02    3.2297199937e-07
    1.5399100259e-02    3.1974400372e-07
    1.5498800203e-02    3.1649099697e-07
    1.5599800274e-02    3.1319899563e-07
    1.5699300915e-02    3.0995599332e-07
    1.5799300745e-02    3.0668400086e-07
    1.5899300575e-02    3.0339398904e-07
    1.5999300405e-02    3.0008899898e-07
    1.6099300236e-02    2.9678400892e-07
    1.6199700534e-02    2.9347799568e-07
    1.6299000010e-02    2.9022800163e-07
    1.6399299726e-02    2.8696601362e-07
    1.6499200836e-02    2.8372198813e-07
    1.6599200666e-02    2.8047000455e-07
    1.6699099913e-02    2.7723200446e-07
    1.6799600795e-02    2.7398598945e-07
    1.6899600625e-02    2.7077300047e-07
    1.6999099404e-02    2.6760400829e-07
    1.7099399120e-02    2.6443299816e-07
    1.7199600115e-02    2.6128100217e-07
    1.7299899831e-02    2.5815199933e-07
    1.7400000244e-02    2.5504400014e-07
    1.7500000075e-02    2.5194501063e-07
    1.7599100247e-02    2.4888001349e-07
    1.7699100077e-02    2.4580000968e-07
    1.7799099907e-02    2.4273899157e-07
    1.7899099737e-02    2.3971199425e-07
    1.7999399453e-02    2.3672099303e-07
    1.8099600449e-02    2.3377900504e-07
    1.8199300393e-02    2.3091600099e-07
    1.8299300224e-02    2.2811599365e-07
    1.8399400637e-02    2.2539100542e-07
    1.8499400467e-02    2.2274200262e-07
    1.8599400297e-02    2.2016600099e-07
    1.8699400127e-02    2.1766899749e-07
    1.8799399957e-02    2.1523999294e-07
    1.8899399787e-02    2.1286800234e-07
    1.8999399617e-02    2.1054600552e-07
    1.9099399447e-02    2.0826000480e-07
    1.9199699163e-02    2.0598899653e-07
    1.9299600273e-02    2.0376199927e-07
    1.9399499521e-02    2.0159400549e-07
    1.9499400631e-02    1.9949200691e-07
    1.9600000232e-02    1.9743200141e-07
    1.9699899480e-02    1.9543800533e-07
    1.9799800590e-02    1.9347899638e-07
    1.9899699837e-02    1.9154799702e-07
    1.9999599084e-02    1.8964800574e-07
    2.0099600777e-02    1.8777799937e-07
    2.0199500024e-02    1.8593800633e-07
    2.0299399272e-02    1.8411600422e-07
    2.0400000736e-02    1.8228199394e-07
    2.0499899983e-02    1.8045200534e-07
    2.0599799231e-02    1.7861499657e-07
    2.0699499175e-02    1.7678600273e-07
    2.0799700171e-02    1.7496600435e-07
    2.0899899304e-02    1.7317199763e-07
    2.0999500528e-02    1.7141300646e-07
    2.1099800244e-02    1.6965100258e-07
    2.1199500188e-02    1.6789999790e-07
    2.1299399436e-02    1.6614299625e-07
    2.1399900317e-02    1.6437400063e-07
    2.1499900147e-02    1.6261600422e-07
    2.1599799395e-02    1.6087000176e-07
    2.1699700505e-02    1.5913299478e-07
    2.1799599752e-02    1.5739099979e-07
    2.1899500862e-02    1.5563600186e-07
    2.1999400109e-02    1.5385700181e-07
    2.2099399939e-02    1.5206200032e-07
    2.2199900821e-02    1.5025200639e-07
    2.2299800068e-02    1.4845200269e-07
    2.2399799898e-02    1.4662799686e-07
    2.2499699146e-02    1.4475300247e-07
    2.2599600255e-02    1.4281900462e-07
    2.2699499503e-02    1.4083599353e-07
    2.2799400613e-02    1.3881799532e-07
    2.2900000215e-02    1.3675399657e-07
    2.2999899462e-02    1.3467099791e-07
    2.3099800572e-02    1.3255099418e-07
    2.3199800402e-02    1.3039600333e-07
    2.3299399763e-02    1.2821399764e-07
    2.3399800062e-02    1.2599099364e-07
    2.3499600589e-02    1.2376899861e-07
    2.3599300534e-02    1.2153100215e-07
    2.3699099198e-02    1.1926900356e-07
    2.3798799142e-02    1.1697299840e-07
    2.3899799213e-02    1.1461899874e-07
    2.3999499157e-02    1.1227199792e-07
    2.4099199101e-02    1.0990800092e-07
    2.4198999628e-02    1.0752400215e-07
    2.4299899116e-02    1.0508200177e-07
    2.4399699643e-02    1.0263399730e-07
    2.4499399588e-02    1.0014299789e-07
    2.4599200115e-02    9.7612101513e-08
    2.4698900059e-02    9.5051298388e-08
    2.4799799547e-02    9.2431598375e-08
    2.4899600074e-02    8.9815799242e-08
    2.4999300018e-02    8.7169901519e-08
    2.5098999962e-02    8.4490501706e-08
    2.5200000033e-02    8.1745703540e-08
    2.5299699977e-02    7.9004102815e-08
    2.5399399921e-02    7.6239096813e-08
    2.5499200448e-02    7.3457101735e-08
    2.5598900393e-02    7.0658202844e-08
    2.5699799880e-02    6.7802602643e-08
    2.5799600407e-02    6.4950398837e-08
    2.5899300352e-02    6.2059200445e-08
    2.5999000296e-02    5.9122701401e-08
    2.6100000367e-02    5.6100599721e-08
    2.6199700311e-02    5.3069701522e-08
    2.6299400255e-02    5.0005901642e-08
    2.6399100199e-02    4.6920199281e-08
    2.6498900726e-02    4.3818001672e-08
    2.6599800214e-02    4.0664900780e-08
    2.6699600741e-02    3.7539301445e-08
    2.6799300686e-02    3.4401399063e-08
    2.6899000630e-02    3.1243001075e-08
    2.6998799294e-02    2.8056199142e-08
    2.7099700645e-02    2.4800700160e-08
    2.7199499309e-02    2.1564199315e-08
    2.7299199253e-02    1.8319999739e-08
    2.7398999780e-02    1.5073100101e-08
    2.7499899268e-02    1.1775700415e-08
    2.7599699795e-02    8.4953502011e-09
    2.7699399740e-02    5.1827599989e-09
    2.7799200267e-02    1.8382599887e-09
    2.7898900211e-02    0.0000000000e+00
    2.7999900281e-02    0.0000000000e+00
    2.8099600226e-02    0.0000000000e+00
    2.8199400753e-02    0.0000000000e+00
    2.8299100697e-02    0.0000000000e+00
    2.8398899361e-02    0.0000000000e+00
    2.8499800712e-02    0.0000000000e+00
    2.8599599376e-02    0.0000000000e+00
    2.8699299321e-02    0.0000000000e+00
    2.8799399734e-02    0.0000000000e+00
    2.8899900615e-02    0.0000000000e+00
    2.8999900445e-02    0.0000000000e+00
    2.9099799693e-02    0.0000000000e+00
    2.9199700803e-02    0.0000000000e+00
    2.9299600050e-02    0.0000000000e+00
    2.9399499297e-02    0.0000000000e+00
    2.9499400407e-02    0.0000000000e+00
    2.9599400237e-02    0.0000000000e+00
    2.9699899256e-02    0.0000000000e+00
    2.9799800366e-02    0.0000000000e+00
    2.9899800196e-02    0.0000000000e+00
    2.9999699444e-02    0.0000000000e+00
