       301
    0.0000000000e+00    0.0000000000e+00
    9.9796299764e-05    0.0000000000e+00
    1.9995900220e-04    6.6179999259e-09
    2.9975399957e-04    1.9211899627e-08
    3.9954800741e-04    3.1785798882e-08
    4.9933698028e-04    4.3867601107e-08
    5.9912301367e-04    5.5440299462e-08
    6.9890700979e-04    6.6418799349e-08
    7.9989602091e-04    7.6972803242e-08
    8.9965300867e-04    8.6928700682e-08
    9.9939305801e-04    9.6500102131e-08
    1.0991200106e-03    1.0567200093e-07
    1.1988499900e-03    1.1457800042e-07
    1.2997899903e-03    1.2331599919e-07
    1.3994999463e-03    1.3157800538e-07
    1.4992000069e-03    1.3965700418e-07
    1.5992800472e-03    1.4714599672e-07
    1.6995799961e-03    1.5441399626e-07
    1.7996700481e-03    1.6142500670e-07
    1.8994800048e-03    1.6844599315e-07
    1.9992599264e-03    1.7530500429e-07
    2.0995200612e-03    1.8198899454e-07
    2.1995198913e-03    1.8859999784e-07
    2.2997800261e-03    1.9526899564e-07
    2.3994499352e-03    2.0197100525e-07
    2.4999401066e-03    2.0878799489e-07
    2.5994700845e-03    2.1578399867e-07
    2.6998599060e-03    2.2313099635e-07
    2.7991600800e-03    2.3062699483e-07
    2.8995499015e-03    2.3827300311e-07
    2.9998500831e-03    2.4580799618e-07
    3.0993300024e-03    2.5318200869e-07
    3.1994499732e-03    2.6031298717e-07
    3.2997101080e-03    2.6693200539e-07
    3.3999599982e-03    2.7320999152e-07
    3.4993200097e-03    2.7925500490e-07
    3.5993200727e-03    2.8517499118e-07
    3.6999399308e-03    2.9079998853e-07
    3.7991600111e-03    2.9563400972e-07
    3.8997100201e-03    2.9968700233e-07
    3.9999699220e-03    3.0284701324e-07
    4.0992600843e-03    3.0488800462e-07
    4.1995202191e-03    3.0576700283e-07
    4.2994301766e-03    3.0576299537e-07
    4.3997499160e-03    3.0521698591e-07
    4.4995401986e-03    3.0428799391e-07
    4.5997598208e-03    3.0316201105e-07
    4.6993698925e-03    3.0208801149e-07
    4.7995802015e-03    3.0129601214e-07
    4.8997900449e-03    3.0096200021e-07
    4.9993200228e-03    3.0084100899e-07
    5.0995298661e-03    3.0083600677e-07
    5.1997401752e-03    3.0083600677e-07
    5.2997497842e-03    3.0084399327e-07
    5.3993500769e-03    3.0090001246e-07
    5.4995599203e-03    3.0090899372e-07
    5.5997702293e-03    3.0093099213e-07
    5.6999800727e-03    3.0093499959e-07
    5.7998499833e-03    3.0093499959e-07
    5.8999899775e-03    3.0093599435e-07
    5.9995199554e-03    3.0093599435e-07
    6.0997200198e-03    3.0093599435e-07
    6.1999298632e-03    3.0093599435e-07
    6.2994598411e-03    3.0093599435e-07
    6.3996701501e-03    3.0094599879e-07
    6.4998799935e-03    3.0094798831e-07
    6.5994099714e-03    3.0094798831e-07
    6.6996198148e-03    3.0094798831e-07
    6.7998301238e-03    3.0094798831e-07
    6.8993498571e-03    3.0094798831e-07
    6.9995601662e-03    3.0094798831e-07
    7.0997700095e-03    3.0094798831e-07
    7.1999798529e-03    3.0094798831e-07
    7.2995098308e-03    3.0094798831e-07
    7.3997201398e-03    3.0094798831e-07
    7.4999299832e-03    3.0094798831e-07
    7.5994599611e-03    3.0094798831e-07
    7.6996698044e-03    3.0094699355e-07
    7.7998698689e-03    3.0092999737e-07
    7.8993998468e-03    3.0091700864e-07
    7.9996101558e-03    3.0091700864e-07
    8.0998204648e-03    3.0091700864e-07
    8.1993499771e-03    3.0091700864e-07
    8.2995602861e-03    3.0091601388e-07
    8.3997696638e-03    3.0091601388e-07
    8.4999799728e-03    3.0091601388e-07
    8.5995001718e-03    3.0091601388e-07
    8.6997095495e-03    3.0092098768e-07
    8.7999198586e-03    3.0094699355e-07
    8.8994503021e-03    3.0096501291e-07
    8.9996596798e-03    3.0096501291e-07
    9.0998699889e-03    3.0096700243e-07
    9.1994004324e-03    3.0096700243e-07
    9.2996098101e-03    3.0096700243e-07
    9.3998098746e-03    3.0096799719e-07
    9.4993403181e-03    3.0096799719e-07
    9.5995496958e-03    3.0096700243e-07
    9.6997600049e-03    3.0096700243e-07
    9.7993398085e-03    3.0099499781e-07
    9.8995501176e-03    3.0104700954e-07
    9.9997604266e-03    3.0109200111e-07
    1.0099800304e-02    3.0114699712e-07
    1.0199399665e-02    3.0118698646e-07
    1.0299599729e-02    3.0119699090e-07
    1.0399799794e-02    3.0119699090e-07
    1.0499300435e-02    3.0116899552e-07
    1.0599499568e-02    3.0108699889e-07
    1.0699699633e-02    3.0098800607e-07
    1.0799899697e-02    3.0088901326e-07
    1.0899599642e-02    3.0078498980e-07
    1.0999400169e-02    3.0067499779e-07
    1.1099100113e-02    3.0054300737e-07
    1.1198800057e-02    3.0037699617e-07
    1.1299699545e-02    3.0015800689e-07
    1.1399400420e-02    2.9987398875e-07
    1.1499100365e-02    2.9951598890e-07
    1.1598899961e-02    2.9908301258e-07
    1.1699800380e-02    2.9855900152e-07
    1.1799500324e-02    2.9795299383e-07
    1.1899200268e-02    2.9725501349e-07
    1.1998900212e-02    2.9646099620e-07
    1.2099799700e-02    2.9554499292e-07
    1.2199499644e-02    2.9453400430e-07
    1.2299199589e-02    2.9342999142e-07
    1.2398900464e-02    2.9224599984e-07
    1.2499799952e-02    2.9096599974e-07
    1.2599499896e-02    2.8963799537e-07
    1.2699199840e-02    2.8825201071e-07
    1.2798899785e-02    2.8681699860e-07
    1.2899800204e-02    2.8531900398e-07
    1.2999500148e-02    2.8380699746e-07
    1.3099900447e-02    2.8224098969e-07
    1.3199400157e-02    2.8064400226e-07
    1.3299600221e-02    2.7897499422e-07
    1.3399800286e-02    2.7723100970e-07
    1.3499299996e-02    2.7539800840e-07
    1.3599599712e-02    2.7345200238e-07
    1.3699100353e-02    2.7142999670e-07
    1.3799999841e-02    2.6930101171e-07
    1.3899699785e-02    2.6712999102e-07
    1.3999399729e-02    2.6488999083e-07
    1.4099099673e-02    2.6256100227e-07
    1.4200000092e-02    2.6010800980e-07
    1.4299700037e-02    2.5759899813e-07
    1.4399399981e-02    2.5501398682e-07
    1.4499099925e-02    2.5237901013e-07
    1.4598799869e-02    2.4972300139e-07
    1.4699799940e-02    2.4702501378e-07
    1.4799499884e-02    2.4434700663e-07
    1.4899199829e-02    2.4164799584e-07
    1.4998899773e-02    2.3892800982e-07
    1.5099899843e-02    2.3616199485e-07
    1.5199599788e-02    2.3342700217e-07
    1.5299400315e-02    2.3069900124e-07
    1.5399100259e-02    2.2800999488e-07
    1.5498800203e-02    2.2537300026e-07
    1.5599800274e-02    2.2274500111e-07
    1.5699300915e-02    2.2017799495e-07
    1.5799300745e-02    2.1760800450e-07
    1.5899300575e-02    2.1505100278e-07
    1.5999300405e-02    2.1250400550e-07
    1.6099300236e-02    2.0995599925e-07
    1.6199700534e-02    2.0739800277e-07
    1.6299000010e-02    2.0488400310e-07
    1.6399299726e-02    2.0237300191e-07
    1.6499200836e-02    1.9988300437e-07
    1.6599200666e-02    1.9739999857e-07
    1.6699099913e-02    1.9497200299e-07
    1.6799600795e-02    1.9258699524e-07
    1.6899600625e-02    1.9023499931e-07
    1.6999099404e-02    1.8788199441e-07
    1.7099399120e-02    1.8548600167e-07
    1.7199600115e-02    1.8306100458e-07
    1.7299899831e-02    1.8057500029e-07
    1.7400000244e-02    1.7801500007e-07
    1.7500000075e-02    1.7542599551e-07
    1.7599100247e-02    1.7285499609e-07
    1.7699100077e-02    1.7021099552e-07
    1.7799099907e-02    1.6748599307e-07
    1.7899099737e-02    1.6470499986e-07
    1.7999399453e-02    1.6187800611e-07
    1.8099600449e-02    1.5900600658e-07
    1.8199300393e-02    1.5612700111e-07
    1.8299300224e-02    1.5325700531e-07
    1.8399400637e-02    1.5043799806e-07
    1.8499400467e-02    1.4767499579e-07
    1.8599400297e-02    1.4496100675e-07
    1.8699400127e-02    1.4228899659e-07
    1.8799399957e-02    1.3963899903e-07
    1.8899399787e-02    1.3699299473e-07
    1.8999399617e-02    1.3437400526e-07
    1.9099399447e-02    1.3178899394e-07
    1.9199699163e-02    1.2923500492e-07
    1.9299600273e-02    1.2673899619e-07
    1.9399499521e-02    1.2429700291e-07
    1.9499400631e-02    1.2193000032e-07
    1.9600000232e-02    1.1964199587e-07
    1.9699899480e-02    1.1744000261e-07
    1.9799800590e-02    1.1528099719e-07
    1.9899699837e-02    1.1314700288e-07
    1.9999599084e-02    1.1103099951e-07
    2.0099600777e-02    1.0894100200e-07
    2.0199500024e-02    1.0688800245e-07
    2.0299399272e-02    1.0487600122e-07
    2.0400000736e-02    1.0290899866e-07
    2.0499899983e-02    1.0101099690e-07
    2.0599799231e-02    9.9141303167e-08
    2.0699499175e-02    9.7271197319e-08
    2.0799700171e-02    9.5356803342e-08
    2.0899899304e-02    9.3416602454e-08
    2.0999500528e-02    9.1496502819e-08
    2.1099800244e-02    8.9566199790e-08
    2.1199500188e-02    8.7632400891e-08
    2.1299399436e-02    8.5660602167e-08
    2.1399900317e-02    8.3636102488e-08
    2.1499900147e-02    8.1593100276e-08
    2.1599799395e-02    7.9526998320e-08
    2.1699700505e-02    7.7455602820e-08
    2.1799599752e-02    7.5412501133e-08
    2.1899500862e-02    7.3421396962e-08
    2.1999400109e-02    7.1480201314e-08
    2.2099399939e-02    6.9573800943e-08
    2.2199900821e-02    6.7681696692e-08
    2.2299800068e-02    6.5813303252e-08
    2.2399799898e-02    6.3950899687e-08
    2.2499699146e-02    6.2105598886e-08
    2.2599600255e-02    6.0268298796e-08
    2.2699499503e-02    5.8414098447e-08
    2.2799400613e-02    5.6516601177e-08
    2.2900000215e-02    5.4541498429e-08
    2.2999899462e-02    5.2528701389e-08
    2.3099800572e-02    5.0508401017e-08
    2.3199800402e-02    4.8512301731e-08
    2.3299399763e-02    4.6562298905e-08
    2.3399800062e-02    4.4644398400e-08
    2.3499600589e-02    4.2784101595e-08
    2.3599300534e-02    4.0963200831e-08
    2.3699099198e-02    3.9167399990e-08
    2.3798799142e-02    3.7385898821e-08
    2.3899799213e-02    3.5589600600e-08
    2.3999499157e-02    3.3824200329e-08
    2.4099199101e-02    3.2088699697e-08
    2.4198999628e-02    3.0388399352e-08
    2.4299899116e-02    2.8685400721e-08
    2.4399699643e-02    2.6996200830e-08
    2.4499399588e-02    2.5282599125e-08
    2.4599200115e-02    2.3523799797e-08
    2.4698900059e-02    2.1707199593e-08
    2.4799799547e-02    1.9797999684e-08
    2.4899600074e-02    1.7848799772e-08
    2.4999300018e-02    1.5867200887e-08
    2.5098999962e-02    1.3864999815e-08
    2.5200000033e-02    1.1803200195e-08
    2.5299699977e-02    9.7236103613e-09
    2.5399399921e-02    7.6087998124e-09
    2.5499200448e-02    5.4707198771e-09
    2.5598900393e-02    3.3094000873e-09
    2.5699799880e-02    1.0922700522e-09
    2.5799600407e-02    0.0000000000e+00
    2.5899300352e-02    0.0000000000e+00
    2.5999000296e-02    0.0000000000e+00
    2.6100000367e-02    0.0000000000e+00
    2.6199700311e-02    0.0000000000e+00
    2.6299400255e-02    0.0000000000e+00
    2.6399100199e-02    0.0000000000e+00
    2.6498900726e-02    0.0000000000e+00
    2.6599800214e-02    0.0000000000e+00
    2.6699600741e-02    0.0000000000e+00
    2.6799300686e-02    0.0000000000e+00
    2.6899000630e-02    0.0000000000e+00
    2.6998799294e-02    0.0000000000e+00
    2.7099700645e-02    0.0000000000e+00
    2.7199499309e-02    0.0000000000e+00
    2.7299199253e-02    0.0000000000e+00
    2.7398999780e-02    0.0000000000e+00
    2.7499899268e-02    0.0000000000e+00
    2.7599699795e-02    0.0000000000e+00
    2.7699399740e-02    0.0000000000e+00
    2.7799200267e-02    0.0000000000e+00
    2.7898900211e-02    0.0000000000e+00
    2.7999900281e-02    0.0000000000e+00
    2.8099600226e-02    0.0000000000e+00
    2.8199400753e-02    0.0000000000e+00
    2.8299100697e-02    0.0000000000e+00
    2.8398899361e-02    0.0000000000e+00
    2.8499800712e-02    0.0000000000e+00
    2.8599599376e-02    0.0000000000e+00
    2.8699299321e-02    0.0000000000e+00
    2.8799399734e-02    0.0000000000e+00
    2.8899900615e-02    0.0000000000e+00
    2.8999900445e-02    0.0000000000e+00
    2.9099799693e-02    0.0000000000e+00
    2.9199700803e-02    0.0000000000e+00
    2.9299600050e-02    0.0000000000e+00
    2.9399499297e-02    0.0000000000e+00
    2.9499400407e-02    0.0000000000e+00
    2.9599400237e-02    0.0000000000e+00
    2.9699899256e-02    0.0000000000e+00
    2.9799800366e-02    0.0000000000e+00
    2.9899800196e-02    0.0000000000e+00
    2.9999699444e-02    0.0000000000e+00
