       301
    0.0000000000e+00    0.0000000000e+00
    9.9796299764e-05    1.6075299425e-10
    1.9995900220e-04    1.6019100713e-08
    2.9975399957e-04    3.7428399935e-08
    3.9954800741e-04    5.8538798697e-08
    4.9933698028e-04    7.9052597357e-08
    5.9912301367e-04    9.8988998332e-08
    6.9890700979e-04    1.1832499780e-07
    7.9989602091e-04    1.3717000513e-07
    8.9965300867e-04    1.5509399987e-07
    9.9939305801e-04    1.7220999382e-07
    1.0991200106e-03    1.8850199979e-07
    1.1988499900e-03    2.0402700329e-07
    1.2997899903e-03    2.1892799396e-07
    1.3994999463e-03    2.3285400630e-07
    1.4992000069e-03    2.4604401005e-07
    1.5992800472e-03    2.5858099661e-07
    1.6995799961e-03    2.7040201189e-07
    1.7996700481e-03    2.8150000730e-07
    1.8994800048e-03    2.9188998951e-07
    1.9992599264e-03    3.0165000453e-07
    2.0995200612e-03    3.1088998753e-07
    2.1995198913e-03    3.1956000157e-07
    2.2997800261e-03    3.2778200421e-07
    2.3994499352e-03    3.3555900814e-07
    2.4999401066e-03    3.4305199392e-07
    2.5994700845e-03    3.5021901112e-07
    2.6998599060e-03    3.5736300674e-07
    2.7991600800e-03    3.6436500750e-07
    2.8995499015e-03    3.7139301412e-07
    2.9998500831e-03    3.7827700794e-07
    3.0993300024e-03    3.8485200093e-07
    3.1994499732e-03    3.9126200591e-07
    3.2997101080e-03    3.9744298874e-07
    3.3999599982e-03    4.0340299279e-07
    3.4993200097e-03    4.0917601041e-07
    3.5993200727e-03    4.1491401248e-07
    3.6999399308e-03    4.2065599359e-07
    3.7991600111e-03    4.2616099449e-07
    3.8997100201e-03    4.3130199856e-07
    3.9999699220e-03    4.3585700382e-07
    4.0992600843e-03    4.3966699081e-07
    4.1995202191e-03    4.4259900278e-07
    4.2994301766e-03    4.4448299263e-07
    4.3997499160e-03    4.4544299271e-07
    4.4995401986e-03    4.4568901103e-07
    4.5997598208e-03    4.4560900392e-07
    4.6993698925e-03    4.4532799848e-07
    4.7995802015e-03    4.4492199436e-07
    4.8997900449e-03    4.4446099423e-07
    4.9993200228e-03    4.4420400513e-07
    5.0995298661e-03    4.4414900913e-07
    5.1997401752e-03    4.4416898959e-07
    5.2997497842e-03    4.4437399538e-07
    5.3993500769e-03    4.4470701255e-07
    5.4995599203e-03    4.4507899588e-07
    5.5997702293e-03    4.4532600896e-07
    5.6999800727e-03    4.4539100941e-07
    5.7998499833e-03    4.4543699573e-07
    5.8999899775e-03    4.4543799049e-07
    5.9995199554e-03    4.4532299626e-07
    6.0997200198e-03    4.4513498665e-07
    6.1999298632e-03    4.4484400519e-07
    6.2994598411e-03    4.4446798597e-07
    6.3996701501e-03    4.4414798595e-07
    6.4998799935e-03    4.4393300414e-07
    6.5994099714e-03    4.4378501229e-07
    6.6996198148e-03    4.4357000206e-07
    6.7998301238e-03    4.4327799742e-07
    6.8993498571e-03    4.4297098611e-07
    6.9995601662e-03    4.4269000909e-07
    7.0997700095e-03    4.4248699282e-07
    7.1999798529e-03    4.4242199237e-07
    7.2995098308e-03    4.4242199237e-07
    7.3997201398e-03    4.4242199237e-07
    7.4999299832e-03    4.4241900810e-07
    7.5994599611e-03    4.4241900810e-07
    7.6996698044e-03    4.4240599095e-07
    7.7998698689e-03    4.4237700081e-07
    7.8993998468e-03    4.4235900987e-07
    7.9996101558e-03    4.4232899654e-07
    8.0998204648e-03    4.4225600959e-07
    8.1993499771e-03    4.4212100647e-07
    8.2995602861e-03    4.4193399162e-07
    8.3997696638e-03    4.4170599267e-07
    8.4999799728e-03    4.4147600420e-07
    8.5995001718e-03    4.4124800525e-07
    8.6997095495e-03    4.4101599883e-07
    8.7999198586e-03    4.4079598638e-07
    8.8994503021e-03    4.4055400394e-07
    8.9996596798e-03    4.4026799628e-07
    9.0998699889e-03    4.3994600674e-07
    9.1994004324e-03    4.3960901053e-07
    9.2996098101e-03    4.3924100623e-07
    9.3998098746e-03    4.3881701117e-07
    9.4993403181e-03    4.3834199914e-07
    9.5995496958e-03    4.3783299475e-07
    9.6997600049e-03    4.3729698973e-07
    9.7993398085e-03    4.3671599315e-07
    9.8995501176e-03    4.3607201405e-07
    9.9997604266e-03    4.3535999339e-07
    1.0099800304e-02    4.3456898879e-07
    1.0199399665e-02    4.3369900027e-07
    1.0299599729e-02    4.3274201289e-07
    1.0399799794e-02    4.3171300490e-07
    1.0499300435e-02    4.3064000010e-07
    1.0599499568e-02    4.2950000534e-07
    1.0699699633e-02    4.2828600044e-07
    1.0799899697e-02    4.2699900860e-07
    1.0899599642e-02    4.2566799152e-07
    1.0999400169e-02    4.2430198732e-07
    1.1099100113e-02    4.2290000124e-07
    1.1198800057e-02    4.2146399437e-07
    1.1299699545e-02    4.1996699451e-07
    1.1399400420e-02    4.1844100451e-07
    1.1499100365e-02    4.1687201247e-07
    1.1598899961e-02    4.1526499217e-07
    1.1699800380e-02    4.1361599301e-07
    1.1799500324e-02    4.1196798861e-07
    1.1899200268e-02    4.1027300313e-07
    1.1998900212e-02    4.0850900973e-07
    1.2099799700e-02    4.0663999812e-07
    1.2199499644e-02    4.0471599050e-07
    1.2299199589e-02    4.0273499735e-07
    1.2398900464e-02    4.0070699470e-07
    1.2499799952e-02    3.9860799461e-07
    1.2599499896e-02    3.9649100358e-07
    1.2699199840e-02    3.9431699861e-07
    1.2798899785e-02    3.9207299096e-07
    1.2899800204e-02    3.8973900018e-07
    1.2999500148e-02    3.8739099750e-07
    1.3099900447e-02    3.8499899802e-07
    1.3199400157e-02    3.8258599488e-07
    1.3299600221e-02    3.8009500258e-07
    1.3399800286e-02    3.7754099935e-07
    1.3499299996e-02    3.7495098582e-07
    1.3599599712e-02    3.7230500993e-07
    1.3699100353e-02    3.6964499373e-07
    1.3799999841e-02    3.6692100025e-07
    1.3899699785e-02    3.6420098581e-07
    1.3999399729e-02    3.6144498949e-07
    1.4099099673e-02    3.5865198811e-07
    1.4200000092e-02    3.5579898849e-07
    1.4299700037e-02    3.5296798728e-07
    1.4399399981e-02    3.5012598687e-07
    1.4499099925e-02    3.4725999853e-07
    1.4598799869e-02    3.4435799989e-07
    1.4699799940e-02    3.4138298588e-07
    1.4799499884e-02    3.3840998981e-07
    1.4899199829e-02    3.3540700883e-07
    1.4998899773e-02    3.3237299135e-07
    1.5099899843e-02    3.2926399740e-07
    1.5199599788e-02    3.2614400425e-07
    1.5299400315e-02    3.2296699715e-07
    1.5399100259e-02    3.1973900150e-07
    1.5498800203e-02    3.1648599474e-07
    1.5599800274e-02    3.1319399341e-07
    1.5699300915e-02    3.0995099110e-07
    1.5799300745e-02    3.0667899864e-07
    1.5899300575e-02    3.0338699730e-07
    1.5999300405e-02    3.0008101248e-07
    1.6099300236e-02    2.9677599400e-07
    1.6199700534e-02    2.9347000918e-07
    1.6299000010e-02    2.9022200465e-07
    1.6399299726e-02    2.8695899346e-07
    1.6499200836e-02    2.8371599115e-07
    1.6599200666e-02    2.8046198963e-07
    1.6699099913e-02    2.7722200002e-07
    1.6799600795e-02    2.7397300073e-07
    1.6899600625e-02    2.7075799380e-07
    1.6999099404e-02    2.6758499416e-07
    1.7099399120e-02    2.6441199452e-07
    1.7199600115e-02    2.6125900376e-07
    1.7299899831e-02    2.5812900617e-07
    1.7400000244e-02    2.5502200174e-07
    1.7500000075e-02    2.5192699127e-07
    1.7599100247e-02    2.4886500682e-07
    1.7699100077e-02    2.4578599778e-07
    1.7799099907e-02    2.4272500809e-07
    1.7899099737e-02    2.3969801077e-07
    1.7999399453e-02    2.3670899907e-07
    1.8099600449e-02    2.3376900060e-07
    1.8199300393e-02    2.3090599655e-07
    1.8299300224e-02    2.2810900191e-07
    1.8399400637e-02    2.2538600319e-07
    1.8499400467e-02    2.2273900413e-07
    1.8599400297e-02    2.2016600099e-07
    1.8699400127e-02    2.1767000646e-07
    1.8799399957e-02    2.1524400040e-07
    1.8899399787e-02    2.1287600305e-07
    1.8999399617e-02    2.1055700472e-07
    1.9099399447e-02    2.0827299352e-07
    1.9199699163e-02    2.0600299422e-07
    1.9299600273e-02    2.0377399323e-07
    1.9399499521e-02    2.0160500469e-07
    1.9499400631e-02    1.9950100238e-07
    1.9600000232e-02    1.9744000213e-07
    1.9699899480e-02    1.9544499708e-07
    1.9799800590e-02    1.9348499336e-07
    1.9899699837e-02    1.9155399400e-07
    1.9999599084e-02    1.8965400272e-07
    2.0099600777e-02    1.8778200683e-07
    2.0199500024e-02    1.8594100482e-07
    2.0299399272e-02    1.8411600422e-07
    2.0400000736e-02    1.8228000442e-07
    2.0499899983e-02    1.8044599415e-07
    2.0599799231e-02    1.7860600110e-07
    2.0699499175e-02    1.7677299979e-07
    2.0799700171e-02    1.7495099769e-07
    2.0899899304e-02    1.7315500145e-07
    2.0999500528e-02    1.7139500130e-07
    2.1099800244e-02    1.6963099370e-07
    2.1199500188e-02    1.6787899426e-07
    2.1299399436e-02    1.6612099785e-07
    2.1399900317e-02    1.6435099326e-07
    2.1499900147e-02    1.6259299684e-07
    2.1599799395e-02    1.6084500487e-07
    2.1699700505e-02    1.5910599416e-07
    2.1799599752e-02    1.5736399916e-07
    2.1899500862e-02    1.5561100497e-07
    2.1999400109e-02    1.5383399443e-07
    2.2099399939e-02    1.5204300041e-07
    2.2199900821e-02    1.5023400124e-07
    2.2299800068e-02    1.4843500651e-07
    2.2399799898e-02    1.4661100067e-07
    2.2499699146e-02    1.4473700105e-07
    2.2599600255e-02    1.4280399796e-07
    2.2699499503e-02    1.4082199584e-07
    2.2799400613e-02    1.3880300287e-07
    2.2900000215e-02    1.3673900412e-07
    2.2999899462e-02    1.3465499649e-07
    2.3099800572e-02    1.3253699649e-07
    2.3199800402e-02    1.3038399516e-07
    2.3299399763e-02    1.2820500217e-07
    2.3399800062e-02    1.2598400190e-07
    2.3499600589e-02    1.2376399638e-07
    2.3599300534e-02    1.2152699469e-07
    2.3699099198e-02    1.1926199761e-07
    2.3798799142e-02    1.1696099733e-07
    2.3899799213e-02    1.1459999882e-07
    2.3999499157e-02    1.1224599916e-07
    2.4099199101e-02    1.0987400145e-07
    2.4198999628e-02    1.0748500046e-07
    2.4299899116e-02    1.0504100345e-07
    2.4399699643e-02    1.0259000049e-07
    2.4499399588e-02    1.0009699736e-07
    2.4599200115e-02    9.7564800683e-08
    2.4698900059e-02    9.5003898082e-08
    2.4799799547e-02    9.2385299411e-08
    2.4899600074e-02    8.9771496903e-08
    2.4999300018e-02    8.7128498194e-08
    2.5098999962e-02    8.4452999261e-08
    2.5200000033e-02    8.1710801680e-08
    2.5299699977e-02    7.8970302297e-08
    2.5399399921e-02    7.6206397637e-08
    2.5499200448e-02    7.3425603375e-08
    2.5598900393e-02    7.0627997673e-08
    2.5699799880e-02    6.7773598289e-08
    2.5799600407e-02    6.4922502929e-08
    2.5899300352e-02    6.2032597725e-08
    2.5999000296e-02    5.9097299498e-08
    2.6100000367e-02    5.6076000732e-08
    2.6199700311e-02    5.3045301485e-08
    2.6299400255e-02    4.9980499739e-08
    2.6399100199e-02    4.6893600114e-08
    2.6498900726e-02    4.3791001048e-08
    2.6599800214e-02    4.0637701204e-08
    2.6699600741e-02    3.7511600937e-08
    2.6799300686e-02    3.4373400126e-08
    2.6899000630e-02    3.1214998586e-08
    2.6998799294e-02    2.8028399157e-08
    2.7099700645e-02    2.4773299856e-08
    2.7199499309e-02    2.1536999739e-08
    2.7299199253e-02    1.8291899551e-08
    2.7398999780e-02    1.5043399415e-08
    2.7499899268e-02    1.1745299844e-08
    2.7599699795e-02    8.4644202758e-09
    2.7699399740e-02    5.1518198596e-09
    2.7799200267e-02    1.8079699959e-09
    2.7898900211e-02    0.0000000000e+00
    2.7999900281e-02    0.0000000000e+00
    2.8099600226e-02    0.0000000000e+00
    2.8199400753e-02    0.0000000000e+00
    2.8299100697e-02    0.0000000000e+00
    2.8398899361e-02    0.0000000000e+00
    2.8499800712e-02    0.0000000000e+00
    2.8599599376e-02    0.0000000000e+00
    2.8699299321e-02    0.0000000000e+00
    2.8799399734e-02    0.0000000000e+00
    2.8899900615e-02    0.0000000000e+00
    2.8999900445e-02    0.0000000000e+00
    2.9099799693e-02    0.0000000000e+00
    2.9199700803e-02    0.0000000000e+00
    2.9299600050e-02    0.0000000000e+00
    2.9399499297e-02    0.0000000000e+00
    2.9499400407e-02    0.0000000000e+00
    2.9599400237e-02    0.0000000000e+00
    2.9699899256e-02    0.0000000000e+00
    2.9799800366e-02    0.0000000000e+00
    2.9899800196e-02    0.0000000000e+00
    2.9999699444e-02    0.0000000000e+00
