       301
    0.0000000000e+00    0.0000000000e+00
    9.9796299764e-05    0.0000000000e+00
    1.9995900220e-04    2.4041100222e-09
    2.9975399957e-04    1.0304400000e-08
    3.9954800741e-04    1.8500999843e-08
    4.9933698028e-04    2.6235099426e-08
    5.9912301367e-04    3.3477601136e-08
    6.9890700979e-04    4.0115700983e-08
    7.9989602091e-04    4.6316298352e-08
    8.9965300867e-04    5.2213898982e-08
    9.9939305801e-04    5.7967401546e-08
    1.0991200106e-03    6.3229499858e-08
    1.1988499900e-03    6.7993497055e-08
    1.2997899903e-03    7.2742203372e-08
    1.3994999463e-03    7.7268097698e-08
    1.4992000069e-03    8.1225799420e-08
    1.5992800472e-03    8.4684799617e-08
    1.6995799961e-03    8.7726697018e-08
    1.7996700481e-03    9.0550102527e-08
    1.8994800048e-03    9.2797598938e-08
    1.9992599264e-03    9.4474998491e-08
    2.0995200612e-03    9.5721603088e-08
    2.1995198913e-03    9.6737601041e-08
    2.2997800261e-03    9.7631897233e-08
    2.3994499352e-03    9.8312497698e-08
    2.4999401066e-03    9.8797301007e-08
    2.5994700845e-03    9.9314803492e-08
    2.6998599060e-03    9.9961198430e-08
    2.7991600800e-03    1.0073500079e-07
    2.8995499015e-03    1.0172099962e-07
    2.9998500831e-03    1.0289900132e-07
    3.0993300024e-03    1.0419500285e-07
    3.1994499732e-03    1.0560000163e-07
    3.2997101080e-03    1.0707199749e-07
    3.3999599982e-03    1.0873600331e-07
    3.4993200097e-03    1.1060600258e-07
    3.5993200727e-03    1.1251199794e-07
    3.6999399308e-03    1.1449299819e-07
    3.7991600111e-03    1.1651999898e-07
    3.8997100201e-03    1.1868699801e-07
    3.9999699220e-03    1.2101099855e-07
    4.0992600843e-03    1.2337800115e-07
    4.1995202191e-03    1.2563600649e-07
    4.2994301766e-03    1.2756200363e-07
    4.3997499160e-03    1.2914699710e-07
    4.4995401986e-03    1.3044899561e-07
    4.5997598208e-03    1.3137899657e-07
    4.6993698925e-03    1.3174600610e-07
    4.7995802015e-03    1.3179599989e-07
    4.8997900449e-03    1.3184599368e-07
    4.9993200228e-03    1.3191800008e-07
    5.0995298661e-03    1.3198599902e-07
    5.1997401752e-03    1.3208999405e-07
    5.2997497842e-03    1.3224699558e-07
    5.3993500769e-03    1.3235299434e-07
    5.4995599203e-03    1.3236200402e-07
    5.5997702293e-03    1.3236200402e-07
    5.6999800727e-03    1.3231699825e-07
    5.7998499833e-03    1.3226700446e-07
    5.8999899775e-03    1.3216100569e-07
    5.9995199554e-03    1.3190999937e-07
    6.0997200198e-03    1.3156299872e-07
    6.1999298632e-03    1.3123799647e-07
    6.2994598411e-03    1.3104499885e-07
    6.3996701501e-03    1.3100400054e-07
    6.4998799935e-03    1.3100400054e-07
    6.5994099714e-03    1.3100400054e-07
    6.6996198148e-03    1.3102800267e-07
    6.7998301238e-03    1.3113300668e-07
    6.8993498571e-03    1.3129400145e-07
    6.9995601662e-03    1.3152799738e-07
    7.0997700095e-03    1.3180900282e-07
    7.1999798529e-03    1.3206999938e-07
    7.2995098308e-03    1.3227399620e-07
    7.3997201398e-03    1.3251199960e-07
    7.4999299832e-03    1.3273900379e-07
    7.5994599611e-03    1.3290599554e-07
    7.6996698044e-03    1.3298699741e-07
    7.7998698689e-03    1.3299700186e-07
    7.8993998468e-03    1.3295600354e-07
    7.9996101558e-03    1.3275800370e-07
    8.0998204648e-03    1.3250300412e-07
    8.1993499771e-03    1.3220299877e-07
    8.2995602861e-03    1.3184900638e-07
    8.3997696638e-03    1.3143899480e-07
    8.4999799728e-03    1.3091100470e-07
    8.5995001718e-03    1.3026499346e-07
    8.6997095495e-03    1.2949399775e-07
    8.7999198586e-03    1.2860000709e-07
    8.8994503021e-03    1.2762100710e-07
    8.9996596798e-03    1.2655800674e-07
    9.0998699889e-03    1.2543000594e-07
    9.1994004324e-03    1.2423799944e-07
    9.2996098101e-03    1.2298599472e-07
    9.3998098746e-03    1.2168899843e-07
    9.4993403181e-03    1.2035499708e-07
    9.5995496958e-03    1.1897500229e-07
    9.6997600049e-03    1.1757700236e-07
    9.7993398085e-03    1.1616800322e-07
    9.8995501176e-03    1.1475499662e-07
    9.9997604266e-03    1.1336000227e-07
    1.0099800304e-02    1.1199600181e-07
    1.0199399665e-02    1.1067299965e-07
    1.0299599729e-02    1.0936899741e-07
    1.0399799794e-02    1.0809999651e-07
    1.0499300435e-02    1.0686800067e-07
    1.0599499568e-02    1.0563500297e-07
    1.0699699633e-02    1.0444399834e-07
    1.0799899697e-02    1.0331699940e-07
    1.0899599642e-02    1.0225200242e-07
    1.0999400169e-02    1.0119600091e-07
    1.1099100113e-02    1.0014500162e-07
    1.1198800057e-02    9.9125600173e-08
    1.1299699545e-02    9.8145200411e-08
    1.1399400420e-02    9.7257299103e-08
    1.1499100365e-02    9.6455202936e-08
    1.1598899961e-02    9.5741498285e-08
    1.1699800380e-02    9.5087003160e-08
    1.1799500324e-02    9.4475097967e-08
    1.1899200268e-02    9.3883997465e-08
    1.1998900212e-02    9.3329596496e-08
    1.2099799700e-02    9.2851202282e-08
    1.2199499644e-02    9.2479602642e-08
    1.2299199589e-02    9.2196998480e-08
    1.2398900464e-02    9.1967102378e-08
    1.2499799952e-02    9.1757001996e-08
    1.2599499896e-02    9.1547697423e-08
    1.2699199840e-02    9.1339401820e-08
    1.2798899785e-02    9.1153502524e-08
    1.2899800204e-02    9.0972299915e-08
    1.2999500148e-02    9.0782698692e-08
    1.3099900447e-02    9.0580101642e-08
    1.3199400157e-02    9.0366697236e-08
    1.3299600221e-02    9.0135003461e-08
    1.3399800286e-02    8.9870702880e-08
    1.3499299996e-02    8.9567002703e-08
    1.3599599712e-02    8.9215497212e-08
    1.3699100353e-02    8.8828102207e-08
    1.3799999841e-02    8.8398600440e-08
    1.3899699785e-02    8.7932399140e-08
    1.3999399729e-02    8.7413702943e-08
    1.4099099673e-02    8.6826503320e-08
    1.4200000092e-02    8.6142698308e-08
    1.4299700037e-02    8.5366998803e-08
    1.4399399981e-02    8.4497500552e-08
    1.4499099925e-02    8.3552599506e-08
    1.4598799869e-02    8.2538498702e-08
    1.4699799940e-02    8.1447701916e-08
    1.4799499884e-02    8.0310996964e-08
    1.4899199829e-02    7.9106598605e-08
    1.4998899773e-02    7.7820601518e-08
    1.5099899843e-02    7.6421798667e-08
    1.5199599788e-02    7.4932103189e-08
    1.5299400315e-02    7.3334199158e-08
    1.5399100259e-02    7.1612099362e-08
    1.5498800203e-02    6.9755799359e-08
    1.5599800274e-02    6.7740302256e-08
    1.5699300915e-02    6.5619801148e-08
    1.5799300745e-02    6.3358399416e-08
    1.5899300575e-02    6.0985499317e-08
    1.5999300405e-02    5.8529700198e-08
    1.6099300236e-02    5.6016798311e-08
    1.6199700534e-02    5.3455799787e-08
    1.6299000010e-02    5.0905399007e-08
    1.6399299726e-02    4.8283499865e-08
    1.6499200836e-02    4.5613798960e-08
    1.6599200666e-02    4.2918298249e-08
    1.6699099913e-02    4.0227298825e-08
    1.6799600795e-02    3.7531400210e-08
    1.6899600625e-02    3.4887701617e-08
    1.6999099404e-02    3.2305599973e-08
    1.7099399120e-02    2.9752399655e-08
    1.7199600115e-02    2.7252099244e-08
    1.7299899831e-02    2.4821400046e-08
    1.7400000244e-02    2.2474399231e-08
    1.7500000075e-02    2.0164499404e-08
    1.7599100247e-02    1.7896699234e-08
    1.7699100077e-02    1.5677699139e-08
    1.7799099907e-02    1.3556499923e-08
    1.7899099737e-02    1.1515600029e-08
    1.7999399453e-02    9.5352001850e-09
    1.8099600449e-02    7.6248101166e-09
    1.8199300393e-02    5.7782099105e-09
    1.8299300224e-02    3.9814698205e-09
    1.8399400637e-02    2.2611299499e-09
    1.8499400467e-02    6.2506000376e-10
    1.8599400297e-02    0.0000000000e+00
    1.8699400127e-02    0.0000000000e+00
    1.8799399957e-02    0.0000000000e+00
    1.8899399787e-02    0.0000000000e+00
    1.8999399617e-02    0.0000000000e+00
    1.9099399447e-02    0.0000000000e+00
    1.9199699163e-02    0.0000000000e+00
    1.9299600273e-02    0.0000000000e+00
    1.9399499521e-02    0.0000000000e+00
    1.9499400631e-02    0.0000000000e+00
    1.9600000232e-02    0.0000000000e+00
    1.9699899480e-02    0.0000000000e+00
    1.9799800590e-02    0.0000000000e+00
    1.9899699837e-02    0.0000000000e+00
    1.9999599084e-02    0.0000000000e+00
    2.0099600777e-02    0.0000000000e+00
    2.0199500024e-02    0.0000000000e+00
    2.0299399272e-02    0.0000000000e+00
    2.0400000736e-02    0.0000000000e+00
    2.0499899983e-02    0.0000000000e+00
    2.0599799231e-02    0.0000000000e+00
    2.0699499175e-02    0.0000000000e+00
    2.0799700171e-02    0.0000000000e+00
    2.0899899304e-02    0.0000000000e+00
    2.0999500528e-02    0.0000000000e+00
    2.1099800244e-02    0.0000000000e+00
    2.1199500188e-02    0.0000000000e+00
    2.1299399436e-02    0.0000000000e+00
    2.1399900317e-02    0.0000000000e+00
    2.1499900147e-02    0.0000000000e+00
    2.1599799395e-02    0.0000000000e+00
    2.1699700505e-02    0.0000000000e+00
    2.1799599752e-02    0.0000000000e+00
    2.1899500862e-02    0.0000000000e+00
    2.1999400109e-02    0.0000000000e+00
    2.2099399939e-02    0.0000000000e+00
    2.2199900821e-02    0.0000000000e+00
    2.2299800068e-02    0.0000000000e+00
    2.2399799898e-02    0.0000000000e+00
    2.2499699146e-02    0.0000000000e+00
    2.2599600255e-02    0.0000000000e+00
    2.2699499503e-02    0.0000000000e+00
    2.2799400613e-02    0.0000000000e+00
    2.2900000215e-02    0.0000000000e+00
    2.2999899462e-02    0.0000000000e+00
    2.3099800572e-02    0.0000000000e+00
    2.3199800402e-02    0.0000000000e+00
    2.3299399763e-02    0.0000000000e+00
    2.3399800062e-02    0.0000000000e+00
    2.3499600589e-02    0.0000000000e+00
    2.3599300534e-02    0.0000000000e+00
    2.3699099198e-02    0.0000000000e+00
    2.3798799142e-02    0.0000000000e+00
    2.3899799213e-02    0.0000000000e+00
    2.3999499157e-02    0.0000000000e+00
    2.4099199101e-02    0.0000000000e+00
    2.4198999628e-02    0.0000000000e+00
    2.4299899116e-02    0.0000000000e+00
    2.4399699643e-02    0.0000000000e+00
    2.4499399588e-02    0.0000000000e+00
    2.4599200115e-02    0.0000000000e+00
    2.4698900059e-02    0.0000000000e+00
    2.4799799547e-02    0.0000000000e+00
    2.4899600074e-02    0.0000000000e+00
    2.4999300018e-02    0.0000000000e+00
    2.5098999962e-02    0.0000000000e+00
    2.5200000033e-02    0.0000000000e+00
    2.5299699977e-02    0.0000000000e+00
    2.5399399921e-02    0.0000000000e+00
    2.5499200448e-02    0.0000000000e+00
    2.5598900393e-02    0.0000000000e+00
    2.5699799880e-02    0.0000000000e+00
    2.5799600407e-02    0.0000000000e+00
    2.5899300352e-02    0.0000000000e+00
    2.5999000296e-02    0.0000000000e+00
    2.6100000367e-02    0.0000000000e+00
    2.6199700311e-02    0.0000000000e+00
    2.6299400255e-02    0.0000000000e+00
    2.6399100199e-02    0.0000000000e+00
    2.6498900726e-02    0.0000000000e+00
    2.6599800214e-02    0.0000000000e+00
    2.6699600741e-02    0.0000000000e+00
    2.6799300686e-02    0.0000000000e+00
    2.6899000630e-02    0.0000000000e+00
    2.6998799294e-02    0.0000000000e+00
    2.7099700645e-02    0.0000000000e+00
    2.7199499309e-02    0.0000000000e+00
    2.7299199253e-02    0.0000000000e+00
    2.7398999780e-02    0.0000000000e+00
    2.7499899268e-02    0.0000000000e+00
    2.7599699795e-02    0.0000000000e+00
    2.7699399740e-02    0.0000000000e+00
    2.7799200267e-02    0.0000000000e+00
    2.7898900211e-02    0.0000000000e+00
    2.7999900281e-02    0.0000000000e+00
    2.8099600226e-02    0.0000000000e+00
    2.8199400753e-02    0.0000000000e+00
    2.8299100697e-02    0.0000000000e+00
    2.8398899361e-02    0.0000000000e+00
    2.8499800712e-02    0.0000000000e+00
    2.8599599376e-02    0.0000000000e+00
    2.8699299321e-02    0.0000000000e+00
    2.8799399734e-02    0.0000000000e+00
    2.8899900615e-02    0.0000000000e+00
    2.8999900445e-02    0.0000000000e+00
    2.9099799693e-02    0.0000000000e+00
    2.9199700803e-02    0.0000000000e+00
    2.9299600050e-02    0.0000000000e+00
    2.9399499297e-02    0.0000000000e+00
    2.9499400407e-02    0.0000000000e+00
    2.9599400237e-02    0.0000000000e+00
    2.9699899256e-02    0.0000000000e+00
    2.9799800366e-02    0.0000000000e+00
    2.9899800196e-02    0.0000000000e+00
    2.9999699444e-02    0.0000000000e+00
