       301
    0.0000000000e+00    0.0000000000e+00
    9.9796299764e-05    0.0000000000e+00
    1.9995900220e-04    9.6966203955e-09
    2.9975399957e-04    2.5463400277e-08
    3.9954800741e-04    4.1109700533e-08
    4.9933698028e-04    5.6203198540e-08
    5.9912301367e-04    7.0796502882e-08
    6.9890700979e-04    8.4891802032e-08
    7.9989602091e-04    9.8644896696e-08
    8.9965300867e-04    1.1167799840e-07
    9.9939305801e-04    1.2418999518e-07
    1.0991200106e-03    1.3640999441e-07
    1.1988499900e-03    1.4822499850e-07
    1.2997899903e-03    1.5964199918e-07
    1.3994999463e-03    1.7042999900e-07
    1.4992000069e-03    1.8080200448e-07
    1.5992800472e-03    1.9068799872e-07
    1.6995799961e-03    2.0013600022e-07
    1.7996700481e-03    2.0901900655e-07
    1.8994800048e-03    2.1754999580e-07
    1.9992599264e-03    2.2557600232e-07
    2.0995200612e-03    2.3308399477e-07
    2.1995198913e-03    2.4002301302e-07
    2.2997800261e-03    2.4649901320e-07
    2.3994499352e-03    2.5248499469e-07
    2.4999401066e-03    2.5807000270e-07
    2.5994700845e-03    2.6311099077e-07
    2.6998599060e-03    2.6780298867e-07
    2.7991600800e-03    2.7217799925e-07
    2.8995499015e-03    2.7638699862e-07
    2.9998500831e-03    2.8041199585e-07
    3.0993300024e-03    2.8415701081e-07
    3.1994499732e-03    2.8759600923e-07
    3.2997101080e-03    2.9064099749e-07
    3.3999599982e-03    2.9321100214e-07
    3.4993200097e-03    2.9527200240e-07
    3.5993200727e-03    2.9701200788e-07
    3.6999399308e-03    2.9853799788e-07
    3.7991600111e-03    2.9984099115e-07
    3.8997100201e-03    3.0086900438e-07
    3.9999699220e-03    3.0148299857e-07
    4.0992600843e-03    3.0185898936e-07
    4.1995202191e-03    3.0224501302e-07
    4.2994301766e-03    3.0260798667e-07
    4.3997499160e-03    3.0292198971e-07
    4.4995401986e-03    3.0326899036e-07
    4.5997598208e-03    3.0359498737e-07
    4.6993698925e-03    3.0376600080e-07
    4.7995802015e-03    3.0381198712e-07
    4.8997900449e-03    3.0382000205e-07
    4.9993200228e-03    3.0380599014e-07
    5.0995298661e-03    3.0371501225e-07
    5.1997401752e-03    3.0357000469e-07
    5.2997497842e-03    3.0339799650e-07
    5.3993500769e-03    3.0323698752e-07
    5.4995599203e-03    3.0320501310e-07
    5.5997702293e-03    3.0320501310e-07
    5.6999800727e-03    3.0320501310e-07
    5.7998499833e-03    3.0320501310e-07
    5.8999899775e-03    3.0320200040e-07
    5.9995199554e-03    3.0318599897e-07
    6.0997200198e-03    3.0318099675e-07
    6.1999298632e-03    3.0317900723e-07
    6.2994598411e-03    3.0317099231e-07
    6.3996701501e-03    3.0316999755e-07
    6.4998799935e-03    3.0316800803e-07
    6.5994099714e-03    3.0315800359e-07
    6.6996198148e-03    3.0315800359e-07
    6.7998301238e-03    3.0315800359e-07
    6.8993498571e-03    3.0315899835e-07
    6.9995601662e-03    3.0315800359e-07
    7.0997700095e-03    3.0315800359e-07
    7.1999798529e-03    3.0315800359e-07
    7.2995098308e-03    3.0315700883e-07
    7.3997201398e-03    3.0315800359e-07
    7.4999299832e-03    3.0316499533e-07
    7.5994599611e-03    3.0317599453e-07
    7.6996698044e-03    3.0320299516e-07
    7.7998698689e-03    3.0320998690e-07
    7.8993998468e-03    3.0321601230e-07
    7.9996101558e-03    3.0321800182e-07
    8.0998204648e-03    3.0322598832e-07
    8.1993499771e-03    3.0323300848e-07
    8.2995602861e-03    3.0324000022e-07
    8.3997696638e-03    3.0324699196e-07
    8.4999799728e-03    3.0325199418e-07
    8.5995001718e-03    3.0325600164e-07
    8.6997095495e-03    3.0325600164e-07
    8.7999198586e-03    3.0325600164e-07
    8.8994503021e-03    3.0325199418e-07
    8.9996596798e-03    3.0323499800e-07
    9.0998699889e-03    3.0320799738e-07
    9.1994004324e-03    3.0318798849e-07
    9.2996098101e-03    3.0317698929e-07
    9.3998098746e-03    3.0317400501e-07
    9.4993403181e-03    3.0317400501e-07
    9.5995496958e-03    3.0316701327e-07
    9.6997600049e-03    3.0314200217e-07
    9.7993398085e-03    3.0310599186e-07
    9.8995501176e-03    3.0305599807e-07
    9.9997604266e-03    3.0297999842e-07
    1.0099800304e-02    3.0288799735e-07
    1.0199399665e-02    3.0277800533e-07
    1.0299599729e-02    3.0264700968e-07
    1.0399799794e-02    3.0249299243e-07
    1.0499300435e-02    3.0232800441e-07
    1.0599499568e-02    3.0214698654e-07
    1.0699699633e-02    3.0194800615e-07
    1.0799899697e-02    3.0171401022e-07
    1.0899599642e-02    3.0143999652e-07
    1.0999400169e-02    3.0113301364e-07
    1.1099100113e-02    3.0078399504e-07
    1.1198800057e-02    3.0037901411e-07
    1.1299699545e-02    2.9989598715e-07
    1.1399400420e-02    2.9936001056e-07
    1.1499100365e-02    2.9875400287e-07
    1.1598899961e-02    2.9808600743e-07
    1.1699800380e-02    2.9733800488e-07
    1.1799500324e-02    2.9653901379e-07
    1.1899200268e-02    2.9567598858e-07
    1.1998900212e-02    2.9473599739e-07
    1.2099799700e-02    2.9369999766e-07
    1.2199499644e-02    2.9259700796e-07
    1.2299199589e-02    2.9141600066e-07
    1.2398900464e-02    2.9016101166e-07
    1.2499799952e-02    2.8881999015e-07
    1.2599499896e-02    2.8741399660e-07
    1.2699199840e-02    2.8592000945e-07
    1.2798899785e-02    2.8433498755e-07
    1.2899800204e-02    2.8263698937e-07
    1.2999500148e-02    2.8088601312e-07
    1.3099900447e-02    2.7905400657e-07
    1.3199400157e-02    2.7717399576e-07
    1.3299600221e-02    2.7522000323e-07
    1.3399800286e-02    2.7320601248e-07
    1.3499299996e-02    2.7114299428e-07
    1.3599599712e-02    2.6899999739e-07
    1.3699100353e-02    2.6681101417e-07
    1.3799999841e-02    2.6454100066e-07
    1.3899699785e-02    2.6225799843e-07
    1.3999399729e-02    2.5993898589e-07
    1.4099099673e-02    2.5757600497e-07
    1.4200000092e-02    2.5513500646e-07
    1.4299700037e-02    2.5267900128e-07
    1.4399399981e-02    2.5018400152e-07
    1.4499099925e-02    2.4766200113e-07
    1.4598799869e-02    2.4512399932e-07
    1.4699799940e-02    2.4255498943e-07
    1.4799499884e-02    2.4003000476e-07
    1.4899199829e-02    2.3751900358e-07
    1.4998899773e-02    2.3502200008e-07
    1.5099899843e-02    2.3250500192e-07
    1.5199599788e-02    2.3003100580e-07
    1.5299400315e-02    2.2756999840e-07
    1.5399100259e-02    2.2512099918e-07
    1.5498800203e-02    2.2268099542e-07
    1.5599800274e-02    2.2021500001e-07
    1.5699300915e-02    2.1778299697e-07
    1.5799300745e-02    2.1532899552e-07
    1.5899300575e-02    2.1285799789e-07
    1.5999300405e-02    2.1036800035e-07
    1.6099300236e-02    2.0786700361e-07
    1.6199700534e-02    2.0534399425e-07
    1.6299000010e-02    2.0283900426e-07
    1.6399299726e-02    2.0028599579e-07
    1.6499200836e-02    1.9772700455e-07
    1.6599200666e-02    1.9515400140e-07
    1.6699099913e-02    1.9255800510e-07
    1.6799600795e-02    1.8990600381e-07
    1.6899600625e-02    1.8723000039e-07
    1.6999099404e-02    1.8454700523e-07
    1.7099399120e-02    1.8184499595e-07
    1.7199600115e-02    1.7914200612e-07
    1.7299899831e-02    1.7642899763e-07
    1.7400000244e-02    1.7373000105e-07
    1.7500000075e-02    1.7106100358e-07
    1.7599100247e-02    1.6845899609e-07
    1.7699100077e-02    1.6587800644e-07
    1.7799099907e-02    1.6333299868e-07
    1.7899099737e-02    1.6080700505e-07
    1.7999399453e-02    1.5828800315e-07
    1.8099600449e-02    1.5577599299e-07
    1.8199300393e-02    1.5326999403e-07
    1.8299300224e-02    1.5073800341e-07
    1.8399400637e-02    1.4818100169e-07
    1.8499400467e-02    1.4560400530e-07
    1.8599400297e-02    1.4301899398e-07
    1.8699400127e-02    1.4043699537e-07
    1.8799399957e-02    1.3786700492e-07
    1.8899399787e-02    1.3530599574e-07
    1.8999399617e-02    1.3275000299e-07
    1.9099399447e-02    1.3019899825e-07
    1.9199699163e-02    1.2765599422e-07
    1.9299600273e-02    1.2514600201e-07
    1.9399499521e-02    1.2265499549e-07
    1.9499400631e-02    1.2019900453e-07
    1.9600000232e-02    1.1776199926e-07
    1.9699899480e-02    1.1535399835e-07
    1.9799800590e-02    1.1296000224e-07
    1.9899699837e-02    1.1058499894e-07
    1.9999599084e-02    1.0822299856e-07
    2.0099600777e-02    1.0589400290e-07
    2.0199500024e-02    1.0360599845e-07
    2.0299399272e-02    1.0134999684e-07
    2.0400000736e-02    9.9111503005e-08
    2.0499899983e-02    9.6909900549e-08
    2.0599799231e-02    9.4717798049e-08
    2.0699499175e-02    9.2549797159e-08
    2.0799700171e-02    9.0408498465e-08
    2.0899899304e-02    8.8314699553e-08
    2.0999500528e-02    8.6284700274e-08
    2.1099800244e-02    8.4282703483e-08
    2.1199500188e-02    8.2323602157e-08
    2.1299399436e-02    8.0375102129e-08
    2.1399900317e-02    7.8430097972e-08
    2.1499900147e-02    7.6527300052e-08
    2.1599799395e-02    7.4663098815e-08
    2.1699700505e-02    7.2830502518e-08
    2.1799599752e-02    7.1011797331e-08
    2.1899500862e-02    6.9193596630e-08
    2.1999400109e-02    6.7379701818e-08
    2.2099399939e-02    6.5570297636e-08
    2.2199900821e-02    6.3744501233e-08
    2.2299800068e-02    6.1938003171e-08
    2.2399799898e-02    6.0152899550e-08
    2.2499699146e-02    5.8394199698e-08
    2.2599600255e-02    5.6660699244e-08
    2.2699499503e-02    5.4952799644e-08
    2.2799400613e-02    5.3266099087e-08
    2.2900000215e-02    5.1581199756e-08
    2.2999899462e-02    4.9911498934e-08
    2.3099800572e-02    4.8239101602e-08
    2.3199800402e-02    4.6565499900e-08
    2.3299399763e-02    4.4891301343e-08
    2.3399800062e-02    4.3190798493e-08
    2.3499600589e-02    4.1488299019e-08
    2.3599300534e-02    3.9776299587e-08
    2.3699099198e-02    3.8053499907e-08
    2.3798799142e-02    3.6316400553e-08
    2.3899799213e-02    3.4534600957e-08
    2.3999499157e-02    3.2750200774e-08
    2.4099199101e-02    3.0949198759e-08
    2.4198999628e-02    2.9134000101e-08
    2.4299899116e-02    2.7283299175e-08
    2.4399699643e-02    2.5440300533e-08
    2.4499399588e-02    2.3581199216e-08
    2.4599200115e-02    2.1696699548e-08
    2.4698900059e-02    1.9777399274e-08
    2.4799799547e-02    1.7804000052e-08
    2.4899600074e-02    1.5829300537e-08
    2.4999300018e-02    1.3829899892e-08
    2.5098999962e-02    1.1798199751e-08
    2.5200000033e-02    9.6998196142e-09
    2.5299699977e-02    7.5779400532e-09
    2.5399399921e-02    5.4067199606e-09
    2.5499200448e-02    3.1940798895e-09
    2.5598900393e-02    9.5373697828e-10
    2.5699799880e-02    0.0000000000e+00
    2.5799600407e-02    0.0000000000e+00
    2.5899300352e-02    0.0000000000e+00
    2.5999000296e-02    0.0000000000e+00
    2.6100000367e-02    0.0000000000e+00
    2.6199700311e-02    0.0000000000e+00
    2.6299400255e-02    0.0000000000e+00
    2.6399100199e-02    0.0000000000e+00
    2.6498900726e-02    0.0000000000e+00
    2.6599800214e-02    0.0000000000e+00
    2.6699600741e-02    0.0000000000e+00
    2.6799300686e-02    0.0000000000e+00
    2.6899000630e-02    0.0000000000e+00
    2.6998799294e-02    0.0000000000e+00
    2.7099700645e-02    0.0000000000e+00
    2.7199499309e-02    0.0000000000e+00
    2.7299199253e-02    0.0000000000e+00
    2.7398999780e-02    0.0000000000e+00
    2.7499899268e-02    0.0000000000e+00
    2.7599699795e-02    0.0000000000e+00
    2.7699399740e-02    0.0000000000e+00
    2.7799200267e-02    0.0000000000e+00
    2.7898900211e-02    0.0000000000e+00
    2.7999900281e-02    0.0000000000e+00
    2.8099600226e-02    0.0000000000e+00
    2.8199400753e-02    0.0000000000e+00
    2.8299100697e-02    0.0000000000e+00
    2.8398899361e-02    0.0000000000e+00
    2.8499800712e-02    0.0000000000e+00
    2.8599599376e-02    0.0000000000e+00
    2.8699299321e-02    0.0000000000e+00
    2.8799399734e-02    0.0000000000e+00
    2.8899900615e-02    0.0000000000e+00
    2.8999900445e-02    0.0000000000e+00
    2.9099799693e-02    0.0000000000e+00
    2.9199700803e-02    0.0000000000e+00
    2.9299600050e-02    0.0000000000e+00
    2.9399499297e-02    0.0000000000e+00
    2.9499400407e-02    0.0000000000e+00
    2.9599400237e-02    0.0000000000e+00
    2.9699899256e-02    0.0000000000e+00
    2.9799800366e-02    0.0000000000e+00
    2.9899800196e-02    0.0000000000e+00
    2.9999699444e-02    0.0000000000e+00
