       301
    0.0000000000e+00    0.0000000000e+00
    9.9796299764e-05    0.0000000000e+00
    1.9995900220e-04    6.6179999259e-09
    2.9975399957e-04    1.9211899627e-08
    3.9954800741e-04    3.1785798882e-08
    4.9933698028e-04    4.3867601107e-08
    5.9912301367e-04    5.5440299462e-08
    6.9890700979e-04    6.6418799349e-08
    7.9989602091e-04    7.6972803242e-08
    8.9965300867e-04    8.6928700682e-08
    9.9939305801e-04    9.6500102131e-08
    1.0991200106e-03    1.0567200093e-07
    1.1988499900e-03    1.1457800042e-07
    1.2997899903e-03    1.2331599919e-07
    1.3994999463e-03    1.3157800538e-07
    1.4992000069e-03    1.3965700418e-07
    1.5992800472e-03    1.4714599672e-07
    1.6995799961e-03    1.5441399626e-07
    1.7996700481e-03    1.6142500670e-07
    1.8994800048e-03    1.6844599315e-07
    1.9992599264e-03    1.7530500429e-07
    2.0995200612e-03    1.8198899454e-07
    2.1995198913e-03    1.8859900308e-07
    2.2997800261e-03    1.9526899564e-07
    2.3994499352e-03    2.0197100525e-07
    2.4999401066e-03    2.0878799489e-07
    2.5994700845e-03    2.1578399867e-07
    2.6998599060e-03    2.2313000159e-07
    2.7991600800e-03    2.3062699483e-07
    2.8995499015e-03    2.3827300311e-07
    2.9998500831e-03    2.4580799618e-07
    3.0993300024e-03    2.5318101393e-07
    3.1994499732e-03    2.6031199241e-07
    3.2997101080e-03    2.6693200539e-07
    3.3999599982e-03    2.7320999152e-07
    3.4993200097e-03    2.7925401014e-07
    3.5993200727e-03    2.8517300166e-07
    3.6999399308e-03    2.9079700425e-07
    3.7991600111e-03    2.9563000226e-07
    3.8997100201e-03    2.9968299486e-07
    3.9999699220e-03    3.0284201102e-07
    4.0992600843e-03    3.0488200764e-07
    4.1995202191e-03    3.0576001109e-07
    4.2994301766e-03    3.0575500887e-07
    4.3997499160e-03    3.0520800465e-07
    4.4995401986e-03    3.0427599995e-07
    4.5997598208e-03    3.0314899391e-07
    4.6993698925e-03    3.0207499435e-07
    4.7995802015e-03    3.0128299500e-07
    4.8997900449e-03    3.0094798831e-07
    4.9993200228e-03    3.0082799185e-07
    5.0995298661e-03    3.0082298963e-07
    5.1997401752e-03    3.0082298963e-07
    5.2997497842e-03    3.0083100455e-07
    5.3993500769e-03    3.0088699532e-07
    5.4995599203e-03    3.0089600500e-07
    5.5997702293e-03    3.0091700864e-07
    5.6999800727e-03    3.0092098768e-07
    5.7998499833e-03    3.0092201087e-07
    5.8999899775e-03    3.0092201087e-07
    5.9995199554e-03    3.0092201087e-07
    6.0997200198e-03    3.0092201087e-07
    6.1999298632e-03    3.0092300563e-07
    6.2994598411e-03    3.0092300563e-07
    6.3996701501e-03    3.0093198689e-07
    6.4998799935e-03    3.0093400483e-07
    6.5994099714e-03    3.0093400483e-07
    6.6996198148e-03    3.0093400483e-07
    6.7998301238e-03    3.0093400483e-07
    6.8993498571e-03    3.0093400483e-07
    6.9995601662e-03    3.0093400483e-07
    7.0997700095e-03    3.0093400483e-07
    7.1999798529e-03    3.0093400483e-07
    7.2995098308e-03    3.0093400483e-07
    7.3997201398e-03    3.0093400483e-07
    7.4999299832e-03    3.0093400483e-07
    7.5994599611e-03    3.0093301007e-07
    7.6996698044e-03    3.0093301007e-07
    7.7998698689e-03    3.0091700864e-07
    7.8993998468e-03    3.0090399150e-07
    7.9996101558e-03    3.0090399150e-07
    8.0998204648e-03    3.0090399150e-07
    8.1993499771e-03    3.0090399150e-07
    8.2995602861e-03    3.0090399150e-07
    8.3997696638e-03    3.0090299674e-07
    8.4999799728e-03    3.0090299674e-07
    8.5995001718e-03    3.0090299674e-07
    8.6997095495e-03    3.0090899372e-07
    8.7999198586e-03    3.0093599435e-07
    8.8994503021e-03    3.0095401371e-07
    8.9996596798e-03    3.0095401371e-07
    9.0998699889e-03    3.0095401371e-07
    9.1994004324e-03    3.0095401371e-07
    9.2996098101e-03    3.0095401371e-07
    9.3998098746e-03    3.0095401371e-07
    9.4993403181e-03    3.0095401371e-07
    9.5995496958e-03    3.0095401371e-07
    9.6997600049e-03    3.0095401371e-07
    9.7993398085e-03    3.0098399861e-07
    9.8995501176e-03    3.0103601034e-07
    9.9997604266e-03    3.0108199667e-07
    1.0099800304e-02    3.0113699268e-07
    1.0199399665e-02    3.0117701044e-07
    1.0299599729e-02    3.0118599170e-07
    1.0399799794e-02    3.0118599170e-07
    1.0499300435e-02    3.0115799632e-07
    1.0599499568e-02    3.0107500493e-07
    1.0699699633e-02    3.0097700687e-07
    1.0799899697e-02    3.0087699088e-07
    1.0899599642e-02    3.0076898838e-07
    1.0999400169e-02    3.0064998668e-07
    1.1099100113e-02    3.0050500754e-07
    1.1198800057e-02    3.0033498888e-07
    1.1299699545e-02    3.0011699437e-07
    1.1399400420e-02    2.9983200989e-07
    1.1499100365e-02    2.9946698987e-07
    1.1598899961e-02    2.9902798815e-07
    1.1699800380e-02    2.9850301075e-07
    1.1799500324e-02    2.9789799783e-07
    1.1899200268e-02    2.9720101224e-07
    1.1998900212e-02    2.9640699495e-07
    1.2099799700e-02    2.9548900216e-07
    1.2199499644e-02    2.9447599559e-07
    1.2299199589e-02    2.9336999319e-07
    1.2398900464e-02    2.9218401210e-07
    1.2499799952e-02    2.9090401199e-07
    1.2599499896e-02    2.8957700238e-07
    1.2699199840e-02    2.8818999454e-07
    1.2798899785e-02    2.8675398767e-07
    1.2899800204e-02    2.8525599305e-07
    1.2999500148e-02    2.8374500971e-07
    1.3099900447e-02    2.8218099146e-07
    1.3199400157e-02    2.8058499879e-07
    1.3299600221e-02    2.7891800869e-07
    1.3399800286e-02    2.7717601370e-07
    1.3499299996e-02    2.7534798619e-07
    1.3599599712e-02    2.7340598763e-07
    1.3699100353e-02    2.7138699465e-07
    1.3799999841e-02    2.6926099395e-07
    1.3899699785e-02    2.6709500389e-07
    1.3999399729e-02    2.6485901117e-07
    1.4099099673e-02    2.6253400165e-07
    1.4200000092e-02    2.6008299869e-07
    1.4299700037e-02    2.5757299227e-07
    1.4399399981e-02    2.5498698619e-07
    1.4499099925e-02    2.5235499379e-07
    1.4598799869e-02    2.4970100299e-07
    1.4699799940e-02    2.4700500489e-07
    1.4799499884e-02    2.4432600298e-07
    1.4899199829e-02    2.4162500267e-07
    1.4998899773e-02    2.3890299872e-07
    1.5099899843e-02    2.3613699796e-07
    1.5199599788e-02    2.3340099631e-07
    1.5299400315e-02    2.3067400434e-07
    1.5399100259e-02    2.2798600696e-07
    1.5498800203e-02    2.2535000710e-07
    1.5599800274e-02    2.2272399747e-07
    1.5699300915e-02    2.2015700551e-07
    1.5799300745e-02    2.1758900459e-07
    1.5899300575e-02    2.1503500136e-07
    1.5999300405e-02    2.1248999360e-07
    1.6099300236e-02    2.0994400529e-07
    1.6199700534e-02    2.0738700357e-07
    1.6299000010e-02    2.0487199492e-07
    1.6399299726e-02    2.0235900422e-07
    1.6499200836e-02    1.9986900668e-07
    1.6599200666e-02    1.9738500612e-07
    1.6699099913e-02    1.9495500680e-07
    1.6799600795e-02    1.9256600581e-07
    1.6899600625e-02    1.9021000242e-07
    1.6999099404e-02    1.8785199529e-07
    1.7099399120e-02    1.8545300406e-07
    1.7199600115e-02    1.8302900173e-07
    1.7299899831e-02    1.8054599593e-07
    1.7400000244e-02    1.7798899421e-07
    1.7500000075e-02    1.7540199337e-07
    1.7599100247e-02    1.7282499698e-07
    1.7699100077e-02    1.7017400467e-07
    1.7799099907e-02    1.6744499476e-07
    1.7899099737e-02    1.6465800456e-07
    1.7999399453e-02    1.6182700335e-07
    1.8099600449e-02    1.5895800232e-07
    1.8199300393e-02    1.5608399906e-07
    1.8299300224e-02    1.5322000024e-07
    1.8399400637e-02    1.5040700418e-07
    1.8499400467e-02    1.4765099365e-07
    1.8599400297e-02    1.4494399636e-07
    1.8699400127e-02    1.4228099587e-07
    1.8799399957e-02    1.3963699530e-07
    1.8899399787e-02    1.3699799695e-07
    1.8999399617e-02    1.3438500446e-07
    1.9099399447e-02    1.3180600433e-07
    1.9199699163e-02    1.2925499959e-07
    1.9299600273e-02    1.2675900507e-07
    1.9399499521e-02    1.2431600283e-07
    1.9499400631e-02    1.2194600174e-07
    1.9600000232e-02    1.1965299507e-07
    1.9699899480e-02    1.1744499773e-07
    1.9799800590e-02    1.1528000243e-07
    1.9899699837e-02    1.1314300252e-07
    1.9999599084e-02    1.1102000030e-07
    2.0099600777e-02    1.0892399871e-07
    2.0199500024e-02    1.0686400032e-07
    2.0299399272e-02    1.0484500024e-07
    2.0400000736e-02    1.0287099883e-07
    2.0499899983e-02    1.0096500347e-07
    2.0599799231e-02    9.9090300409e-08
    2.0699499175e-02    9.7216499739e-08
    2.0799700171e-02    9.5300300984e-08
    2.0899899304e-02    9.3359197706e-08
    2.0999500528e-02    9.1439602556e-08
    2.1099800244e-02    8.9511303258e-08
    2.1199500188e-02    8.7579898889e-08
    2.1299399436e-02    8.5610096789e-08
    2.1399900317e-02    8.3585497634e-08
    2.1499900147e-02    8.1540299846e-08
    2.1599799395e-02    7.9471497827e-08
    2.1699700505e-02    7.7398397025e-08
    2.1799599752e-02    7.5352900808e-08
    2.1899500862e-02    7.3359203157e-08
    2.1999400109e-02    7.1418597258e-08
    2.2099399939e-02    6.9514001666e-08
    2.2199900821e-02    6.7622600852e-08
    2.2299800068e-02    6.5754498735e-08
    2.2399799898e-02    6.3891903324e-08
    2.2499699146e-02    6.2041998206e-08
    2.2599600255e-02    6.0197500318e-08
    2.2699499503e-02    5.8338198272e-08
    2.2799400613e-02    5.6439201757e-08
    2.2900000215e-02    5.4465200350e-08
    2.2999899462e-02    5.2457600930e-08
    2.3099800572e-02    5.0444800337e-08
    2.3199800402e-02    4.8456200830e-08
    2.3299399763e-02    4.6512898422e-08
    2.3399800062e-02    4.4597801008e-08
    2.3499600589e-02    4.2730800232e-08
    2.3599300534e-02    4.0894601483e-08
    2.3699099198e-02    3.9082799219e-08
    2.3798799142e-02    3.7282099186e-08
    2.3899799213e-02    3.5469799542e-08
    2.3999499157e-02    3.3698000834e-08
    2.4099199101e-02    3.1964198399e-08
    2.4198999628e-02    3.0267401030e-08
    2.4299899116e-02    2.8564299370e-08
    2.4399699643e-02    2.6876699977e-08
    2.4499399588e-02    2.5162499639e-08
    2.4599200115e-02    2.3401499405e-08
    2.4698900059e-02    2.1582099663e-08
    2.4799799547e-02    1.9670400420e-08
    2.4899600074e-02    1.7721600187e-08
    2.4999300018e-02    1.5741999704e-08
    2.5098999962e-02    1.3739899885e-08
    2.5200000033e-02    1.1680000078e-08
    2.5299699977e-02    9.6055403631e-09
    2.5399399921e-02    7.4962995811e-09
    2.5499200448e-02    5.3611097783e-09
    2.5598900393e-02    3.1986500115e-09
    2.5699799880e-02    9.7738495075e-10
    2.5799600407e-02    0.0000000000e+00
    2.5899300352e-02    0.0000000000e+00
    2.5999000296e-02    0.0000000000e+00
    2.6100000367e-02    0.0000000000e+00
    2.6199700311e-02    0.0000000000e+00
    2.6299400255e-02    0.0000000000e+00
    2.6399100199e-02    0.0000000000e+00
    2.6498900726e-02    0.0000000000e+00
    2.6599800214e-02    0.0000000000e+00
    2.6699600741e-02    0.0000000000e+00
    2.6799300686e-02    0.0000000000e+00
    2.6899000630e-02    0.0000000000e+00
    2.6998799294e-02    0.0000000000e+00
    2.7099700645e-02    0.0000000000e+00
    2.7199499309e-02    0.0000000000e+00
    2.7299199253e-02    0.0000000000e+00
    2.7398999780e-02    0.0000000000e+00
    2.7499899268e-02    0.0000000000e+00
    2.7599699795e-02    0.0000000000e+00
    2.7699399740e-02    0.0000000000e+00
    2.7799200267e-02    0.0000000000e+00
    2.7898900211e-02    0.0000000000e+00
    2.7999900281e-02    0.0000000000e+00
    2.8099600226e-02    0.0000000000e+00
    2.8199400753e-02    0.0000000000e+00
    2.8299100697e-02    0.0000000000e+00
    2.8398899361e-02    0.0000000000e+00
    2.8499800712e-02    0.0000000000e+00
    2.8599599376e-02    0.0000000000e+00
    2.8699299321e-02    0.0000000000e+00
    2.8799399734e-02    0.0000000000e+00
    2.8899900615e-02    0.0000000000e+00
    2.8999900445e-02    0.0000000000e+00
    2.9099799693e-02    0.0000000000e+00
    2.9199700803e-02    0.0000000000e+00
    2.9299600050e-02    0.0000000000e+00
    2.9399499297e-02    0.0000000000e+00
    2.9499400407e-02    0.0000000000e+00
    2.9599400237e-02    0.0000000000e+00
    2.9699899256e-02    0.0000000000e+00
    2.9799800366e-02    0.0000000000e+00
    2.9899800196e-02    0.0000000000e+00
    2.9999699444e-02    0.0000000000e+00
