       301
    0.0000000000e+00    0.0000000000e+00
    9.9796299764e-05    0.0000000000e+00
    1.9995900220e-04    1.0800699890e-08
    2.9975399957e-04    2.7375600453e-08
    3.9954800741e-04    4.3980200815e-08
    4.9933698028e-04    6.0142596681e-08
    5.9912301367e-04    7.5840901559e-08
    6.9890700979e-04    9.1026002735e-08
    7.9989602091e-04    1.0586799704e-07
    8.9965300867e-04    1.2021600071e-07
    9.9939305801e-04    1.3418400613e-07
    1.0991200106e-03    1.4769800316e-07
    1.1988499900e-03    1.6099799893e-07
    1.2997899903e-03    1.7443200306e-07
    1.3994999463e-03    1.8771500265e-07
    1.4992000069e-03    2.0112500465e-07
    1.5992800472e-03    2.1474500045e-07
    1.6995799961e-03    2.2848999492e-07
    1.7996700481e-03    2.4245798613e-07
    1.8994800048e-03    2.5658098934e-07
    1.9992599264e-03    2.7110201017e-07
    2.0995200612e-03    2.8604100066e-07
    2.1995198913e-03    3.0093900705e-07
    2.2997800261e-03    3.1552900737e-07
    2.3994499352e-03    3.2943299288e-07
    2.4999401066e-03    3.4264999726e-07
    2.5994700845e-03    3.5498700868e-07
    2.6998599060e-03    3.6652801327e-07
    2.7991600800e-03    3.7681701315e-07
    2.8995499015e-03    3.8595700858e-07
    2.9998500831e-03    3.9381998818e-07
    3.0993300024e-03    4.0032401216e-07
    3.1994499732e-03    4.0576000515e-07
    3.2997101080e-03    4.1031299247e-07
    3.3999599982e-03    4.1412300789e-07
    3.4993200097e-03    4.1716199917e-07
    3.5993200727e-03    4.1947498630e-07
    3.6999399308e-03    4.2113501308e-07
    3.7991600111e-03    4.2223300056e-07
    3.8997100201e-03    4.2304898784e-07
    3.9999699220e-03    4.2388001020e-07
    4.0992600843e-03    4.2498700736e-07
    4.1995202191e-03    4.2671601364e-07
    4.2994301766e-03    4.2921701038e-07
    4.3997499160e-03    4.3255201376e-07
    4.4995401986e-03    4.3650700832e-07
    4.5997598208e-03    4.4083100192e-07
    4.6993698925e-03    4.4517599918e-07
    4.7995802015e-03    4.4940401267e-07
    4.8997900449e-03    4.5284500061e-07
    4.9993200228e-03    4.5482801170e-07
    5.0995298661e-03    4.5528000214e-07
    5.1997401752e-03    4.5471699650e-07
    5.2997497842e-03    4.5350398636e-07
    5.3993500769e-03    4.5184199848e-07
    5.4995599203e-03    4.4987899628e-07
    5.5997702293e-03    4.4791099185e-07
    5.6999800727e-03    4.4619599748e-07
    5.7998499833e-03    4.4487399009e-07
    5.8999899775e-03    4.4413400246e-07
    5.9995199554e-03    4.4402298727e-07
    6.0997200198e-03    4.4413201294e-07
    6.1999298632e-03    4.4417799927e-07
    6.2994598411e-03    4.4417799927e-07
    6.3996701501e-03    4.4417799927e-07
    6.4998799935e-03    4.4417799927e-07
    6.5994099714e-03    4.4417799927e-07
    6.6996198148e-03    4.4418499101e-07
    6.7998301238e-03    4.4419599021e-07
    6.8993498571e-03    4.4419599021e-07
    6.9995601662e-03    4.4419900291e-07
    7.0997700095e-03    4.4426900558e-07
    7.1999798529e-03    4.4438098712e-07
    7.2995098308e-03    4.4444999503e-07
    7.3997201398e-03    4.4445499725e-07
    7.4999299832e-03    4.4443100933e-07
    7.5994599611e-03    4.4441600267e-07
    7.6996698044e-03    4.4441600267e-07
    7.7998698689e-03    4.4441600267e-07
    7.8993998468e-03    4.4441600267e-07
    7.9996101558e-03    4.4441600267e-07
    8.0998204648e-03    4.4441600267e-07
    8.1993499771e-03    4.4441600267e-07
    8.2995602861e-03    4.4441401315e-07
    8.3997696638e-03    4.4437899760e-07
    8.4999799728e-03    4.4431399715e-07
    8.5995001718e-03    4.4425701162e-07
    8.6997095495e-03    4.4417799927e-07
    8.7999198586e-03    4.4403799393e-07
    8.8994503021e-03    4.4381499720e-07
    8.9996596798e-03    4.4351298811e-07
    9.0998699889e-03    4.4315299874e-07
    9.1994004324e-03    4.4275600430e-07
    9.2996098101e-03    4.4230898766e-07
    9.3998098746e-03    4.4180799819e-07
    9.4993403181e-03    4.4128000809e-07
    9.5995496958e-03    4.4071600769e-07
    9.6997600049e-03    4.4011599698e-07
    9.7993398085e-03    4.3948699613e-07
    9.8995501176e-03    4.3882801037e-07
    9.9997604266e-03    4.3812198669e-07
    1.0099800304e-02    4.3736400812e-07
    1.0199399665e-02    4.3656700655e-07
    1.0299599729e-02    4.3572299546e-07
    1.0399799794e-02    4.3483998979e-07
    1.0499300435e-02    4.3391699478e-07
    1.0599499568e-02    4.3294699026e-07
    1.0699699633e-02    4.3193401211e-07
    1.0799899697e-02    4.3086399160e-07
    1.0899599642e-02    4.2972200731e-07
    1.0999400169e-02    4.2851499416e-07
    1.1099100113e-02    4.2726199467e-07
    1.1198800057e-02    4.2593399030e-07
    1.1299699545e-02    4.2449400439e-07
    1.1399400420e-02    4.2297099867e-07
    1.1499100365e-02    4.2136699108e-07
    1.1598899961e-02    4.1969400399e-07
    1.1699800380e-02    4.1793100536e-07
    1.1799500324e-02    4.1613000690e-07
    1.1899200268e-02    4.1427600195e-07
    1.1998900212e-02    4.1236799575e-07
    1.2099799700e-02    4.1037898768e-07
    1.2199499644e-02    4.0834800075e-07
    1.2299199589e-02    4.0627500653e-07
    1.2398900464e-02    4.0419899960e-07
    1.2499799952e-02    4.0208300334e-07
    1.2599499896e-02    3.9994799295e-07
    1.2699199840e-02    3.9774201355e-07
    1.2798899785e-02    3.9547200004e-07
    1.2899800204e-02    3.9313900402e-07
    1.2999500148e-02    3.9081498926e-07
    1.3099900447e-02    3.8846201278e-07
    1.3199400157e-02    3.8611500486e-07
    1.3299600221e-02    3.8371601363e-07
    1.3399800286e-02    3.8125000401e-07
    1.3499299996e-02    3.7872499092e-07
    1.3599599712e-02    3.7611599168e-07
    1.3699100353e-02    3.7348098658e-07
    1.3799999841e-02    3.7078100945e-07
    1.3899699785e-02    3.6806500248e-07
    1.3999399729e-02    3.6529098679e-07
    1.4099099673e-02    3.6245600654e-07
    1.4200000092e-02    3.5952299982e-07
    1.4299700037e-02    3.5656199771e-07
    1.4399399981e-02    3.5354099737e-07
    1.4499099925e-02    3.5047298752e-07
    1.4598799869e-02    3.4738201293e-07
    1.4699799940e-02    3.4423999296e-07
    1.4799499884e-02    3.4113699598e-07
    1.4899199829e-02    3.3804698774e-07
    1.4998899773e-02    3.3496399965e-07
    1.5099899843e-02    3.3182800507e-07
    1.5199599788e-02    3.2869800748e-07
    1.5299400315e-02    3.2553501228e-07
    1.5399100259e-02    3.2235399772e-07
    1.5498800203e-02    3.1916800936e-07
    1.5599800274e-02    3.1594700545e-07
    1.5699300915e-02    3.1277400581e-07
    1.5799300745e-02    3.0957500030e-07
    1.5899300575e-02    3.0634998893e-07
    1.5999300405e-02    3.0309399790e-07
    1.6099300236e-02    2.9982200545e-07
    1.6199700534e-02    2.9654700029e-07
    1.6299000010e-02    2.9333600082e-07
    1.6399299726e-02    2.9011599167e-07
    1.6499200836e-02    2.8691999887e-07
    1.6599200666e-02    2.8372599559e-07
    1.6699099913e-02    2.8053199230e-07
    1.6799600795e-02    2.7732801300e-07
    1.6899600625e-02    2.7416399462e-07
    1.6999099404e-02    2.7102498734e-07
    1.7099399120e-02    2.6786298690e-07
    1.7199600115e-02    2.6468501346e-07
    1.7299899831e-02    2.6149299970e-07
    1.7400000244e-02    2.5833000450e-07
    1.7500000075e-02    2.5521600833e-07
    1.7599100247e-02    2.5218301403e-07
    1.7699100077e-02    2.4915999575e-07
    1.7799099907e-02    2.4617600047e-07
    1.7899099737e-02    2.4324100423e-07
    1.7999399453e-02    2.4034699209e-07
    1.8099600449e-02    2.3749299771e-07
    1.8199300393e-02    2.3467599419e-07
    1.8299300224e-02    2.3187000409e-07
    1.8399400637e-02    2.2909100039e-07
    1.8499400467e-02    2.2636700692e-07
    1.8599400297e-02    2.2371600039e-07
    1.8699400127e-02    2.2114400622e-07
    1.8799399957e-02    2.1865299971e-07
    1.8899399787e-02    2.1622699364e-07
    1.8999399617e-02    2.1384100535e-07
    1.9099399447e-02    2.1148899521e-07
    1.9199699163e-02    2.0916199617e-07
    1.9299600273e-02    2.0686199775e-07
    1.9399499521e-02    2.0458800520e-07
    1.9499400631e-02    2.0234600129e-07
    1.9600000232e-02    2.0013000324e-07
    1.9699899480e-02    1.9799300333e-07
    1.9799800590e-02    1.9594099854e-07
    1.9899699837e-02    1.9395500317e-07
    1.9999599084e-02    1.9201800683e-07
    2.0099600777e-02    1.9012900054e-07
    2.0199500024e-02    1.8831100590e-07
    2.0299399272e-02    1.8657600265e-07
    2.0400000736e-02    1.8490000286e-07
    2.0499899983e-02    1.8328300655e-07
    2.0599799231e-02    1.8167600047e-07
    2.0699499175e-02    1.8005999891e-07
    2.0799700171e-02    1.7842999966e-07
    2.0899899304e-02    1.7681000486e-07
    2.0999500528e-02    1.7520599727e-07
    2.1099800244e-02    1.7358000548e-07
    2.1199500188e-02    1.7195800694e-07
    2.1299399436e-02    1.7031800326e-07
    2.1399900317e-02    1.6863499752e-07
    2.1499900147e-02    1.6691899418e-07
    2.1599799395e-02    1.6515099333e-07
    2.1699700505e-02    1.6334600161e-07
    2.1799599752e-02    1.6152699800e-07
    2.1899500862e-02    1.5969099820e-07
    2.1999400109e-02    1.5781300533e-07
    2.2099399939e-02    1.5585800384e-07
    2.2199900821e-02    1.5380099683e-07
    2.2299800068e-02    1.5170199674e-07
    2.2399799898e-02    1.4958999373e-07
    2.2499699146e-02    1.4750200705e-07
    2.2599600255e-02    1.4545099702e-07
    2.2699499503e-02    1.4343299881e-07
    2.2799400613e-02    1.4142999305e-07
    2.2900000215e-02    1.3939599341e-07
    2.2999899462e-02    1.3733699689e-07
    2.3099800572e-02    1.3523700204e-07
    2.3199800402e-02    1.3311900204e-07
    2.3299399763e-02    1.3100300578e-07
    2.3399800062e-02    1.2887500134e-07
    2.3499600589e-02    1.2676599681e-07
    2.3599300534e-02    1.2463900134e-07
    2.3699099198e-02    1.2247500081e-07
    2.3798799142e-02    1.2026700347e-07
    2.3899799213e-02    1.1798900346e-07
    2.3999499157e-02    1.1571700043e-07
    2.4099199101e-02    1.1343500006e-07
    2.4198999628e-02    1.1115100307e-07
    2.4299899116e-02    1.0881900181e-07
    2.4399699643e-02    1.0646199655e-07
    2.4499399588e-02    1.0403299910e-07
    2.4599200115e-02    1.0152299978e-07
    2.4698900059e-02    9.8938400583e-08
    2.4799799547e-02    9.6279102024e-08
    2.4899600074e-02    9.3635399878e-08
    2.4999300018e-02    9.0978296896e-08
    2.5098999962e-02    8.8289397127e-08
    2.5200000033e-02    8.5524199278e-08
    2.5299699977e-02    8.2743198959e-08
    2.5399399921e-02    7.9909497686e-08
    2.5499200448e-02    7.7028097678e-08
    2.5598900393e-02    7.4111596859e-08
    2.5699799880e-02    7.1143396951e-08
    2.5799600407e-02    6.8207903325e-08
    2.5899300352e-02    6.5277596661e-08
    2.5999000296e-02    6.2353798569e-08
    2.6100000367e-02    5.9399301477e-08
    2.6199700311e-02    5.6477901467e-08
    2.6299400255e-02    5.3541999279e-08
    2.6399100199e-02    5.0574300303e-08
    2.6498900726e-02    4.7558000205e-08
    2.6599800214e-02    4.4442298730e-08
    2.6699600741e-02    4.1297099074e-08
    2.6799300686e-02    3.8086000131e-08
    2.6899000630e-02    3.4820100581e-08
    2.6998799294e-02    3.1516801613e-08
    2.7099700645e-02    2.8150600073e-08
    2.7199499309e-02    2.4821600775e-08
    2.7299199253e-02    2.1504000358e-08
    2.7398999780e-02    1.8204499241e-08
    2.7499899268e-02    1.4886800237e-08
    2.7599699795e-02    1.1625400198e-08
    2.7699399740e-02    8.3671398698e-09
    2.7799200267e-02    5.0951300956e-09
    2.7898900211e-02    1.7943799779e-09
    2.7999900281e-02    0.0000000000e+00
    2.8099600226e-02    0.0000000000e+00
    2.8199400753e-02    0.0000000000e+00
    2.8299100697e-02    0.0000000000e+00
    2.8398899361e-02    0.0000000000e+00
    2.8499800712e-02    0.0000000000e+00
    2.8599599376e-02    0.0000000000e+00
    2.8699299321e-02    0.0000000000e+00
    2.8799399734e-02    0.0000000000e+00
    2.8899900615e-02    0.0000000000e+00
    2.8999900445e-02    0.0000000000e+00
    2.9099799693e-02    0.0000000000e+00
    2.9199700803e-02    0.0000000000e+00
    2.9299600050e-02    0.0000000000e+00
    2.9399499297e-02    0.0000000000e+00
    2.9499400407e-02    0.0000000000e+00
    2.9599400237e-02    0.0000000000e+00
    2.9699899256e-02    0.0000000000e+00
    2.9799800366e-02    0.0000000000e+00
    2.9899800196e-02    0.0000000000e+00
    2.9999699444e-02    0.0000000000e+00
