       301
    0.0000000000e+00    0.0000000000e+00
    9.9796299764e-05    0.0000000000e+00
    1.9904400688e-04    5.2422299834e-10
    2.9883999377e-04    5.9604698954e-09
    3.9985298645e-04    1.2808399674e-08
    4.9964699429e-04    1.9533500151e-08
    5.9944001259e-04    2.6124499897e-08
    6.9923099363e-04    3.2548300055e-08
    7.9902197467e-04    3.8813798398e-08
    8.9881097665e-04    4.4874898464e-08
    9.9981704261e-04    5.0840000654e-08
    1.0995999910e-03    5.6737000875e-08
    1.1993800290e-03    6.2658699562e-08
    1.2991500553e-03    6.8462696845e-08
    1.3989099534e-03    7.4099602898e-08
    1.4998900006e-03    7.9628598826e-08
    1.5996400034e-03    8.4893002850e-08
    1.6993900063e-03    8.9916596835e-08
    1.7991500208e-03    9.4720299160e-08
    1.8989000237e-03    9.9381196605e-08
    1.9998599309e-03    1.0402099804e-07
    2.0995999221e-03    1.0851100285e-07
    2.1993198898e-03    1.1287699664e-07
    2.2990300786e-03    1.1700799973e-07
    2.3999600671e-03    1.2098900015e-07
    2.4996600114e-03    1.2485600109e-07
    2.5993599556e-03    1.2857199749e-07
    2.6990401093e-03    1.3208800453e-07
    2.7999400627e-03    1.3547200695e-07
    2.8996199835e-03    1.3871300553e-07
    2.9995299410e-03    1.4182199948e-07
    3.0992000829e-03    1.4472500709e-07
    3.1995701138e-03    1.4749299737e-07
    3.2989298925e-03    1.5015000088e-07
    3.3990000375e-03    1.5266900277e-07
    3.4992299043e-03    1.5503499640e-07
    3.5994900391e-03    1.5728299729e-07
    3.6991399247e-03    1.5944600307e-07
    3.7988000549e-03    1.6152900173e-07
    3.8990399335e-03    1.6350900012e-07
    3.9989501238e-03    1.6529999414e-07
    4.0998598561e-03    1.6692600013e-07
    4.1998699307e-03    1.6833300265e-07
    4.2999498546e-03    1.6951899795e-07
    4.3994700536e-03    1.7047300105e-07
    4.4998601079e-03    1.7124899898e-07
    4.5997798443e-03    1.7178399503e-07
    4.6998099424e-03    1.7201600144e-07
    4.7999802046e-03    1.7199400304e-07
    4.8988298513e-03    1.7175099742e-07
    4.9999300390e-03    1.7124699525e-07
    5.0996299833e-03    1.7045300638e-07
    5.1989001222e-03    1.6937499936e-07
    5.2991001867e-03    1.6807699410e-07
    5.3996802308e-03    1.6661199709e-07
    5.4994598031e-03    1.6501900291e-07
    5.5996798910e-03    1.6329299513e-07
    5.6989500299e-03    1.6148300119e-07
    5.7990797795e-03    1.5956300103e-07
    5.8993799612e-03    1.5756900495e-07
    5.9988400899e-03    1.5557300515e-07
    6.0993097723e-03    1.5356600613e-07
    6.1997598968e-03    1.5159599798e-07
    6.2993299216e-03    1.4971199391e-07
    6.3995099626e-03    1.4793299385e-07
    6.4997998998e-03    1.4626199629e-07
    6.5998099744e-03    1.4489499733e-07
    6.6993101500e-03    1.4402900206e-07
    6.7994398996e-03    1.4351799393e-07
    6.8993298337e-03    1.4274199600e-07
    6.9996700622e-03    1.4165999573e-07
    7.0990598761e-03    1.4024000450e-07
    7.1994098835e-03    1.3862799619e-07
    7.2998502292e-03    1.3852900338e-07
    7.3997499421e-03    1.3870000259e-07
    7.4998298660e-03    1.3804799437e-07
    7.5995400548e-03    1.3664100607e-07
    7.6990402304e-03    1.3562099355e-07
    7.7999602072e-03    1.3557199452e-07
    7.8996699303e-03    1.3576099889e-07
    7.9996399581e-03    1.3628600470e-07
    8.0990400165e-03    1.3701600210e-07
    8.1995800138e-03    1.3701699686e-07
    8.2996003330e-03    1.3587599312e-07
    8.3998497576e-03    1.3422699396e-07
    8.4999296814e-03    1.3284000033e-07
    8.5993502289e-03    1.3163200663e-07
    8.6998501793e-03    1.3048000369e-07
    8.7996600196e-03    1.2954099304e-07
    8.8993897662e-03    1.2876199662e-07
    8.9999595657e-03    1.2782699343e-07
    9.0991398320e-03    1.2674499317e-07
    9.1992197558e-03    1.2557700302e-07
    9.2996703461e-03    1.2423299722e-07
    9.3999402598e-03    1.2266599470e-07
    9.4997603446e-03    1.2109499892e-07
    9.5999697223e-03    1.1964100111e-07
    9.6994796768e-03    1.1816499779e-07
    9.7993202507e-03    1.1662800148e-07
    9.8995296285e-03    1.1493499841e-07
    9.9999597296e-03    1.1322499915e-07
    1.0099500418e-02    1.1186700277e-07
    1.0199200362e-02    1.1078299877e-07
    1.0299299844e-02    1.0987999843e-07
    1.0399499908e-02    1.0901700165e-07
    1.0499199852e-02    1.0800499695e-07
    1.0599699803e-02    1.0700600228e-07
    1.0699300095e-02    1.0621800328e-07
    1.0799500160e-02    1.0564399844e-07
    1.0899599642e-02    1.0518400018e-07
    1.0999900289e-02    1.0466600031e-07
    1.1099799536e-02    1.0406299822e-07
    1.1199999601e-02    1.0346499835e-07
    1.1299399659e-02    1.0282600016e-07
    1.1399799958e-02    1.0210199974e-07
    1.1499599554e-02    1.0142299800e-07
    1.1599300429e-02    1.0086900204e-07
    1.1699499562e-02    1.0035999765e-07
    1.1799800210e-02    9.9867598635e-08
    1.1899899691e-02    9.9502102557e-08
    1.1999400333e-02    9.9395997211e-08
    1.2099999934e-02    9.9550696575e-08
    1.2199699879e-02    9.9828298517e-08
    1.2299899943e-02    1.0015499896e-07
    1.2399399653e-02    1.0055600086e-07
    1.2499400415e-02    1.0103499903e-07
    1.2599200010e-02    1.0146400342e-07
    1.2699499726e-02    1.0182800025e-07
    1.2799800374e-02    1.0222299807e-07
    1.2899500318e-02    1.0270599660e-07
    1.3000000268e-02    1.0322399646e-07
    1.3099499978e-02    1.0375399739e-07
    1.3199499808e-02    1.0430900232e-07
    1.3299300335e-02    1.0488599855e-07
    1.3399500400e-02    1.0543300277e-07
    1.3499700464e-02    1.0590599686e-07
    1.3599899597e-02    1.0633900160e-07
    1.3699499890e-02    1.0676299667e-07
    1.3799699955e-02    1.0712199838e-07
    1.3899900019e-02    1.0723900346e-07
    1.3999399729e-02    1.0720800248e-07
    1.4099500142e-02    1.0716100007e-07
    1.4199599624e-02    1.0714700238e-07
    1.4299900271e-02    1.0712000176e-07
    1.4399600215e-02    1.0698799713e-07
    1.4499500394e-02    1.0675900342e-07
    1.4599800110e-02    1.0647600135e-07
    1.4699599706e-02    1.0613800328e-07
    1.4799499884e-02    1.0572099995e-07
    1.4899999835e-02    1.0524099991e-07
    1.4999100007e-02    1.0479200085e-07
    1.5100000426e-02    1.0437000242e-07
    1.5199299902e-02    1.0395299910e-07
    1.5299499966e-02    1.0352299995e-07
    1.5399400145e-02    1.0314099796e-07
    1.5499999747e-02    1.0283800123e-07
    1.5599199571e-02    1.0257799943e-07
    1.5699699521e-02    1.0227299896e-07
    1.5799300745e-02    1.0191700284e-07
    1.5899600461e-02    1.0150100138e-07
    1.5999600291e-02    1.0102100134e-07
    1.6099199653e-02    1.0048899668e-07
    1.6199899837e-02    9.9931398267e-08
    1.6299400479e-02    9.9374197760e-08
    1.6399299726e-02    9.8774201263e-08
    1.6499500722e-02    9.8081500255e-08
    1.6599100083e-02    9.7269598598e-08
    1.6699900851e-02    9.6325898369e-08
    1.6799900681e-02    9.5288399393e-08
    1.6899500042e-02    9.4184798627e-08
    1.6999099404e-02    9.3042601179e-08
    1.7099399120e-02    9.1874099439e-08
    1.7199300230e-02    9.0683201392e-08
    1.7299899831e-02    8.9456001717e-08
    1.7399700359e-02    8.8191200120e-08
    1.7499599606e-02    8.6877797401e-08
    1.7599100247e-02    8.5521300264e-08
    1.7698800191e-02    8.4123797706e-08
    1.7799699679e-02    8.2681900437e-08
    1.7899399623e-02    8.1223703319e-08
    1.7999699339e-02    7.9717700885e-08
    1.8099600449e-02    7.8188698183e-08
    1.8200000748e-02    7.6662196591e-08
    1.8299600109e-02    7.5202500227e-08
    1.8399000168e-02    7.3799796496e-08
    1.8500000238e-02    7.2376302285e-08
    1.8599700183e-02    7.0924201623e-08
    1.8699400127e-02    6.9417197324e-08
    1.8799200654e-02    6.7909098789e-08
    1.8898900598e-02    6.6410201782e-08
    1.8999900669e-02    6.4875798955e-08
    1.9099600613e-02    6.3319703258e-08
    1.9199300557e-02    6.1729799938e-08
    1.9299000502e-02    6.0116597922e-08
    1.9400000572e-02    5.8460798869e-08
    1.9499700516e-02    5.6850698371e-08
    1.9599400461e-02    5.5265598320e-08
    1.9699199125e-02    5.3628898655e-08
    1.9798899069e-02    5.1878998875e-08
    1.9899800420e-02    4.9985601436e-08
    1.9999599084e-02    4.8035598610e-08
    2.0099300891e-02    4.6029999368e-08
    2.0199000835e-02    4.3982200992e-08
    2.0300000906e-02    4.1844600673e-08
    2.0399700850e-02    3.9637999549e-08
    2.0499400795e-02    3.7315299295e-08
    2.0599199459e-02    3.4882198463e-08
    2.0698899403e-02    3.2364301461e-08
    2.0799800754e-02    2.9754200881e-08
    2.0899599418e-02    2.7098000288e-08
    2.0999299362e-02    2.4325899517e-08
    2.1099099889e-02    2.1427599251e-08
    2.1198799834e-02    1.8433199855e-08
    2.1299799904e-02    1.5317999313e-08
    2.1399600431e-02    1.2158199780e-08
    2.1499300376e-02    8.9103497913e-09
    2.1599100903e-02    5.5863500492e-09
    2.1698800847e-02    2.1787400772e-09
    2.1799800918e-02    0.0000000000e+00
    2.1899599582e-02    0.0000000000e+00
    2.1999299526e-02    0.0000000000e+00
    2.2099100053e-02    0.0000000000e+00
    2.2198799998e-02    0.0000000000e+00
    2.2299800068e-02    0.0000000000e+00
    2.2399600595e-02    0.0000000000e+00
    2.2499300539e-02    0.0000000000e+00
    2.2599099204e-02    0.0000000000e+00
    2.2698799148e-02    0.0000000000e+00
    2.2799799219e-02    0.0000000000e+00
    2.2899599746e-02    0.0000000000e+00
    2.2999299690e-02    0.0000000000e+00
    2.3099100217e-02    0.0000000000e+00
    2.3199899122e-02    0.0000000000e+00
    2.3299399763e-02    0.0000000000e+00
    2.3399500176e-02    0.0000000000e+00
    2.3499799892e-02    0.0000000000e+00
    2.3599900305e-02    0.0000000000e+00
    2.3699900135e-02    0.0000000000e+00
    2.3799199611e-02    0.0000000000e+00
    2.3899499327e-02    0.0000000000e+00
    2.3999299854e-02    0.0000000000e+00
    2.4100000039e-02    0.0000000000e+00
    2.4199899286e-02    0.0000000000e+00
    2.4299399927e-02    0.0000000000e+00
    2.4399900809e-02    0.0000000000e+00
    2.4499600753e-02    0.0000000000e+00
    2.4599399418e-02    0.0000000000e+00
    2.4699099362e-02    0.0000000000e+00
    2.4798799306e-02    0.0000000000e+00
    2.4899799377e-02    0.0000000000e+00
    2.4999599904e-02    0.0000000000e+00
    2.5099299848e-02    0.0000000000e+00
    2.5198999792e-02    0.0000000000e+00
    2.5298800319e-02    0.0000000000e+00
    2.5399699807e-02    0.0000000000e+00
    2.5499500334e-02    0.0000000000e+00
    2.5599200279e-02    0.0000000000e+00
    2.5699000806e-02    0.0000000000e+00
    2.5799900293e-02    0.0000000000e+00
    2.5899700820e-02    0.0000000000e+00
    2.5999400765e-02    0.0000000000e+00
    2.6099199429e-02    0.0000000000e+00
    2.6198899373e-02    0.0000000000e+00
    2.6299899444e-02    0.0000000000e+00
    2.6399699971e-02    0.0000000000e+00
    2.6499399915e-02    0.0000000000e+00
    2.6599099860e-02    0.0000000000e+00
    2.6698900387e-02    0.0000000000e+00
    2.6799900457e-02    0.0000000000e+00
    2.6899600402e-02    0.0000000000e+00
    2.6999400929e-02    0.0000000000e+00
    2.7099100873e-02    0.0000000000e+00
    2.7198899537e-02    0.0000000000e+00
    2.7299800888e-02    0.0000000000e+00
    2.7399599552e-02    0.0000000000e+00
    2.7499299496e-02    0.0000000000e+00
    2.7599100024e-02    0.0000000000e+00
    2.7698799968e-02    0.0000000000e+00
    2.7799800038e-02    0.0000000000e+00
    2.7899600565e-02    0.0000000000e+00
    2.7999300510e-02    0.0000000000e+00
    2.8099099174e-02    0.0000000000e+00
    2.8198799118e-02    0.0000000000e+00
    2.8299799189e-02    0.0000000000e+00
    2.8399499133e-02    0.0000000000e+00
    2.8499299660e-02    0.0000000000e+00
    2.8599100187e-02    0.0000000000e+00
    2.8698800132e-02    0.0000000000e+00
    2.8799800202e-02    0.0000000000e+00
    2.8899500147e-02    0.0000000000e+00
    2.8999300674e-02    0.0000000000e+00
    2.9099000618e-02    0.0000000000e+00
    2.9198799282e-02    0.0000000000e+00
    2.9299799353e-02    0.0000000000e+00
    2.9399499297e-02    0.0000000000e+00
    2.9499299824e-02    0.0000000000e+00
    2.9598999768e-02    0.0000000000e+00
    2.9699999839e-02    0.0000000000e+00
    2.9799500480e-02    0.0000000000e+00
    2.9899500310e-02    0.0000000000e+00
    2.9999600723e-02    0.0000000000e+00
