       301
    0.0000000000e+00    0.0000000000e+00
    9.9796299764e-05    0.0000000000e+00
    1.9904400688e-04    6.7075900390e-09
    2.9883999377e-04    1.9877999691e-08
    3.9985298645e-04    3.3626498919e-08
    4.9964699429e-04    4.7102300726e-08
    5.9944001259e-04    6.0454198092e-08
    6.9923099363e-04    7.3583201754e-08
    7.9902197467e-04    8.6540801192e-08
    8.9881097665e-04    9.9406797460e-08
    9.9981704261e-04    1.1245099785e-07
    1.0995999910e-03    1.2519400627e-07
    1.1993800290e-03    1.3780800145e-07
    1.2991500553e-03    1.5041099743e-07
    1.3989099534e-03    1.6308899831e-07
    1.4998900006e-03    1.7600599733e-07
    1.5996400034e-03    1.8863799767e-07
    1.6993900063e-03    2.0124099365e-07
    1.7991500208e-03    2.1391700500e-07
    1.8989000237e-03    2.2671800082e-07
    1.9998599309e-03    2.3984000563e-07
    2.0995999221e-03    2.5293900308e-07
    2.1993198898e-03    2.6620600124e-07
    2.2990300786e-03    2.7974800787e-07
    2.3999600671e-03    2.9368499099e-07
    2.4996600114e-03    3.0779699500e-07
    2.5993599556e-03    3.2223800872e-07
    2.6990401093e-03    3.3690798773e-07
    2.7999400627e-03    3.5206301163e-07
    2.8996199835e-03    3.6736000197e-07
    2.9995299410e-03    3.8288300175e-07
    3.0992000829e-03    3.9840000454e-07
    3.1995701138e-03    4.1400400619e-07
    3.2989298925e-03    4.2932899191e-07
    3.3990000375e-03    4.4465099336e-07
    3.4992299043e-03    4.5990898911e-07
    3.5994900391e-03    4.7508299872e-07
    3.6991399247e-03    4.9007502412e-07
    3.7988000549e-03    5.0480201708e-07
    3.8990399335e-03    5.1920898159e-07
    3.9989501238e-03    5.3315500281e-07
    4.0998598561e-03    5.4674501371e-07
    4.1998699307e-03    5.5967700519e-07
    4.2999498546e-03    5.7204198356e-07
    4.3994700536e-03    5.8381601775e-07
    4.4998601079e-03    5.9530498220e-07
    4.5997798443e-03    6.0652001821e-07
    4.6998099424e-03    6.1760601966e-07
    4.7999802046e-03    6.2875500362e-07
    4.8988298513e-03    6.3992001742e-07
    4.9999300390e-03    6.5157200879e-07
    5.0996299833e-03    6.6326600745e-07
    5.1989001222e-03    6.7507801305e-07
    5.2991001867e-03    6.8710301093e-07
    5.3996802308e-03    6.9904302791e-07
    5.4994598031e-03    7.1055700346e-07
    5.5996798910e-03    7.2172798582e-07
    5.6989500299e-03    7.3243501220e-07
    5.7990797795e-03    7.4290102248e-07
    5.8993799612e-03    7.5314500236e-07
    5.9988400899e-03    7.6322498899e-07
    6.0993097723e-03    7.7349602634e-07
    6.1997598968e-03    7.8389200553e-07
    6.2993299216e-03    7.9421300825e-07
    6.3995099626e-03    8.0462797314e-07
    6.4997998998e-03    8.1484199654e-07
    6.5998099744e-03    8.2249300704e-07
    6.6993101500e-03    8.3002498741e-07
    6.7994398996e-03    8.3607500301e-07
    6.8993298337e-03    8.4142300238e-07
    6.9996700622e-03    8.4807697931e-07
    7.0990598761e-03    8.5547497974e-07
    7.1994098835e-03    8.6286098622e-07
    7.2998502292e-03    8.7015502004e-07
    7.3997499421e-03    8.7711197239e-07
    7.4998298660e-03    8.8364600970e-07
    7.5995400548e-03    8.9064798203e-07
    7.6990402304e-03    8.9795599933e-07
    7.7999602072e-03    9.0612297754e-07
    7.8996699303e-03    9.1278099035e-07
    7.9996399581e-03    9.1861897999e-07
    8.0990400165e-03    9.2431400844e-07
    8.1995800138e-03    9.2903098903e-07
    8.2996003330e-03    9.3211002650e-07
    8.3998497576e-03    9.3431600590e-07
    8.4999296814e-03    9.3604802487e-07
    8.5993502289e-03    9.3734200846e-07
    8.6998501793e-03    9.3815100399e-07
    8.7996600196e-03    9.3859802064e-07
    8.8993897662e-03    9.3904202458e-07
    8.9999595657e-03    9.3981901728e-07
    9.0991398320e-03    9.4112397164e-07
    9.1992197558e-03    9.4269097417e-07
    9.2996703461e-03    9.4471602097e-07
    9.3999402598e-03    9.4733400147e-07
    9.4997603446e-03    9.4956402563e-07
    9.5999697223e-03    9.5107901643e-07
    9.6994796768e-03    9.5171998282e-07
    9.7993202507e-03    9.5163301239e-07
    9.8995296285e-03    9.5142399914e-07
    9.9999597296e-03    9.5117098908e-07
    1.0099500418e-02    9.5068497785e-07
    1.0199200362e-02    9.4975501952e-07
    1.0299299844e-02    9.4840902420e-07
    1.0399499908e-02    9.4706797427e-07
    1.0499199852e-02    9.4629598379e-07
    1.0599699803e-02    9.4610498991e-07
    1.0699300095e-02    9.4610498991e-07
    1.0799500160e-02    9.4598198075e-07
    1.0899599642e-02    9.4573800880e-07
    1.0999900289e-02    9.4526700423e-07
    1.1099799536e-02    9.4451502264e-07
    1.1199999601e-02    9.4353498525e-07
    1.1299399659e-02    9.4235002734e-07
    1.1399799958e-02    9.4096901648e-07
    1.1499599554e-02    9.3955299008e-07
    1.1599300429e-02    9.3841197213e-07
    1.1699499562e-02    9.3782000476e-07
    1.1799800210e-02    9.3781500254e-07
    1.1899899691e-02    9.3812900559e-07
    1.1999400333e-02    9.3856897365e-07
    1.2099999934e-02    9.3902201570e-07
    1.2199699879e-02    9.3933101653e-07
    1.2299899943e-02    9.3938797363e-07
    1.2399399653e-02    9.3909801535e-07
    1.2499400415e-02    9.3846597338e-07
    1.2599200010e-02    9.3750702490e-07
    1.2699499726e-02    9.3629097364e-07
    1.2799800374e-02    9.3486301012e-07
    1.2899500318e-02    9.3329299489e-07
    1.3000000268e-02    9.3164499049e-07
    1.3099499978e-02    9.2995799150e-07
    1.3199499808e-02    9.2827798426e-07
    1.3299300335e-02    9.2662099860e-07
    1.3399500400e-02    9.2498800086e-07
    1.3499700464e-02    9.2343100278e-07
    1.3599899597e-02    9.2191902468e-07
    1.3699499890e-02    9.2043302402e-07
    1.3799699955e-02    9.1886602149e-07
    1.3899900019e-02    9.1708898253e-07
    1.3999399729e-02    9.1502101895e-07
    1.4099500142e-02    9.1267799007e-07
    1.4199599624e-02    9.1007098035e-07
    1.4299900271e-02    9.0722602408e-07
    1.4399600215e-02    9.0426601673e-07
    1.4499500394e-02    9.0130998842e-07
    1.4599800110e-02    8.9838397344e-07
    1.4699599706e-02    8.9543402737e-07
    1.4799499884e-02    8.9245799018e-07
    1.4899999835e-02    8.8946097776e-07
    1.4999100007e-02    8.8646601171e-07
    1.5100000426e-02    8.8331699999e-07
    1.5199299902e-02    8.8001297627e-07
    1.5299499966e-02    8.7641302571e-07
    1.5399400145e-02    8.7260798409e-07
    1.5499999747e-02    8.6860302417e-07
    1.5599199571e-02    8.6451598236e-07
    1.5699699521e-02    8.6032201807e-07
    1.5799300745e-02    8.5616102297e-07
    1.5899600461e-02    8.5202498212e-07
    1.5999600291e-02    8.4798801936e-07
    1.6099199653e-02    8.4405701273e-07
    1.6199899837e-02    8.4017602830e-07
    1.6299400479e-02    8.3641100446e-07
    1.6399299726e-02    8.3264399109e-07
    1.6499500722e-02    8.2879802221e-07
    1.6599100083e-02    8.2487702002e-07
    1.6699900851e-02    8.2082300423e-07
    1.6799900681e-02    8.1679297637e-07
    1.6899500042e-02    8.1281797293e-07
    1.6999099404e-02    8.0890902154e-07
    1.7099399120e-02    8.0504702282e-07
    1.7199300230e-02    8.0121401425e-07
    1.7299899831e-02    7.9732899394e-07
    1.7399700359e-02    7.9344800952e-07
    1.7499599606e-02    7.8959499206e-07
    1.7599100247e-02    7.8582201013e-07
    1.7698800191e-02    7.8213400911e-07
    1.7799699679e-02    7.7852797631e-07
    1.7899399623e-02    7.7506700791e-07
    1.7999699339e-02    7.7165100265e-07
    1.8099600449e-02    7.6829400086e-07
    1.8200000748e-02    7.6497400414e-07
    1.8299600109e-02    7.6173802199e-07
    1.8399000168e-02    7.5856399917e-07
    1.8500000238e-02    7.5538901001e-07
    1.8599700183e-02    7.5232901509e-07
    1.8699400127e-02    7.4938901662e-07
    1.8799200654e-02    7.4660300697e-07
    1.8898900598e-02    7.4392499982e-07
    1.8999900669e-02    7.4130900884e-07
    1.9099600613e-02    7.3888298857e-07
    1.9199300557e-02    7.3662397426e-07
    1.9299000502e-02    7.3450399896e-07
    1.9400000572e-02    7.3245502108e-07
    1.9499700516e-02    7.3058600947e-07
    1.9599400461e-02    7.2891100444e-07
    1.9699199125e-02    7.2743000601e-07
    1.9798899069e-02    7.2613897828e-07
    1.9899800420e-02    7.2496601433e-07
    1.9999599084e-02    7.2386899319e-07
    2.0099300891e-02    7.2276202445e-07
    2.0199000835e-02    7.2162401921e-07
    2.0300000906e-02    7.2044099397e-07
    2.0399700850e-02    7.1925501288e-07
    2.0499400795e-02    7.1804601021e-07
    2.0599199459e-02    7.1676402058e-07
    2.0698899403e-02    7.1536101132e-07
    2.0799800754e-02    7.1384698686e-07
    2.0899599418e-02    7.1235399446e-07
    2.0999299362e-02    7.1091500331e-07
    2.1099099889e-02    7.0956900800e-07
    2.1198799834e-02    7.0833999644e-07
    2.1299799904e-02    7.0718698453e-07
    2.1399600431e-02    7.0608797387e-07
    2.1499300376e-02    7.0500698257e-07
    2.1599100903e-02    7.0395901730e-07
    2.1698800847e-02    7.0297602406e-07
    2.1799800918e-02    7.0203100222e-07
    2.1899599582e-02    7.0112901085e-07
    2.1999299526e-02    7.0024998422e-07
    2.2099100053e-02    6.9938397473e-07
    2.2198799998e-02    6.9851199669e-07
    2.2299800068e-02    6.9760397992e-07
    2.2399600595e-02    6.9667299840e-07
    2.2499300539e-02    6.9572598704e-07
    2.2599099204e-02    6.9477897569e-07
    2.2698799148e-02    6.9383901291e-07
    2.2799799219e-02    6.9290399551e-07
    2.2899599746e-02    6.9201797714e-07
    2.2999299690e-02    6.9120102353e-07
    2.3099100217e-02    6.9047598572e-07
    2.3199899122e-02    6.8982899393e-07
    2.3299399763e-02    6.8926300401e-07
    2.3399500176e-02    6.8873299597e-07
    2.3499799892e-02    6.8822299681e-07
    2.3599900305e-02    6.8768201800e-07
    2.3699900135e-02    6.8701899636e-07
    2.3799199611e-02    6.8623302241e-07
    2.3899499327e-02    6.8536098752e-07
    2.3999299854e-02    6.8448599677e-07
    2.4100000039e-02    6.8364198569e-07
    2.4199899286e-02    6.8287801014e-07
    2.4299399927e-02    6.8217599392e-07
    2.4399900809e-02    6.8149302024e-07
    2.4499600753e-02    6.8081800464e-07
    2.4599399418e-02    6.8014099952e-07
    2.4699099362e-02    6.7946302806e-07
    2.4798799306e-02    6.7878499976e-07
    2.4899799377e-02    6.7808599624e-07
    2.4999599904e-02    6.7737698828e-07
    2.5099299848e-02    6.7662699621e-07
    2.5198999792e-02    6.7578798735e-07
    2.5298800319e-02    6.7482500299e-07
    2.5399699807e-02    6.7372900503e-07
    2.5499500334e-02    6.7256701186e-07
    2.5599200279e-02    6.7136301141e-07
    2.5699000806e-02    6.7011802685e-07
    2.5799900293e-02    6.6878698135e-07
    2.5899700820e-02    6.6740898319e-07
    2.5999400765e-02    6.6599500315e-07
    2.6099199429e-02    6.6457499770e-07
    2.6198899373e-02    6.6317102210e-07
    2.6299899444e-02    6.6175999791e-07
    2.6399699971e-02    6.6034402835e-07
    2.6499399915e-02    6.5884898959e-07
    2.6599099860e-02    6.5719399345e-07
    2.6698900387e-02    6.5532998406e-07
    2.6799900457e-02    6.5323001763e-07
    2.6899600402e-02    6.5096998014e-07
    2.6999400929e-02    6.4855902338e-07
    2.7099100873e-02    6.4604802219e-07
    2.7198899537e-02    6.4349097784e-07
    2.7299800888e-02    6.4090602336e-07
    2.7399599552e-02    6.3838700726e-07
    2.7499299496e-02    6.3592102606e-07
    2.7599100024e-02    6.3350699975e-07
    2.7698799968e-02    6.3110599058e-07
    2.7799800038e-02    6.2863500716e-07
    2.7899600565e-02    6.2610700979e-07
    2.7999300510e-02    6.2350102326e-07
    2.8099099174e-02    6.2084001229e-07
    2.8198799118e-02    6.1812602326e-07
    2.8299799189e-02    6.1532000473e-07
    2.8399499133e-02    6.1246902305e-07
    2.8499299660e-02    6.0951498426e-07
    2.8599100187e-02    6.0645197664e-07
    2.8698800132e-02    6.0330700080e-07
    2.8799800202e-02    6.0008801483e-07
    2.8899500147e-02    5.9692700916e-07
    2.8999300674e-02    5.9381898154e-07
    2.9099000618e-02    5.9078399772e-07
    2.9198799282e-02    5.8784098655e-07
    2.9299799353e-02    5.8496402744e-07
    2.9399499297e-02    5.8220501842e-07
    2.9499299824e-02    5.7949301890e-07
    2.9598999768e-02    5.7676800225e-07
    2.9699999839e-02    5.7395601516e-07
    2.9799500480e-02    5.7113999219e-07
    2.9899500310e-02    5.6827900607e-07
    2.9999600723e-02    5.6541500726e-07
