       301
    0.0000000000e+00    0.0000000000e+00
    9.9796299764e-05    0.0000000000e+00
    1.9904400688e-04    3.6593099662e-09
    2.9883999377e-04    1.3695100165e-08
    3.9985298645e-04    2.4464700488e-08
    4.9964699429e-04    3.4947699845e-08
    5.9944001259e-04    4.5288999218e-08
    6.9923099363e-04    5.5434501434e-08
    7.9902197467e-04    6.5451800424e-08
    8.9881097665e-04    7.5321302972e-08
    9.9981704261e-04    8.5193498478e-08
    1.0995999910e-03    9.4826702934e-08
    1.1993800290e-03    1.0443900322e-07
    1.2991500553e-03    1.1410799772e-07
    1.3989099534e-03    1.2366899682e-07
    1.4998900006e-03    1.3320099868e-07
    1.5996400034e-03    1.4254000291e-07
    1.6993900063e-03    1.5185699453e-07
    1.7991500208e-03    1.6108900525e-07
    1.8989000237e-03    1.7014400555e-07
    1.9998599309e-03    1.7927500551e-07
    2.0995999221e-03    1.8836900040e-07
    2.1993198898e-03    1.9740200230e-07
    2.2990300786e-03    2.0644799292e-07
    2.3999600671e-03    2.1556999741e-07
    2.4996600114e-03    2.2453599513e-07
    2.5993599556e-03    2.3348400191e-07
    2.6990401093e-03    2.4232900842e-07
    2.7999400627e-03    2.5114400160e-07
    2.8996199835e-03    2.5966099315e-07
    2.9995299410e-03    2.6798198860e-07
    3.0992000829e-03    2.7610698794e-07
    3.1995701138e-03    2.8401399277e-07
    3.2989298925e-03    2.9153500236e-07
    3.3990000375e-03    2.9889500297e-07
    3.4992299043e-03    3.0607299095e-07
    3.5994900391e-03    3.1309099313e-07
    3.6991399247e-03    3.1995699601e-07
    3.7988000549e-03    3.2674600448e-07
    3.8990399335e-03    3.3352500850e-07
    3.9989501238e-03    3.4018600559e-07
    4.0998598561e-03    3.4678299698e-07
    4.1998699307e-03    3.5321198766e-07
    4.2999498546e-03    3.5959300249e-07
    4.3994700536e-03    3.6589599972e-07
    4.4998601079e-03    3.7218001125e-07
    4.5997798443e-03    3.7840499090e-07
    4.6998099424e-03    3.8463801388e-07
    4.7999802046e-03    3.9091298731e-07
    4.8988298513e-03    3.9718699441e-07
    4.9999300390e-03    4.0375300614e-07
    5.0996299833e-03    4.1036000198e-07
    5.1989001222e-03    4.1702099907e-07
    5.2991001867e-03    4.2380500531e-07
    5.3996802308e-03    4.3070099309e-07
    5.4994598031e-03    4.3763100166e-07
    5.5996798910e-03    4.4461398829e-07
    5.6989500299e-03    4.5146501293e-07
    5.7990797795e-03    4.5831200168e-07
    5.8993799612e-03    4.6513301299e-07
    5.9988400899e-03    4.7185099561e-07
    6.0993097723e-03    4.7856798346e-07
    6.1997598968e-03    4.8517597406e-07
    6.2993299216e-03    4.9157500825e-07
    6.3995099626e-03    4.9781198186e-07
    6.4997998998e-03    5.0394402251e-07
    6.5998099744e-03    5.0975597787e-07
    6.6993101500e-03    5.1494799891e-07
    6.7994398996e-03    5.1927497680e-07
    6.8993298337e-03    5.2257200878e-07
    6.9996700622e-03    5.2516799087e-07
    7.0990598761e-03    5.2802499795e-07
    7.1994098835e-03    5.3137699751e-07
    7.2998502292e-03    5.3378397524e-07
    7.3997499421e-03    5.3589201343e-07
    7.4998298660e-03    5.3774897424e-07
    7.5995400548e-03    5.3964100744e-07
    7.6990402304e-03    5.4135898608e-07
    7.7999602072e-03    5.4306502761e-07
    7.8996699303e-03    5.4585302678e-07
    7.9996399581e-03    5.4936299421e-07
    8.0990400165e-03    5.5253201481e-07
    8.1995800138e-03    5.5549202216e-07
    8.2996003330e-03    5.5863199577e-07
    8.3998497576e-03    5.6226900824e-07
    8.4999296814e-03    5.6632399037e-07
    8.5993502289e-03    5.7104500684e-07
    8.6998501793e-03    5.7605598158e-07
    8.7996600196e-03    5.8048499341e-07
    8.8993897662e-03    5.8451001905e-07
    8.9999595657e-03    5.8850702089e-07
    9.0991398320e-03    5.9245098782e-07
    9.1992197558e-03    5.9602001556e-07
    9.2996703461e-03    5.9920802187e-07
    9.3999402598e-03    6.0224499521e-07
    9.4997603446e-03    6.0504100929e-07
    9.5999697223e-03    6.0761101395e-07
    9.6994796768e-03    6.0986900507e-07
    9.7993202507e-03    6.1213302160e-07
    9.8995296285e-03    6.1426601405e-07
    9.9999597296e-03    6.1599001810e-07
    1.0099500418e-02    6.1746800384e-07
    1.0199200362e-02    6.1874499124e-07
    1.0299299844e-02    6.1991198663e-07
    1.0399499908e-02    6.2086297703e-07
    1.0499199852e-02    6.2144101776e-07
    1.0599699803e-02    6.2175200810e-07
    1.0699300095e-02    6.2182499505e-07
    1.0799500160e-02    6.2174302684e-07
    1.0899599642e-02    6.2157602088e-07
    1.0999900289e-02    6.2123598354e-07
    1.1099799536e-02    6.2073002027e-07
    1.1199999601e-02    6.2021098302e-07
    1.1299399659e-02    6.1978300891e-07
    1.1399799958e-02    6.1946900587e-07
    1.1499599554e-02    6.1919701011e-07
    1.1599300429e-02    6.1884702518e-07
    1.1699499562e-02    6.1833202381e-07
    1.1799800210e-02    6.1768497517e-07
    1.1899899691e-02    6.1688098185e-07
    1.1999400333e-02    6.1584398736e-07
    1.2099999934e-02    6.1443699906e-07
    1.2199699879e-02    6.1267598994e-07
    1.2299899943e-02    6.1065099999e-07
    1.2399399653e-02    6.0844297423e-07
    1.2499400415e-02    6.0603997554e-07
    1.2599200010e-02    6.0347900899e-07
    1.2699499726e-02    6.0076200725e-07
    1.2799800374e-02    5.9793700302e-07
    1.2899500318e-02    5.9501098804e-07
    1.3000000268e-02    5.9200198166e-07
    1.3099499978e-02    5.8904402067e-07
    1.3199499808e-02    5.8606798348e-07
    1.3299300335e-02    5.8302998696e-07
    1.3399500400e-02    5.7988501112e-07
    1.3499700464e-02    5.7667301689e-07
    1.3599899597e-02    5.7343299886e-07
    1.3699499890e-02    5.7024197986e-07
    1.3799699955e-02    5.6712400465e-07
    1.3899900019e-02    5.6413898619e-07
    1.3999399729e-02    5.6122502201e-07
    1.4099500142e-02    5.5825501022e-07
    1.4199599624e-02    5.5526402321e-07
    1.4299900271e-02    5.5224899143e-07
    1.4399600215e-02    5.4929898852e-07
    1.4499500394e-02    5.4644601732e-07
    1.4599800110e-02    5.4368501878e-07
    1.4699599706e-02    5.4100297575e-07
    1.4799499884e-02    5.3830501656e-07
    1.4899999835e-02    5.3552298596e-07
    1.4999100007e-02    5.3266001032e-07
    1.5100000426e-02    5.2966498743e-07
    1.5199299902e-02    5.2669997785e-07
    1.5299499966e-02    5.2371098036e-07
    1.5399400145e-02    5.2069498224e-07
    1.5499999747e-02    5.1754801689e-07
    1.5599199571e-02    5.1431601378e-07
    1.5699699521e-02    5.1093797993e-07
    1.5799300745e-02    5.0750799119e-07
    1.5899600461e-02    5.0402502438e-07
    1.5999600291e-02    5.0054200074e-07
    1.6099199653e-02    4.9706801519e-07
    1.6199899837e-02    4.9353502618e-07
    1.6299400479e-02    4.9000402669e-07
    1.6399299726e-02    4.8643801165e-07
    1.6499500722e-02    4.8285602361e-07
    1.6599100083e-02    4.7931297331e-07
    1.6699900851e-02    4.7577299256e-07
    1.6799900681e-02    4.7231199574e-07
    1.6899500042e-02    4.6890599492e-07
    1.6999099404e-02    4.6552699473e-07
    1.7099399120e-02    4.6214699978e-07
    1.7199300230e-02    4.5880699417e-07
    1.7299899831e-02    4.5549199967e-07
    1.7399700359e-02    4.5224899736e-07
    1.7499599606e-02    4.4901798901e-07
    1.7599100247e-02    4.4579701353e-07
    1.7698800191e-02    4.4256699994e-07
    1.7799699679e-02    4.3930299398e-07
    1.7899399623e-02    4.3606300437e-07
    1.7999699339e-02    4.3278100748e-07
    1.8099600449e-02    4.2950699708e-07
    1.8200000748e-02    4.2622698970e-07
    1.8299600109e-02    4.2299200231e-07
    1.8399000168e-02    4.1979600951e-07
    1.8500000238e-02    4.1656801386e-07
    1.8599700183e-02    4.1340200596e-07
    1.8699400127e-02    4.1027200837e-07
    1.8799200654e-02    4.0717100092e-07
    1.8898900598e-02    4.0411700297e-07
    1.8999900669e-02    4.0107300947e-07
    1.9099600613e-02    3.9806400309e-07
    1.9199300557e-02    3.9502501181e-07
    1.9299000502e-02    3.9199198909e-07
    1.9400000572e-02    3.8901399080e-07
    1.9499700516e-02    3.8617000087e-07
    1.9599400461e-02    3.8342699327e-07
    1.9699199125e-02    3.8080199261e-07
    1.9798899069e-02    3.7829698840e-07
    1.9899800420e-02    3.7586400481e-07
    1.9999599084e-02    3.7355800941e-07
    2.0099300891e-02    3.7135600905e-07
    2.0199000835e-02    3.6925601421e-07
    2.0300000906e-02    3.6720498997e-07
    2.0399700850e-02    3.6520000890e-07
    2.0499400795e-02    3.6321500829e-07
    2.0599199459e-02    3.6130299463e-07
    2.0698899403e-02    3.5949798871e-07
    2.0799800754e-02    3.5779800100e-07
    2.0899599418e-02    3.5625299688e-07
    2.0999299362e-02    3.5485601302e-07
    2.1099099889e-02    3.5364899986e-07
    2.1198799834e-02    3.5264301346e-07
    2.1299799904e-02    3.5182199554e-07
    2.1399600431e-02    3.5118699770e-07
    2.1499300376e-02    3.5068299553e-07
    2.1599100903e-02    3.5025598777e-07
    2.1698800847e-02    3.4986899777e-07
    2.1799800918e-02    3.4950400618e-07
    2.1899599582e-02    3.4916499203e-07
    2.1999299526e-02    3.4882299360e-07
    2.2099100053e-02    3.4844700281e-07
    2.2198799998e-02    3.4802400251e-07
    2.2299800068e-02    3.4755200318e-07
    2.2399600595e-02    3.4705800545e-07
    2.2499300539e-02    3.4655201375e-07
    2.2599099204e-02    3.4604499888e-07
    2.2698799148e-02    3.4553801243e-07
    2.2799799219e-02    3.4500999391e-07
    2.2899599746e-02    3.4444900621e-07
    2.2999299690e-02    3.4383600678e-07
    2.3099100217e-02    3.4317199038e-07
    2.3199899122e-02    3.4245599068e-07
    2.3299399763e-02    3.4170199115e-07
    2.3399500176e-02    3.4087599943e-07
    2.3499799892e-02    3.3995598869e-07
    2.3599900305e-02    3.3892399642e-07
    2.3699900135e-02    3.3777101294e-07
    2.3799199611e-02    3.3652199249e-07
    2.3899499327e-02    3.3519899034e-07
    2.3999299854e-02    3.3384699805e-07
    2.4100000039e-02    3.3246101339e-07
    2.4199899286e-02    3.3108500475e-07
    2.4299399927e-02    3.2972201325e-07
    2.4399900809e-02    3.2835299635e-07
    2.4499600753e-02    3.2699699659e-07
    2.4599399418e-02    3.2564798857e-07
    2.4699099362e-02    3.2429099406e-07
    2.4798799306e-02    3.2290799368e-07
    2.4899799377e-02    3.2148400919e-07
    2.4999599904e-02    3.2005900152e-07
    2.5099299848e-02    3.1860901117e-07
    2.5198999792e-02    3.1712301052e-07
    2.5298800319e-02    3.1559198987e-07
    2.5399699807e-02    3.1398599276e-07
    2.5499500334e-02    3.1233099662e-07
    2.5599200279e-02    3.1060599781e-07
    2.5699000806e-02    3.0882100077e-07
    2.5799900293e-02    3.0697100328e-07
    2.5899700820e-02    3.0510099691e-07
    2.5999400765e-02    3.0316499533e-07
    2.6099199429e-02    3.0114799188e-07
    2.6198899373e-02    2.9906499321e-07
    2.6299899444e-02    2.9690801284e-07
    2.6399699971e-02    2.9474799135e-07
    2.6499399915e-02    2.9256500511e-07
    2.6599099860e-02    2.9035300031e-07
    2.6698900387e-02    2.8810600838e-07
    2.6799900457e-02    2.8579299283e-07
    2.6899600402e-02    2.8348898695e-07
    2.6999400929e-02    2.8119700346e-07
    2.7099100873e-02    2.7893599963e-07
    2.7198899537e-02    2.7670699865e-07
    2.7299800888e-02    2.7447200068e-07
    2.7399599552e-02    2.7227901001e-07
    2.7499299496e-02    2.7010099757e-07
    2.7599100024e-02    2.6793199481e-07
    2.7698799968e-02    2.6576699952e-07
    2.7799800038e-02    2.6357400884e-07
    2.7899600565e-02    2.6140298814e-07
    2.7999300510e-02    2.5922199143e-07
    2.8099099174e-02    2.5701899631e-07
    2.8198799118e-02    2.5479599230e-07
    2.8299799189e-02    2.5252700198e-07
    2.8399499133e-02    2.5026099593e-07
    2.8499299660e-02    2.4794999831e-07
    2.8599100187e-02    2.4556601375e-07
    2.8698800132e-02    2.4309400715e-07
    2.8799800202e-02    2.4049001013e-07
    2.8899500147e-02    2.3781400671e-07
    2.8999300674e-02    2.3504600222e-07
    2.9099000618e-02    2.3220400180e-07
    2.9198799282e-02    2.2928999499e-07
    2.9299799353e-02    2.2626299767e-07
    2.9399499297e-02    2.2319500204e-07
    2.9499299824e-02    2.2005700373e-07
    2.9598999768e-02    2.1686800267e-07
    2.9699999839e-02    2.1358499680e-07
    2.9799500480e-02    2.1028100150e-07
    2.9899500310e-02    2.0691500424e-07
    2.9999600723e-02    2.0352399588e-07
