       301
    0.0000000000e+00    0.0000000000e+00
    9.9796299764e-05    0.0000000000e+00
    1.9904400688e-04    2.1549799445e-10
    2.9883999377e-04    4.7191002217e-09
    3.9985298645e-04    1.0846900267e-08
    4.9964699429e-04    1.6867499397e-08
    5.9944001259e-04    2.2714500503e-08
    6.9923099363e-04    2.8364700810e-08
    7.9902197467e-04    3.3776398567e-08
    8.9881097665e-04    3.8957399084e-08
    9.9981704261e-04    4.4069700778e-08
    1.0995999910e-03    4.9042100159e-08
    1.1993800290e-03    5.3999201555e-08
    1.2991500553e-03    5.8840900152e-08
    1.3989099534e-03    6.3502703540e-08
    1.4998900006e-03    6.8011601684e-08
    1.5996400034e-03    7.2274403351e-08
    1.6993900063e-03    7.6321299503e-08
    1.7991500208e-03    8.0202497088e-08
    1.8989000237e-03    8.3897802483e-08
    1.9998599309e-03    8.7402099780e-08
    2.0995999221e-03    9.0699401767e-08
    2.1993198898e-03    9.3827402736e-08
    2.2990300786e-03    9.6729799282e-08
    2.3999600671e-03    9.9455498059e-08
    2.4996600114e-03    1.0197300071e-07
    2.5993599556e-03    1.0426099806e-07
    2.6990401093e-03    1.0631899983e-07
    2.7999400627e-03    1.0822800078e-07
    2.8996199835e-03    1.1001500155e-07
    2.9995299410e-03    1.1162600089e-07
    3.0992000829e-03    1.1291899682e-07
    3.1995701138e-03    1.1405600020e-07
    3.2989298925e-03    1.1516500109e-07
    3.3990000375e-03    1.1621799700e-07
    3.4992299043e-03    1.1718100268e-07
    3.5994900391e-03    1.1807799893e-07
    3.6991399247e-03    1.1894699981e-07
    3.7988000549e-03    1.1977499526e-07
    3.8990399335e-03    1.2050900011e-07
    3.9989501238e-03    1.2113200398e-07
    4.0998598561e-03    1.2177099507e-07
    4.1998699307e-03    1.2245300240e-07
    4.2999498546e-03    1.2322099963e-07
    4.3994700536e-03    1.2416400352e-07
    4.4998601079e-03    1.2541200078e-07
    4.5997798443e-03    1.2707900510e-07
    4.6998099424e-03    1.2922200199e-07
    4.7999802046e-03    1.3182500425e-07
    4.8988298513e-03    1.3487699846e-07
    4.9999300390e-03    1.3846299396e-07
    5.0996299833e-03    1.4238699464e-07
    5.1989001222e-03    1.4660800218e-07
    5.2991001867e-03    1.5105099749e-07
    5.3996802308e-03    1.5554699928e-07
    5.4994598031e-03    1.5994399405e-07
    5.5996798910e-03    1.6423800275e-07
    5.6989500299e-03    1.6838899342e-07
    5.7990797795e-03    1.7246100015e-07
    5.8993799612e-03    1.7637300687e-07
    5.9988400899e-03    1.8006700486e-07
    6.0993097723e-03    1.8362399601e-07
    6.1997598968e-03    1.8700100668e-07
    6.2993299216e-03    1.9006199636e-07
    6.3995099626e-03    1.9258699524e-07
    6.4997998998e-03    1.9427800169e-07
    6.5998099744e-03    1.9518999750e-07
    6.6993101500e-03    1.9574299870e-07
    6.7994398996e-03    1.9533200657e-07
    6.8993298337e-03    1.9345999647e-07
    6.9996700622e-03    1.9056599854e-07
    7.0990598761e-03    1.8655799749e-07
    7.1994098835e-03    1.8111799704e-07
    7.2998502292e-03    1.7708499911e-07
    7.3997499421e-03    1.7525100304e-07
    7.4998298660e-03    1.7198699709e-07
    7.5995400548e-03    1.6647599921e-07
    7.6990402304e-03    1.6233799727e-07
    7.7999602072e-03    1.6071200548e-07
    7.8996699303e-03    1.5928000607e-07
    7.9996399581e-03    1.5761000327e-07
    8.0990400165e-03    1.5480300419e-07
    8.1995800138e-03    1.5092000183e-07
    8.2996003330e-03    1.4660899694e-07
    8.3998497576e-03    1.4190999309e-07
    8.4999296814e-03    1.3759000694e-07
    8.5993502289e-03    1.3368999419e-07
    8.6998501793e-03    1.2991600329e-07
    8.7996600196e-03    1.2687699780e-07
    8.8993897662e-03    1.2448799680e-07
    8.9999595657e-03    1.2208199962e-07
    9.0991398320e-03    1.1967800617e-07
    9.1992197558e-03    1.1774800157e-07
    9.2996703461e-03    1.1624499763e-07
    9.3999402598e-03    1.1468799954e-07
    9.4997603446e-03    1.1303200154e-07
    9.5999697223e-03    1.1142400069e-07
    9.6994796768e-03    1.0984700083e-07
    9.7993202507e-03    1.0780100013e-07
    9.8995296285e-03    1.0504100345e-07
    9.9999597296e-03    1.0223300251e-07
    1.0099500418e-02    9.9811302334e-08
    1.0199200362e-02    9.7623498618e-08
    1.0299299844e-02    9.5431602176e-08
    1.0399499908e-02    9.3241901311e-08
    1.0499199852e-02    9.1330896623e-08
    1.0599699803e-02    8.9628500177e-08
    1.0699300095e-02    8.8054598280e-08
    1.0799500160e-02    8.6832599777e-08
    1.0899599642e-02    8.6207599281e-08
    1.0999900289e-02    8.6150897971e-08
    1.1099799536e-02    8.6523002096e-08
    1.1199999601e-02    8.7370999324e-08
    1.1299399659e-02    8.8667398757e-08
    1.1399799958e-02    9.0299700162e-08
    1.1499599554e-02    9.2000099983e-08
    1.1599300429e-02    9.3519503253e-08
    1.1699499562e-02    9.4833801256e-08
    1.1799800210e-02    9.6141903327e-08
    1.1899899691e-02    9.7554398337e-08
    1.1999400333e-02    9.8956697059e-08
    1.2099999934e-02    1.0034700182e-07
    1.2199699879e-02    1.0175399723e-07
    1.2299899943e-02    1.0318100152e-07
    1.2399399653e-02    1.0446500198e-07
    1.2499400415e-02    1.0562200004e-07
    1.2599200010e-02    1.0676600226e-07
    1.2699499726e-02    1.0791399774e-07
    1.2799800374e-02    1.0894299862e-07
    1.2899500318e-02    1.0983200127e-07
    1.3000000268e-02    1.1064599903e-07
    1.3099499978e-02    1.1140799927e-07
    1.3199499808e-02    1.1209200323e-07
    1.3299300335e-02    1.1265399991e-07
    1.3399500400e-02    1.1315400172e-07
    1.3499700464e-02    1.1363199803e-07
    1.3599899597e-02    1.1406800127e-07
    1.3699499890e-02    1.1441900227e-07
    1.3799699955e-02    1.1464499750e-07
    1.3899900019e-02    1.1475400186e-07
    1.3999399729e-02    1.1481900231e-07
    1.4099500142e-02    1.1488700125e-07
    1.4199599624e-02    1.1492100072e-07
    1.4299900271e-02    1.1495099983e-07
    1.4399600215e-02    1.1498399743e-07
    1.4499500394e-02    1.1495699681e-07
    1.4599800110e-02    1.1473999706e-07
    1.4699599706e-02    1.1444600290e-07
    1.4799499884e-02    1.1429399649e-07
    1.4899999835e-02    1.1419599844e-07
    1.4999100007e-02    1.1397700206e-07
    1.5100000426e-02    1.1353200335e-07
    1.5199299902e-02    1.1280599921e-07
    1.5299499966e-02    1.1177699832e-07
    1.5399400145e-02    1.1050200044e-07
    1.5499999747e-02    1.0902800085e-07
    1.5599199571e-02    1.0745600321e-07
    1.5699699521e-02    1.0571900333e-07
    1.5799300745e-02    1.0380500015e-07
    1.5899600461e-02    1.0168899678e-07
    1.5999600291e-02    9.9471698434e-08
    1.6099199653e-02    9.7306703140e-08
    1.6199899837e-02    9.5277201240e-08
    1.6299400479e-02    9.3488097264e-08
    1.6399299726e-02    9.1970498772e-08
    1.6499500722e-02    9.0712902079e-08
    1.6599100083e-02    8.9632102629e-08
    1.6699900851e-02    8.8649798613e-08
    1.6799900681e-02    8.7758898815e-08
    1.6899500042e-02    8.6951303047e-08
    1.6999099404e-02    8.6222797790e-08
    1.7099399120e-02    8.5528299110e-08
    1.7199300230e-02    8.4797896704e-08
    1.7299899831e-02    8.3950602914e-08
    1.7399700359e-02    8.2973599547e-08
    1.7499599606e-02    8.1911203154e-08
    1.7599100247e-02    8.0824499094e-08
    1.7698800191e-02    7.9745099413e-08
    1.7799699679e-02    7.8681701154e-08
    1.7899399623e-02    7.7664900289e-08
    1.7999699339e-02    7.6666701432e-08
    1.8099600449e-02    7.5695297141e-08
    1.8200000748e-02    7.4819801910e-08
    1.8299600109e-02    7.4106800696e-08
    1.8399000168e-02    7.3503898079e-08
    1.8500000238e-02    7.2911596760e-08
    1.8599700183e-02    7.2227699377e-08
    1.8699400127e-02    7.1333296603e-08
    1.8799200654e-02    7.0262601071e-08
    1.8898900598e-02    6.8967302980e-08
    1.8999900669e-02    6.7399298587e-08
    1.9099600613e-02    6.5615303413e-08
    1.9199300557e-02    6.3624497670e-08
    1.9299000502e-02    6.1435997623e-08
    1.9400000572e-02    5.9023101073e-08
    1.9499700516e-02    5.6543200344e-08
    1.9599400461e-02    5.4044701159e-08
    1.9699199125e-02    5.1451401362e-08
    1.9798899069e-02    4.8716199075e-08
    1.9899800420e-02    4.5869299470e-08
    1.9999599084e-02    4.3075100820e-08
    2.0099300891e-02    4.0293098635e-08
    2.0199000835e-02    3.7494199745e-08
    2.0300000906e-02    3.4601800536e-08
    2.0399700850e-02    3.1662001021e-08
    2.0499400795e-02    2.8616300440e-08
    2.0599199459e-02    2.5464199638e-08
    2.0698899403e-02    2.2266799959e-08
    2.0799800754e-02    1.9002300178e-08
    2.0899599418e-02    1.5715400536e-08
    2.0999299362e-02    1.2321899945e-08
    2.1099099889e-02    8.8243998775e-09
    2.1198799834e-02    5.2678599261e-09
    2.1299799904e-02    1.6410000026e-09
    2.1399600431e-02    0.0000000000e+00
    2.1499300376e-02    0.0000000000e+00
    2.1599100903e-02    0.0000000000e+00
    2.1698800847e-02    0.0000000000e+00
    2.1799800918e-02    0.0000000000e+00
    2.1899599582e-02    0.0000000000e+00
    2.1999299526e-02    0.0000000000e+00
    2.2099100053e-02    0.0000000000e+00
    2.2198799998e-02    0.0000000000e+00
    2.2299800068e-02    0.0000000000e+00
    2.2399600595e-02    0.0000000000e+00
    2.2499300539e-02    0.0000000000e+00
    2.2599099204e-02    0.0000000000e+00
    2.2698799148e-02    0.0000000000e+00
    2.2799799219e-02    0.0000000000e+00
    2.2899599746e-02    0.0000000000e+00
    2.2999299690e-02    0.0000000000e+00
    2.3099100217e-02    0.0000000000e+00
    2.3199899122e-02    0.0000000000e+00
    2.3299399763e-02    0.0000000000e+00
    2.3399500176e-02    0.0000000000e+00
    2.3499799892e-02    0.0000000000e+00
    2.3599900305e-02    0.0000000000e+00
    2.3699900135e-02    0.0000000000e+00
    2.3799199611e-02    0.0000000000e+00
    2.3899499327e-02    0.0000000000e+00
    2.3999299854e-02    0.0000000000e+00
    2.4100000039e-02    0.0000000000e+00
    2.4199899286e-02    0.0000000000e+00
    2.4299399927e-02    0.0000000000e+00
    2.4399900809e-02    0.0000000000e+00
    2.4499600753e-02    0.0000000000e+00
    2.4599399418e-02    0.0000000000e+00
    2.4699099362e-02    0.0000000000e+00
    2.4798799306e-02    0.0000000000e+00
    2.4899799377e-02    0.0000000000e+00
    2.4999599904e-02    0.0000000000e+00
    2.5099299848e-02    0.0000000000e+00
    2.5198999792e-02    0.0000000000e+00
    2.5298800319e-02    0.0000000000e+00
    2.5399699807e-02    0.0000000000e+00
    2.5499500334e-02    0.0000000000e+00
    2.5599200279e-02    0.0000000000e+00
    2.5699000806e-02    0.0000000000e+00
    2.5799900293e-02    0.0000000000e+00
    2.5899700820e-02    0.0000000000e+00
    2.5999400765e-02    0.0000000000e+00
    2.6099199429e-02    0.0000000000e+00
    2.6198899373e-02    0.0000000000e+00
    2.6299899444e-02    0.0000000000e+00
    2.6399699971e-02    0.0000000000e+00
    2.6499399915e-02    0.0000000000e+00
    2.6599099860e-02    0.0000000000e+00
    2.6698900387e-02    0.0000000000e+00
    2.6799900457e-02    0.0000000000e+00
    2.6899600402e-02    0.0000000000e+00
    2.6999400929e-02    0.0000000000e+00
    2.7099100873e-02    0.0000000000e+00
    2.7198899537e-02    0.0000000000e+00
    2.7299800888e-02    0.0000000000e+00
    2.7399599552e-02    0.0000000000e+00
    2.7499299496e-02    0.0000000000e+00
    2.7599100024e-02    0.0000000000e+00
    2.7698799968e-02    0.0000000000e+00
    2.7799800038e-02    0.0000000000e+00
    2.7899600565e-02    0.0000000000e+00
    2.7999300510e-02    0.0000000000e+00
    2.8099099174e-02    0.0000000000e+00
    2.8198799118e-02    0.0000000000e+00
    2.8299799189e-02    0.0000000000e+00
    2.8399499133e-02    0.0000000000e+00
    2.8499299660e-02    0.0000000000e+00
    2.8599100187e-02    0.0000000000e+00
    2.8698800132e-02    0.0000000000e+00
    2.8799800202e-02    0.0000000000e+00
    2.8899500147e-02    0.0000000000e+00
    2.8999300674e-02    0.0000000000e+00
    2.9099000618e-02    0.0000000000e+00
    2.9198799282e-02    0.0000000000e+00
    2.9299799353e-02    0.0000000000e+00
    2.9399499297e-02    0.0000000000e+00
    2.9499299824e-02    0.0000000000e+00
    2.9598999768e-02    0.0000000000e+00
    2.9699999839e-02    0.0000000000e+00
    2.9799500480e-02    0.0000000000e+00
    2.9899500310e-02    0.0000000000e+00
    2.9999600723e-02    0.0000000000e+00
