       301
    0.0000000000e+00    0.0000000000e+00
    9.9796299764e-05    0.0000000000e+00
    1.9904400688e-04    1.0905299774e-08
    2.9883999377e-04    2.8135600516e-08
    3.9985298645e-04    4.6020801392e-08
    4.9964699429e-04    6.3605199330e-08
    5.9944001259e-04    8.1104900573e-08
    6.9923099363e-04    9.8478096788e-08
    7.9902197467e-04    1.1573899883e-07
    8.9881097665e-04    1.3308699920e-07
    9.9981704261e-04    1.5070699533e-07
    1.0995999910e-03    1.6818700033e-07
    1.1993800290e-03    1.8590300499e-07
    1.2991500553e-03    2.0390399413e-07
    1.3989099534e-03    2.2207299821e-07
    1.4998900006e-03    2.4082999062e-07
    1.5996400034e-03    2.5967298711e-07
    1.6993900063e-03    2.7898801136e-07
    1.7991500208e-03    2.9880499142e-07
    1.8989000237e-03    3.1908999176e-07
    1.9998599309e-03    3.4008701277e-07
    2.0995999221e-03    3.6126701275e-07
    2.1993198898e-03    3.8266199454e-07
    2.2990300786e-03    4.0400701096e-07
    2.3999600671e-03    4.2524700916e-07
    2.4996600114e-03    4.4565200596e-07
    2.5993599556e-03    4.6543999588e-07
    2.6990401093e-03    4.8447901690e-07
    2.7999400627e-03    5.0280999631e-07
    2.8996199835e-03    5.1991497685e-07
    2.9995299410e-03    5.3610000350e-07
    3.0992000829e-03    5.5131101817e-07
    3.1995701138e-03    5.6572497442e-07
    3.2989298925e-03    5.7918197172e-07
    3.3990000375e-03    5.9212499082e-07
    3.4992299043e-03    6.0469398022e-07
    3.5994900391e-03    6.1694902342e-07
    3.6991399247e-03    6.2884100771e-07
    3.7988000549e-03    6.4055200255e-07
    3.8990399335e-03    6.5238998559e-07
    3.9989501238e-03    6.6457101866e-07
    4.0998598561e-03    6.7746202603e-07
    4.1998699307e-03    6.9106101819e-07
    4.2999498546e-03    7.0569097943e-07
    4.3994700536e-03    7.2132701234e-07
    4.4998601079e-03    7.3808098477e-07
    4.5997798443e-03    7.5549201028e-07
    4.6998099424e-03    7.7335397464e-07
    4.7999802046e-03    7.9136697195e-07
    4.8988298513e-03    8.0871001273e-07
    4.9999300390e-03    8.2541998836e-07
    5.0996299833e-03    8.4052499005e-07
    5.1989001222e-03    8.5405298478e-07
    5.2991001867e-03    8.6621298578e-07
    5.3996802308e-03    8.7711600827e-07
    5.4994598031e-03    8.8697902356e-07
    5.5996798910e-03    8.9637097744e-07
    5.6989500299e-03    9.0561798061e-07
    5.7990797795e-03    9.1527397217e-07
    5.8993799612e-03    9.2564300758e-07
    5.9988400899e-03    9.3679898328e-07
    6.0993097723e-03    9.4891197477e-07
    6.1997598968e-03    9.6174994724e-07
    6.2993299216e-03    9.7508200270e-07
    6.3995099626e-03    9.8825705663e-07
    6.4997998998e-03    9.9847102319e-07
    6.5998099744e-03    9.7371197510e+02
    6.6993101500e-03    6.8355700684e+02
    6.7994398996e-03    1.9659100342e+02
    6.8993298337e-03    9.9916303498e-07
    6.9996700622e-03    9.9752298865e-07
    7.0990598761e-03    9.9591795788e-07
    7.1994098835e-03    9.9460601177e-07
    7.2998502292e-03    9.9332100945e-07
    7.3997499421e-03    9.9164594758e-07
    7.4998298660e-03    9.8965301731e-07
    7.5995400548e-03    9.8766395240e-07
    7.6990402304e-03    9.8606301435e-07
    7.7999602072e-03    9.8472696664e-07
    7.8996699303e-03    9.8417604022e-07
    7.9996399581e-03    9.8371094737e-07
    8.0990400165e-03    9.8298903595e-07
    8.1995800138e-03    9.8179202723e-07
    8.2996003330e-03    9.8076100130e-07
    8.3998497576e-03    9.8028203865e-07
    8.4999296814e-03    9.8044495189e-07
    8.5993502289e-03    9.8091800282e-07
    8.6998501793e-03    9.8093903489e-07
    8.7996600196e-03    9.8056295883e-07
    8.8993897662e-03    9.8035502560e-07
    8.9999595657e-03    9.7989095593e-07
    9.0991398320e-03    9.7923395970e-07
    9.1992197558e-03    9.7856400316e-07
    9.2996703461e-03    9.7802501386e-07
    9.3999402598e-03    9.7723000181e-07
    9.4997603446e-03    9.7595795978e-07
    9.5999697223e-03    9.7467204796e-07
    9.6994796768e-03    9.7407496469e-07
    9.7993202507e-03    9.7384599940e-07
    9.8995296285e-03    9.7355496109e-07
    9.9999597296e-03    9.7325994375e-07
    1.0099500418e-02    9.7310100955e-07
    1.0199200362e-02    9.7301699498e-07
    1.0299299844e-02    9.7289398582e-07
    1.0399499908e-02    9.7274005384e-07
    1.0499199852e-02    9.7274403288e-07
    1.0599699803e-02    9.7297504453e-07
    1.0699300095e-02    9.7324596027e-07
    1.0799500160e-02    9.7343502148e-07
    1.0899599642e-02    9.7350095984e-07
    1.0999900289e-02    9.7355803064e-07
    1.1099799536e-02    9.7354302397e-07
    1.1199999601e-02    9.7342694971e-07
    1.1299399659e-02    9.7323197679e-07
    1.1399799958e-02    9.7300403468e-07
    1.1499599554e-02    9.7286704204e-07
    1.1599300429e-02    9.7281895250e-07
    1.1699499562e-02    9.7281099443e-07
    1.1799800210e-02    9.7273004940e-07
    1.1899899691e-02    9.7249403552e-07
    1.1999400333e-02    9.7207305316e-07
    1.2099999934e-02    9.7148904388e-07
    1.2199699879e-02    9.7081897366e-07
    1.2299899943e-02    9.7009001365e-07
    1.2399399653e-02    9.6932694760e-07
    1.2499400415e-02    9.6861197108e-07
    1.2599200010e-02    9.6802205007e-07
    1.2699499726e-02    9.6754797596e-07
    1.2799800374e-02    9.6725204912e-07
    1.2899500318e-02    9.6706696695e-07
    1.3000000268e-02    9.6696896890e-07
    1.3099499978e-02    9.6687904261e-07
    1.3199499808e-02    9.6672101790e-07
    1.3299300335e-02    9.6651001513e-07
    1.3399500400e-02    9.6629401014e-07
    1.3499700464e-02    9.6619896794e-07
    1.3599899597e-02    9.6621704415e-07
    1.3699499890e-02    9.6628696156e-07
    1.3799699955e-02    9.6637597835e-07
    1.3899900019e-02    9.6645203485e-07
    1.3999399729e-02    9.6656401638e-07
    1.4099500142e-02    9.6672397376e-07
    1.4199599624e-02    9.6700102858e-07
    1.4299900271e-02    9.6731503163e-07
    1.4399600215e-02    9.6754195056e-07
    1.4499500394e-02    9.6765404578e-07
    1.4599800110e-02    9.6774897429e-07
    1.4699599706e-02    9.6785799997e-07
    1.4799499884e-02    9.6792302884e-07
    1.4899999835e-02    9.6792905424e-07
    1.4999100007e-02    9.6791404758e-07
    1.5100000426e-02    9.6787505299e-07
    1.5199299902e-02    9.6784003745e-07
    1.5299499966e-02    9.6781104730e-07
    1.5399400145e-02    9.6777102954e-07
    1.5499999747e-02    9.6771600511e-07
    1.5599199571e-02    9.6767701052e-07
    1.5699699521e-02    9.6761800705e-07
    1.5799300745e-02    9.6749602108e-07
    1.5899600461e-02    9.6726000720e-07
    1.5999600291e-02    9.6690996543e-07
    1.6099199653e-02    9.6649398529e-07
    1.6199899837e-02    9.6605094768e-07
    1.6299400479e-02    9.6559404028e-07
    1.6399299726e-02    9.6506994396e-07
    1.6499500722e-02    9.6442795439e-07
    1.6599100083e-02    9.6369797120e-07
    1.6699900851e-02    9.6290705187e-07
    1.6799900681e-02    9.6212204426e-07
    1.6899500042e-02    9.6137898709e-07
    1.6999099404e-02    9.6070300515e-07
    1.7099399120e-02    9.6004600891e-07
    1.7199300230e-02    9.5930204225e-07
    1.7299899831e-02    9.5837503977e-07
    1.7399700359e-02    9.5724794846e-07
    1.7499599606e-02    9.5593600236e-07
    1.7599100247e-02    9.5452196547e-07
    1.7698800191e-02    9.5307098036e-07
    1.7799699679e-02    9.5164597269e-07
    1.7899399623e-02    9.5030202374e-07
    1.7999699339e-02    9.4891402114e-07
    1.8099600449e-02    9.4738402368e-07
    1.8200000748e-02    9.4563199582e-07
    1.8299600109e-02    9.4369602266e-07
    1.8399000168e-02    9.4165301334e-07
    1.8500000238e-02    9.3952297675e-07
    1.8599700183e-02    9.3738498208e-07
    1.8699400127e-02    9.3521697409e-07
    1.8799200654e-02    9.3301702009e-07
    1.8898900598e-02    9.3081501973e-07
    1.8999900669e-02    9.2861699841e-07
    1.9099600613e-02    9.2648201644e-07
    1.9199300557e-02    9.2440302524e-07
    1.9299000502e-02    9.2236598448e-07
    1.9400000572e-02    9.2034201771e-07
    1.9499700516e-02    9.1833999250e-07
    1.9599400461e-02    9.1634700539e-07
    1.9699199125e-02    9.1439602556e-07
    1.9798899069e-02    9.1251297363e-07
    1.9899800420e-02    9.1069597374e-07
    1.9999599084e-02    9.0897299287e-07
    2.0099300891e-02    9.0725302471e-07
    2.0199000835e-02    9.0545700004e-07
    2.0300000906e-02    9.0354399163e-07
    2.0399700850e-02    9.0159500132e-07
    2.0499400795e-02    8.9962497896e-07
    2.0599199459e-02    8.9766302835e-07
    2.0698899403e-02    8.9568800377e-07
    2.0799800754e-02    8.9365101985e-07
    2.0899599418e-02    8.9159198069e-07
    2.0999299362e-02    8.8949298060e-07
    2.1099099889e-02    8.8737800752e-07
    2.1198799834e-02    8.8527599473e-07
    2.1299799904e-02    8.8314601498e-07
    2.1399600431e-02    8.8099000095e-07
    2.1499300376e-02    8.7873002030e-07
    2.1599100903e-02    8.7635197588e-07
    2.1698800847e-02    8.7389901182e-07
    2.1799800918e-02    8.7140801952e-07
    2.1899599582e-02    8.6897398432e-07
    2.1999299526e-02    8.6658599230e-07
    2.2099100053e-02    8.6424302026e-07
    2.2198799998e-02    8.6192602566e-07
    2.2299800068e-02    8.5957600504e-07
    2.2399600595e-02    8.5721899268e-07
    2.2499300539e-02    8.5482702161e-07
    2.2599099204e-02    8.5242299974e-07
    2.2698799148e-02    8.5004000994e-07
    2.2799799219e-02    8.4767299313e-07
    2.2899599746e-02    8.4538197598e-07
    2.2999299690e-02    8.4311699311e-07
    2.3099100217e-02    8.4085797880e-07
    2.3199899122e-02    8.3856997435e-07
    2.3299399763e-02    8.3630800418e-07
    2.3399500176e-02    8.3401698703e-07
    2.3499799892e-02    8.3165002707e-07
    2.3599900305e-02    8.2916699284e-07
    2.3699900135e-02    8.2657197709e-07
    2.3799199611e-02    8.2393501089e-07
    2.3899499327e-02    8.2125200151e-07
    2.3999299854e-02    8.1860599721e-07
    2.4100000039e-02    8.1593202594e-07
    2.4199899286e-02    8.1325697465e-07
    2.4299399927e-02    8.1053798340e-07
    2.4399900809e-02    8.0766898236e-07
    2.4499600753e-02    8.0468197439e-07
    2.4599399418e-02    8.0157798266e-07
    2.4699099362e-02    7.9838599731e-07
    2.4798799306e-02    7.9511897866e-07
    2.4899799377e-02    7.9176800227e-07
    2.4999599904e-02    7.8845499729e-07
    2.5099299848e-02    7.8516598023e-07
    2.5198999792e-02    7.8193198760e-07
    2.5298800319e-02    7.7877302829e-07
    2.5399699807e-02    7.7565698575e-07
    2.5499500334e-02    7.7265201526e-07
    2.5599200279e-02    7.6971400631e-07
    2.5699000806e-02    7.6684301575e-07
    2.5799900293e-02    7.6399999216e-07
    2.5899700820e-02    7.6120500125e-07
    2.5999400765e-02    7.5842899605e-07
    2.6099199429e-02    7.5570699209e-07
    2.6198899373e-02    7.5307400493e-07
    2.6299899444e-02    7.5051201520e-07
    2.6399699971e-02    7.4806297334e-07
    2.6499399915e-02    7.4566497688e-07
    2.6599099860e-02    7.4331200040e-07
    2.6698900387e-02    7.4101598102e-07
    2.6799900457e-02    7.3877697560e-07
    2.6899600402e-02    7.3667001743e-07
    2.6999400929e-02    7.3466600270e-07
    2.7099100873e-02    7.3275498380e-07
    2.7198899537e-02    7.3092598996e-07
    2.7299800888e-02    7.2915798910e-07
    2.7399599552e-02    7.2747900504e-07
    2.7499299496e-02    7.2582702160e-07
    2.7599100024e-02    7.2416298735e-07
    2.7698799968e-02    7.2247001981e-07
    2.7799800038e-02    7.2072697321e-07
    2.7899600565e-02    7.1898699616e-07
    2.7999300510e-02    7.1725901307e-07
    2.8099099174e-02    7.1557900583e-07
    2.8198799118e-02    7.1399699664e-07
    2.8299799189e-02    7.1251702138e-07
    2.8399499133e-02    7.1117000289e-07
    2.8499299660e-02    7.0990802215e-07
    2.8599100187e-02    7.0868497914e-07
    2.8698800132e-02    7.0744999903e-07
    2.8799800202e-02    7.0616800940e-07
    2.8899500147e-02    7.0488397341e-07
    2.8999300674e-02    7.0362000315e-07
    2.9099000618e-02    7.0240298555e-07
    2.9198799282e-02    7.0124201557e-07
    2.9299799353e-02    7.0013101094e-07
    2.9399499297e-02    6.9910998945e-07
    2.9499299824e-02    6.9818401016e-07
    2.9598999768e-02    6.9738098318e-07
    2.9699999839e-02    6.9669101777e-07
    2.9799500480e-02    6.9610700848e-07
    2.9899500310e-02    6.9560002203e-07
    2.9999600723e-02    6.9514300094e-07
