       301
    0.0000000000e+00    0.0000000000e+00
    9.9796299764e-05    0.0000000000e+00
    1.9904400688e-04    1.1562600136e+01
    2.9883999377e-04    1.1562600136e+01
    3.9985298645e-04    1.1562600136e+01
    4.9964699429e-04    1.1562600136e+01
    5.9944001259e-04    1.1562500000e+01
    6.9923099363e-04    1.1562500000e+01
    7.9902197467e-04    1.1562500000e+01
    8.9881097665e-04    1.1562500000e+01
    9.9981704261e-04    1.1562399864e+01
    1.0995999910e-03    1.1562399864e+01
    1.1993800290e-03    1.1562299728e+01
    1.2991500553e-03    1.1562299728e+01
    1.3989099534e-03    1.1562199593e+01
    1.4998900006e-03    1.1562100410e+01
    1.5996400034e-03    1.1562100410e+01
    1.6993900063e-03    1.1562000275e+01
    1.7991500208e-03    1.1561800003e+01
    1.8989000237e-03    1.1561699867e+01
    1.9998599309e-03    1.1561599731e+01
    2.0995999221e-03    1.1561400414e+01
    2.1993198898e-03    1.1561300278e+01
    2.2990300786e-03    1.1561100006e+01
    2.3999600671e-03    1.1560899734e+01
    2.4996600114e-03    1.1560600281e+01
    2.5993599556e-03    1.1560299873e+01
    2.6990401093e-03    1.1560000420e+01
    2.7999400627e-03    1.1559700012e+01
    2.8996199835e-03    1.1559399605e+01
    2.9995299410e-03    1.1559000015e+01
    3.0992000829e-03    1.1558500290e+01
    3.1995701138e-03    1.1558099747e+01
    3.2989298925e-03    1.1557499886e+01
    3.3990000375e-03    1.1557000160e+01
    3.4992299043e-03    1.1556400299e+01
    3.5994900391e-03    1.1555700302e+01
    3.6991399247e-03    1.1555000305e+01
    3.7988000549e-03    1.1554300308e+01
    3.8990399335e-03    1.1553400040e+01
    3.9989501238e-03    1.1552599907e+01
    4.0998598561e-03    1.1551600456e+01
    4.1998699307e-03    1.1550700188e+01
    4.2999498546e-03    1.1549699783e+01
    4.3994700536e-03    0.0000000000e+00
    4.4998601079e-03    0.0000000000e+00
    4.5997798443e-03    0.0000000000e+00
    4.6998099424e-03    0.0000000000e+00
    4.7999802046e-03    0.0000000000e+00
    4.8988298513e-03    0.0000000000e+00
    4.9999300390e-03    0.0000000000e+00
    5.0996299833e-03    0.0000000000e+00
    5.1989001222e-03    0.0000000000e+00
    5.2991001867e-03    0.0000000000e+00
    5.3996802308e-03    0.0000000000e+00
    5.4994598031e-03    0.0000000000e+00
    5.5996798910e-03    0.0000000000e+00
    5.6989500299e-03    0.0000000000e+00
    5.7990797795e-03    0.0000000000e+00
    5.8993799612e-03    0.0000000000e+00
    5.9988400899e-03    0.0000000000e+00
    6.0993097723e-03    0.0000000000e+00
    6.1997598968e-03    0.0000000000e+00
    6.2993299216e-03    0.0000000000e+00
    6.3995099626e-03    0.0000000000e+00
    6.4997998998e-03    0.0000000000e+00
    6.5998099744e-03    0.0000000000e+00
    6.6993101500e-03    0.0000000000e+00
    6.7994398996e-03    0.0000000000e+00
    6.8993298337e-03    0.0000000000e+00
    6.9996700622e-03    0.0000000000e+00
    7.0990598761e-03    0.0000000000e+00
    7.1994098835e-03    0.0000000000e+00
    7.2998502292e-03    0.0000000000e+00
    7.3997499421e-03    0.0000000000e+00
    7.4998298660e-03    0.0000000000e+00
    7.5995400548e-03    0.0000000000e+00
    7.6990402304e-03    0.0000000000e+00
    7.7999602072e-03    0.0000000000e+00
    7.8996699303e-03    0.0000000000e+00
    7.9996399581e-03    0.0000000000e+00
    8.0990400165e-03    0.0000000000e+00
    8.1995800138e-03    0.0000000000e+00
    8.2996003330e-03    0.0000000000e+00
    8.3998497576e-03    1.1448599815e+01
    8.4999296814e-03    1.1447500229e+01
    8.5993502289e-03    1.1446200371e+01
    8.6998501793e-03    0.0000000000e+00
    8.7996600196e-03    0.0000000000e+00
    8.8993897662e-03    0.0000000000e+00
    8.9999595657e-03    0.0000000000e+00
    9.0991398320e-03    0.0000000000e+00
    9.1992197558e-03    0.0000000000e+00
    9.2996703461e-03    0.0000000000e+00
    9.3999402598e-03    0.0000000000e+00
    9.4997603446e-03    0.0000000000e+00
    9.5999697223e-03    0.0000000000e+00
    9.6994796768e-03    0.0000000000e+00
    9.7993202507e-03    0.0000000000e+00
    9.8995296285e-03    0.0000000000e+00
    9.9999597296e-03    0.0000000000e+00
    1.0099500418e-02    0.0000000000e+00
    1.0199200362e-02    0.0000000000e+00
    1.0299299844e-02    0.0000000000e+00
    1.0399499908e-02    0.0000000000e+00
    1.0499199852e-02    0.0000000000e+00
    1.0599699803e-02    0.0000000000e+00
    1.0699300095e-02    0.0000000000e+00
    1.0799500160e-02    0.0000000000e+00
    1.0899599642e-02    0.0000000000e+00
    1.0999900289e-02    0.0000000000e+00
    1.1099799536e-02    0.0000000000e+00
    1.1199999601e-02    0.0000000000e+00
    1.1299399659e-02    0.0000000000e+00
    1.1399799958e-02    0.0000000000e+00
    1.1499599554e-02    0.0000000000e+00
    1.1599300429e-02    0.0000000000e+00
    1.1699499562e-02    0.0000000000e+00
    1.1799800210e-02    1.1417200089e+01
    1.1899899691e-02    1.1418199539e+01
    1.1999400333e-02    1.1419300079e+01
    1.2099999934e-02    1.1420599937e+01
    1.2199699879e-02    1.1421899796e+01
    1.2299899943e-02    1.1423299789e+01
    1.2399399653e-02    1.1424699783e+01
    1.2499400415e-02    1.1426199913e+01
    1.2599200010e-02    1.1427700043e+01
    1.2699499726e-02    1.1429200172e+01
    1.2799800374e-02    1.1430899620e+01
    1.2899500318e-02    1.1432700157e+01
    1.3000000268e-02    1.1434599876e+01
    1.3099499978e-02    1.1436400414e+01
    1.3199499808e-02    1.1438300133e+01
    1.3299300335e-02    1.1440099716e+01
    1.3399500400e-02    1.1441900253e+01
    1.3499700464e-02    1.1443699837e+01
    1.3599899597e-02    1.1445500374e+01
    1.3699499890e-02    1.1447099686e+01
    1.3799699955e-02    1.1448699951e+01
    1.3899900019e-02    1.1450200081e+01
    1.3999399729e-02    1.1451600075e+01
    1.4099500142e-02    1.1453000069e+01
    1.4199599624e-02    1.1454400063e+01
    1.4299900271e-02    1.1455800056e+01
    1.4399600215e-02    1.1457200050e+01
    1.4499500394e-02    1.1458499908e+01
    1.4599800110e-02    1.1459899902e+01
    1.4699599706e-02    1.1461299896e+01
    1.4799499884e-02    1.1462699890e+01
    1.4899999835e-02    1.1463999748e+01
    1.4999100007e-02    1.1465299606e+01
    1.5100000426e-02    1.1466600418e+01
    1.5199299902e-02    1.1467800140e+01
    1.5299499966e-02    1.1468899727e+01
    1.5399400145e-02    1.1470100403e+01
    1.5499999747e-02    1.1471300125e+01
    1.5599199571e-02    1.1472399712e+01
    1.5699699521e-02    1.1473699570e+01
    1.5799300745e-02    1.1475000381e+01
    1.5899600461e-02    1.1476300240e+01
    1.5999600291e-02    1.1477499962e+01
    1.6099199653e-02    1.1478699684e+01
    1.6199899837e-02    1.1479900360e+01
    1.6299400479e-02    1.1480999947e+01
    1.6399299726e-02    1.1482099533e+01
    1.6499500722e-02    1.1483200073e+01
    1.6599100083e-02    0.0000000000e+00
    1.6699900851e-02    0.0000000000e+00
    1.6799900681e-02    0.0000000000e+00
    1.6899500042e-02    0.0000000000e+00
    1.6999099404e-02    0.0000000000e+00
    1.7099399120e-02    0.0000000000e+00
    1.7199300230e-02    0.0000000000e+00
    1.7299899831e-02    0.0000000000e+00
    1.7399700359e-02    0.0000000000e+00
    1.7499599606e-02    0.0000000000e+00
    1.7599100247e-02    0.0000000000e+00
    1.7698800191e-02    0.0000000000e+00
    1.7799699679e-02    0.0000000000e+00
    1.7899399623e-02    0.0000000000e+00
    1.7999699339e-02    0.0000000000e+00
    1.8099600449e-02    0.0000000000e+00
    1.8200000748e-02    0.0000000000e+00
    1.8299600109e-02    0.0000000000e+00
    1.8399000168e-02    0.0000000000e+00
    1.8500000238e-02    0.0000000000e+00
    1.8599700183e-02    0.0000000000e+00
    1.8699400127e-02    0.0000000000e+00
    1.8799200654e-02    0.0000000000e+00
    1.8898900598e-02    0.0000000000e+00
    1.8999900669e-02    0.0000000000e+00
    1.9099600613e-02    0.0000000000e+00
    1.9199300557e-02    0.0000000000e+00
    1.9299000502e-02    0.0000000000e+00
    1.9400000572e-02    0.0000000000e+00
    1.9499700516e-02    0.0000000000e+00
    1.9599400461e-02    0.0000000000e+00
    1.9699199125e-02    0.0000000000e+00
    1.9798899069e-02    0.0000000000e+00
    1.9899800420e-02    0.0000000000e+00
    1.9999599084e-02    0.0000000000e+00
    2.0099300891e-02    0.0000000000e+00
    2.0199000835e-02    0.0000000000e+00
    2.0300000906e-02    0.0000000000e+00
    2.0399700850e-02    0.0000000000e+00
    2.0499400795e-02    0.0000000000e+00
    2.0599199459e-02    0.0000000000e+00
    2.0698899403e-02    0.0000000000e+00
    2.0799800754e-02    0.0000000000e+00
    2.0899599418e-02    0.0000000000e+00
    2.0999299362e-02    0.0000000000e+00
    2.1099099889e-02    0.0000000000e+00
    2.1198799834e-02    0.0000000000e+00
    2.1299799904e-02    0.0000000000e+00
    2.1399600431e-02    0.0000000000e+00
    2.1499300376e-02    0.0000000000e+00
    2.1599100903e-02    0.0000000000e+00
    2.1698800847e-02    0.0000000000e+00
    2.1799800918e-02    0.0000000000e+00
    2.1899599582e-02    0.0000000000e+00
    2.1999299526e-02    0.0000000000e+00
    2.2099100053e-02    0.0000000000e+00
    2.2198799998e-02    0.0000000000e+00
    2.2299800068e-02    0.0000000000e+00
    2.2399600595e-02    0.0000000000e+00
    2.2499300539e-02    0.0000000000e+00
    2.2599099204e-02    0.0000000000e+00
    2.2698799148e-02    0.0000000000e+00
    2.2799799219e-02    0.0000000000e+00
    2.2899599746e-02    0.0000000000e+00
    2.2999299690e-02    0.0000000000e+00
    2.3099100217e-02    0.0000000000e+00
    2.3199899122e-02    0.0000000000e+00
    2.3299399763e-02    0.0000000000e+00
    2.3399500176e-02    0.0000000000e+00
    2.3499799892e-02    0.0000000000e+00
    2.3599900305e-02    0.0000000000e+00
    2.3699900135e-02    0.0000000000e+00
    2.3799199611e-02    0.0000000000e+00
    2.3899499327e-02    0.0000000000e+00
    2.3999299854e-02    0.0000000000e+00
    2.4100000039e-02    0.0000000000e+00
    2.4199899286e-02    0.0000000000e+00
    2.4299399927e-02    0.0000000000e+00
    2.4399900809e-02    0.0000000000e+00
    2.4499600753e-02    0.0000000000e+00
    2.4599399418e-02    0.0000000000e+00
    2.4699099362e-02    0.0000000000e+00
    2.4798799306e-02    0.0000000000e+00
    2.4899799377e-02    0.0000000000e+00
    2.4999599904e-02    0.0000000000e+00
    2.5099299848e-02    0.0000000000e+00
    2.5198999792e-02    0.0000000000e+00
    2.5298800319e-02    0.0000000000e+00
    2.5399699807e-02    0.0000000000e+00
    2.5499500334e-02    0.0000000000e+00
    2.5599200279e-02    0.0000000000e+00
    2.5699000806e-02    0.0000000000e+00
    2.5799900293e-02    0.0000000000e+00
    2.5899700820e-02    0.0000000000e+00
    2.5999400765e-02    0.0000000000e+00
    2.6099199429e-02    0.0000000000e+00
    2.6198899373e-02    0.0000000000e+00
    2.6299899444e-02    0.0000000000e+00
    2.6399699971e-02    0.0000000000e+00
    2.6499399915e-02    0.0000000000e+00
    2.6599099860e-02    0.0000000000e+00
    2.6698900387e-02    0.0000000000e+00
    2.6799900457e-02    0.0000000000e+00
    2.6899600402e-02    0.0000000000e+00
    2.6999400929e-02    0.0000000000e+00
    2.7099100873e-02    0.0000000000e+00
    2.7198899537e-02    0.0000000000e+00
    2.7299800888e-02    0.0000000000e+00
    2.7399599552e-02    0.0000000000e+00
    2.7499299496e-02    0.0000000000e+00
    2.7599100024e-02    0.0000000000e+00
    2.7698799968e-02    0.0000000000e+00
    2.7799800038e-02    0.0000000000e+00
    2.7899600565e-02    0.0000000000e+00
    2.7999300510e-02    0.0000000000e+00
    2.8099099174e-02    0.0000000000e+00
    2.8198799118e-02    0.0000000000e+00
    2.8299799189e-02    0.0000000000e+00
    2.8399499133e-02    0.0000000000e+00
    2.8499299660e-02    0.0000000000e+00
    2.8599100187e-02    0.0000000000e+00
    2.8698800132e-02    0.0000000000e+00
    2.8799800202e-02    0.0000000000e+00
    2.8899500147e-02    0.0000000000e+00
    2.8999300674e-02    0.0000000000e+00
    2.9099000618e-02    0.0000000000e+00
    2.9198799282e-02    0.0000000000e+00
    2.9299799353e-02    0.0000000000e+00
    2.9399499297e-02    0.0000000000e+00
    2.9499299824e-02    0.0000000000e+00
    2.9598999768e-02    0.0000000000e+00
    2.9699999839e-02    0.0000000000e+00
    2.9799500480e-02    0.0000000000e+00
    2.9899500310e-02    0.0000000000e+00
    2.9999600723e-02    0.0000000000e+00
