       301
    0.0000000000e+00    0.0000000000e+00
    9.9796299764e-05    0.0000000000e+00
    1.9904400688e-04    2.4191000314e-09
    2.9883999377e-04    1.0845400134e-08
    3.9985298645e-04    2.0071000861e-08
    4.9964699429e-04    2.9088399245e-08
    5.9944001259e-04    3.7971698674e-08
    6.9923099363e-04    4.6586798419e-08
    7.9902197467e-04    5.5023498646e-08
    8.9881097665e-04    6.3347499690e-08
    9.9981704261e-04    7.1681903080e-08
    1.0995999910e-03    7.9723399438e-08
    1.1993800290e-03    8.7715299912e-08
    1.2991500553e-03    9.5790298360e-08
    1.3989099534e-03    1.0376599846e-07
    1.4998900006e-03    1.1170499903e-07
    1.5996400034e-03    1.1941800437e-07
    1.6993900063e-03    1.2708800057e-07
    1.7991500208e-03    1.3468400084e-07
    1.8989000237e-03    1.4209800270e-07
    1.9998599309e-03    1.4935200454e-07
    2.0995999221e-03    1.5648599572e-07
    2.1993198898e-03    1.6358299604e-07
    2.2990300786e-03    1.7080900250e-07
    2.3999600671e-03    1.7825800569e-07
    2.4996600114e-03    1.8549499714e-07
    2.5993599556e-03    1.9275999819e-07
    2.6990401093e-03    2.0023499303e-07
    2.7999400627e-03    2.0801400069e-07
    2.8996199835e-03    2.1584399690e-07
    2.9995299410e-03    2.2377500386e-07
    3.0992000829e-03    2.3189599574e-07
    3.1995701138e-03    2.4025499101e-07
    3.2989298925e-03    2.4862998771e-07
    3.3990000375e-03    2.5726799890e-07
    3.4992299043e-03    2.6623200711e-07
    3.5994900391e-03    2.7551300263e-07
    3.6991399247e-03    2.8509398931e-07
    3.7988000549e-03    2.9502999155e-07
    3.8990399335e-03    3.0542099694e-07
    3.9989501238e-03    3.1615900298e-07
    4.0998598561e-03    3.2730500266e-07
    4.1998699307e-03    3.3854300341e-07
    4.2999498546e-03    3.4983298747e-07
    4.3994700536e-03    3.6095400446e-07
    4.4998601079e-03    3.7191799152e-07
    4.5997798443e-03    3.8246798795e-07
    4.6998099424e-03    3.9252699935e-07
    4.7999802046e-03    4.0200899321e-07
    4.8988298513e-03    4.1065399614e-07
    4.9999300390e-03    4.1873300916e-07
    5.0996299833e-03    4.2612501261e-07
    5.1989001222e-03    4.3305900022e-07
    5.2991001867e-03    4.3971098762e-07
    5.3996802308e-03    4.4615100592e-07
    5.4994598031e-03    4.5234799018e-07
    5.5996798910e-03    4.5847599495e-07
    5.6989500299e-03    4.6444199597e-07
    5.7990797795e-03    4.7019901217e-07
    5.8993799612e-03    4.7562599548e-07
    5.9988400899e-03    4.8067198577e-07
    6.0993097723e-03    4.8547298093e-07
    6.1997598968e-03    4.9007900316e-07
    6.2993299216e-03    4.9454200735e-07
    6.3995099626e-03    4.9908902611e-07
    6.4997998998e-03    5.0406498531e-07
    6.5998099744e-03    5.0977297406e-07
    6.6993101500e-03    5.1508902743e-07
    6.7994398996e-03    5.2009698948e-07
    6.8993298337e-03    5.2628200820e-07
    6.9996700622e-03    5.3119697441e-07
    7.0990598761e-03    5.3639297448e-07
    7.1994098835e-03    5.4299698604e-07
    7.2998502292e-03    5.4855399867e-07
    7.3997499421e-03    5.5260801446e-07
    7.4998298660e-03    5.5546200883e-07
    7.5995400548e-03    5.5852399328e-07
    7.6990402304e-03    5.6072201460e-07
    7.7999602072e-03    5.6270300774e-07
    7.8996699303e-03    5.6709501450e-07
    7.9996399581e-03    5.7202697690e-07
    8.0990400165e-03    5.7604597714e-07
    8.1995800138e-03    5.7933601738e-07
    8.2996003330e-03    5.8262298808e-07
    8.3998497576e-03    5.8671798797e-07
    8.4999296814e-03    5.9081799009e-07
    8.5993502289e-03    5.9429197563e-07
    8.6998501793e-03    5.9697197230e-07
    8.7996600196e-03    5.9855801737e-07
    8.8993897662e-03    5.9935700847e-07
    8.9999595657e-03    5.9946302144e-07
    9.0991398320e-03    5.9920802187e-07
    9.1992197558e-03    5.9850998468e-07
    9.2996703461e-03    5.9764198568e-07
    9.3999402598e-03    5.9716001033e-07
    9.4997603446e-03    5.9715398493e-07
    9.5999697223e-03    5.9787402051e-07
    9.6994796768e-03    5.9929499230e-07
    9.7993202507e-03    6.0152200376e-07
    9.8995296285e-03    6.0425702486e-07
    9.9999597296e-03    6.0714597794e-07
    1.0099500418e-02    6.1002697294e-07
    1.0199200362e-02    6.1277199848e-07
    1.0299299844e-02    6.1548598751e-07
    1.0399499908e-02    6.1807497787e-07
    1.0499199852e-02    6.2056801653e-07
    1.0599699803e-02    6.2283402258e-07
    1.0699300095e-02    6.2455001171e-07
    1.0799500160e-02    6.2596899397e-07
    1.0899599642e-02    6.2705100845e-07
    1.0999900289e-02    6.2775001197e-07
    1.1099799536e-02    6.2799801981e-07
    1.1199999601e-02    6.2796800648e-07
    1.1299399659e-02    6.2784897636e-07
    1.1399799958e-02    6.2741202100e-07
    1.1499599554e-02    6.2632398112e-07
    1.1599300429e-02    6.2469700879e-07
    1.1699499562e-02    6.2275501023e-07
    1.1799800210e-02    6.2077901930e-07
    1.1899899691e-02    6.1889500103e-07
    1.1999400333e-02    6.1694902342e-07
    1.2099999934e-02    6.1482001001e-07
    1.2199699879e-02    6.1251802208e-07
    1.2299899943e-02    6.1001998120e-07
    1.2399399653e-02    6.0749698605e-07
    1.2499400415e-02    6.0501599819e-07
    1.2599200010e-02    6.0278597402e-07
    1.2699499726e-02    6.0082902564e-07
    1.2799800374e-02    5.9912702000e-07
    1.2899500318e-02    5.9776300532e-07
    1.3000000268e-02    5.9667098640e-07
    1.3099499978e-02    5.9579701883e-07
    1.3199499808e-02    5.9498199789e-07
    1.3299300335e-02    5.9406397668e-07
    1.3399500400e-02    5.9291102161e-07
    1.3499700464e-02    5.9134799812e-07
    1.3599899597e-02    5.8927901136e-07
    1.3699499890e-02    5.8675101400e-07
    1.3799699955e-02    5.8381300505e-07
    1.3899900019e-02    5.8056002672e-07
    1.3999399729e-02    5.7702101230e-07
    1.4099500142e-02    5.7308000123e-07
    1.4199599624e-02    5.6888802646e-07
    1.4299900271e-02    5.6457798792e-07
    1.4399600215e-02    5.6022400940e-07
    1.4499500394e-02    5.5583700487e-07
    1.4599800110e-02    5.5153401490e-07
    1.4699599706e-02    5.4736301536e-07
    1.4799499884e-02    5.4322498499e-07
    1.4899999835e-02    5.3916102161e-07
    1.4999100007e-02    5.3527099908e-07
    1.5100000426e-02    5.3140701084e-07
    1.5199299902e-02    5.2770297998e-07
    1.5299499966e-02    5.2409598084e-07
    1.5399400145e-02    5.2068497780e-07
    1.5499999747e-02    5.1738498996e-07
    1.5599199571e-02    5.1420198588e-07
    1.5699699521e-02    5.1111300081e-07
    1.5799300745e-02    5.0823598485e-07
    1.5899600461e-02    5.0553597930e-07
    1.5999600291e-02    5.0295301435e-07
    1.6099199653e-02    5.0036402399e-07
    1.6199899837e-02    4.9767902510e-07
    1.6299400479e-02    4.9492297194e-07
    1.6399299726e-02    4.9202799346e-07
    1.6499500722e-02    4.8901500804e-07
    1.6599100083e-02    4.8593898327e-07
    1.6699900851e-02    4.8271999731e-07
    1.6799900681e-02    4.7937402314e-07
    1.6899500042e-02    4.7588400776e-07
    1.6999099404e-02    4.7230298605e-07
    1.7099399120e-02    4.6864499836e-07
    1.7199300230e-02    4.6494599815e-07
    1.7299899831e-02    4.6119700414e-07
    1.7399700359e-02    4.5742899601e-07
    1.7499599606e-02    4.5356199507e-07
    1.7599100247e-02    4.4961001322e-07
    1.7698800191e-02    4.4555099521e-07
    1.7799699679e-02    4.4134199584e-07
    1.7899399623e-02    4.3707601094e-07
    1.7999699339e-02    4.3267800720e-07
    1.8099600449e-02    4.2825101332e-07
    1.8200000748e-02    4.2384201038e-07
    1.8299600109e-02    4.1957798658e-07
    1.8399000168e-02    4.1548199192e-07
    1.8500000238e-02    4.1152699737e-07
    1.8599700183e-02    4.0782899191e-07
    1.8699400127e-02    4.0434099446e-07
    1.8799200654e-02    4.0102099774e-07
    1.8898900598e-02    3.9787698825e-07
    1.8999900669e-02    3.9489000869e-07
    1.9099600613e-02    3.9203499114e-07
    1.9199300557e-02    3.8918699374e-07
    1.9299000502e-02    3.8632001065e-07
    1.9400000572e-02    3.8343401343e-07
    1.9499700516e-02    3.8058200857e-07
    1.9599400461e-02    3.7774799466e-07
    1.9699199125e-02    3.7498199390e-07
    1.9798899069e-02    3.7231498595e-07
    1.9899800420e-02    3.6975600892e-07
    1.9999599084e-02    3.6743401211e-07
    2.0099300891e-02    3.6538799009e-07
    2.0199000835e-02    3.6358400735e-07
    2.0300000906e-02    3.6194899167e-07
    2.0399700850e-02    3.6048601260e-07
    2.0499400795e-02    3.5915900298e-07
    2.0599199459e-02    3.5794801079e-07
    2.0698899403e-02    3.5678900190e-07
    2.0799800754e-02    3.5558099398e-07
    2.0899599418e-02    3.5428598721e-07
    2.0999299362e-02    3.5289698985e-07
    2.1099099889e-02    3.5143099808e-07
    2.1198799834e-02    3.4991700204e-07
    2.1299799904e-02    3.4838799934e-07
    2.1399600431e-02    3.4690600614e-07
    2.1499300376e-02    3.4543600691e-07
    2.1599100903e-02    3.4397299942e-07
    2.1698800847e-02    3.4257800507e-07
    2.1799800918e-02    3.4133100257e-07
    2.1899599582e-02    3.4030401252e-07
    2.1999299526e-02    3.3945400446e-07
    2.2099100053e-02    3.3872899508e-07
    2.2198799998e-02    3.3806199440e-07
    2.2299800068e-02    3.3740201388e-07
    2.2399600595e-02    3.3677798683e-07
    2.2499300539e-02    3.3624499451e-07
    2.2599099204e-02    3.3584800008e-07
    2.2698799148e-02    3.3555900814e-07
    2.2799799219e-02    3.3530500332e-07
    2.2899599746e-02    3.3505298802e-07
    2.2999299690e-02    3.3481700257e-07
    2.3099100217e-02    3.3467100025e-07
    2.3199899122e-02    3.3466699279e-07
    2.3299399763e-02    3.3478698924e-07
    2.3399500176e-02    3.3502399788e-07
    2.3499799892e-02    3.3533700616e-07
    2.3599900305e-02    3.3566800539e-07
    2.3699900135e-02    3.3596398907e-07
    2.3799199611e-02    3.3618300677e-07
    2.3899499327e-02    3.3633901353e-07
    2.3999299854e-02    3.3638099239e-07
    2.4100000039e-02    3.3626400864e-07
    2.4199899286e-02    3.3596398907e-07
    2.4299399927e-02    3.3550600165e-07
    2.4399900809e-02    3.3487000906e-07
    2.4499600753e-02    3.3404600686e-07
    2.4599399418e-02    3.3304300473e-07
    2.4699099362e-02    3.3187498616e-07
    2.4798799306e-02    3.3055499671e-07
    2.4899799377e-02    3.2903699321e-07
    2.4999599904e-02    3.2735201216e-07
    2.5099299848e-02    3.2553799656e-07
    2.5198999792e-02    3.2363900004e-07
    2.5298800319e-02    3.2166900610e-07
    2.5399699807e-02    3.1964799518e-07
    2.5499500334e-02    3.1769098996e-07
    2.5599200279e-02    3.1582598581e-07
    2.5699000806e-02    3.1406401035e-07
    2.5799900293e-02    3.1238499787e-07
    2.5899700820e-02    3.1083999374e-07
    2.5999400765e-02    3.0940299212e-07
    2.6099199429e-02    3.0804099538e-07
    2.6198899373e-02    3.0671500895e-07
    2.6299899444e-02    3.0537898965e-07
    2.6399699971e-02    3.0404700624e-07
    2.6499399915e-02    3.0265400142e-07
    2.6599099860e-02    3.0115100458e-07
    2.6698900387e-02    2.9952198588e-07
    2.6799900457e-02    2.9775401345e-07
    2.6899600402e-02    2.9590501072e-07
    2.6999400929e-02    2.9395201295e-07
    2.7099100873e-02    2.9189499173e-07
    2.7198899537e-02    2.8974000088e-07
    2.7299800888e-02    2.8745600389e-07
    2.7399599552e-02    2.8509799677e-07
    2.7499299496e-02    2.8265699825e-07
    2.7599100024e-02    2.8017001341e-07
    2.7698799968e-02    2.7765500477e-07
    2.7799800038e-02    2.7505299727e-07
    2.7899600565e-02    2.7238399980e-07
    2.7999300510e-02    2.6959699539e-07
    2.8099099174e-02    2.6667899533e-07
    2.8198799118e-02    2.6362801009e-07
    2.8299799189e-02    2.6041598744e-07
    2.8399499133e-02    2.5715499419e-07
    2.8499299660e-02    2.5384900937e-07
    2.8599100187e-02    2.5053000741e-07
    2.8698800132e-02    2.4723598813e-07
    2.8799800202e-02    2.4399798804e-07
    2.8899500147e-02    2.4094998707e-07
    2.8999300674e-02    2.3806700256e-07
    2.9099000618e-02    2.3533000615e-07
    2.9198799282e-02    2.3270999350e-07
    2.9299799353e-02    2.3015499551e-07
    2.9399499297e-02    2.2768500685e-07
    2.9499299824e-02    2.2522699794e-07
    2.9598999768e-02    2.2277799872e-07
    2.9699999839e-02    2.2029399815e-07
    2.9799500480e-02    2.1777499626e-07
    2.9899500310e-02    2.1512400394e-07
    2.9999600723e-02    2.1233199732e-07
