       301
    0.0000000000e+00    0.0000000000e+00
    9.9796299764e-05    0.0000000000e+00
    1.9904400688e-04    2.4191000314e-09
    2.9883999377e-04    1.0845400134e-08
    3.9985298645e-04    2.0071000861e-08
    4.9964699429e-04    2.9088399245e-08
    5.9944001259e-04    3.7971698674e-08
    6.9923099363e-04    4.6586798419e-08
    7.9902197467e-04    5.5023498646e-08
    8.9881097665e-04    6.3347499690e-08
    9.9981704261e-04    7.1681903080e-08
    1.0995999910e-03    7.9723399438e-08
    1.1993800290e-03    8.7715299912e-08
    1.2991500553e-03    9.5790298360e-08
    1.3989099534e-03    1.0376599846e-07
    1.4998900006e-03    1.1170499903e-07
    1.5996400034e-03    1.1941800437e-07
    1.6993900063e-03    1.2708800057e-07
    1.7991500208e-03    1.3468400084e-07
    1.8989000237e-03    1.4209800270e-07
    1.9998599309e-03    1.4935200454e-07
    2.0995999221e-03    1.5648599572e-07
    2.1993198898e-03    1.6358299604e-07
    2.2990300786e-03    1.7080900250e-07
    2.3999600671e-03    1.7825800569e-07
    2.4996600114e-03    1.8549499714e-07
    2.5993599556e-03    1.9275999819e-07
    2.6990401093e-03    2.0023499303e-07
    2.7999400627e-03    2.0801400069e-07
    2.8996199835e-03    2.1584399690e-07
    2.9995299410e-03    2.2377500386e-07
    3.0992000829e-03    2.3189700471e-07
    3.1995701138e-03    2.4025499101e-07
    3.2989298925e-03    2.4863101089e-07
    3.3990000375e-03    2.5726799890e-07
    3.4992299043e-03    2.6623200711e-07
    3.5994900391e-03    2.7551399739e-07
    3.6991399247e-03    2.8509398931e-07
    3.7988000549e-03    2.9502999155e-07
    3.8990399335e-03    3.0542199170e-07
    3.9989501238e-03    3.1615999774e-07
    4.0998598561e-03    3.2730599742e-07
    4.1998699307e-03    3.3854300341e-07
    4.2999498546e-03    3.4983298747e-07
    4.3994700536e-03    3.6095400446e-07
    4.4998601079e-03    3.7191799152e-07
    4.5997798443e-03    3.8246798795e-07
    4.6998099424e-03    3.9252699935e-07
    4.7999802046e-03    4.0200899321e-07
    4.8988298513e-03    4.1065300138e-07
    4.9999300390e-03    4.1873300916e-07
    5.0996299833e-03    4.2612398943e-07
    5.1989001222e-03    4.3305900022e-07
    5.2991001867e-03    4.3971098762e-07
    5.3996802308e-03    4.4615100592e-07
    5.4994598031e-03    4.5234799018e-07
    5.5996798910e-03    4.5847599495e-07
    5.6989500299e-03    4.6444100121e-07
    5.7990797795e-03    4.7019901217e-07
    5.8993799612e-03    4.7562500072e-07
    5.9988400899e-03    4.8067198577e-07
    6.0993097723e-03    4.8547298093e-07
    6.1997598968e-03    4.9007900316e-07
    6.2993299216e-03    4.9454200735e-07
    6.3995099626e-03    4.9908902611e-07
    6.4997998998e-03    5.0406498531e-07
    6.5998099744e-03    5.0977297406e-07
    6.6993101500e-03    5.1508902743e-07
    6.7994398996e-03    5.2009698948e-07
    6.8993298337e-03    5.2628200820e-07
    6.9996700622e-03    5.3119697441e-07
    7.0990598761e-03    5.3639399766e-07
    7.1994098835e-03    5.4300500096e-07
    7.2998502292e-03    5.4857599707e-07
    7.3997499421e-03    5.5262199794e-07
    7.4998298660e-03    5.5547599231e-07
    7.5995400548e-03    5.5852501646e-07
    7.6990402304e-03    5.6070001619e-07
    7.7999602072e-03    5.6265599824e-07
    7.8996699303e-03    5.6705897578e-07
    7.9996399581e-03    5.7199599723e-07
    8.0990400165e-03    5.7603500636e-07
    8.1995800138e-03    5.7932197706e-07
    8.2996003330e-03    5.8262901348e-07
    8.3998497576e-03    5.8669797909e-07
    8.4999296814e-03    5.9072499425e-07
    8.5993502289e-03    5.9416197473e-07
    8.6998501793e-03    5.9680900222e-07
    8.7996600196e-03    5.9837600475e-07
    8.8993897662e-03    5.9918102124e-07
    8.9999595657e-03    5.9927901930e-07
    9.0991398320e-03    5.9900901306e-07
    9.1992197558e-03    5.9827698351e-07
    9.2996703461e-03    5.9737800484e-07
    9.3999402598e-03    5.9687602061e-07
    9.4997603446e-03    5.9687897647e-07
    9.5999697223e-03    5.9763499394e-07
    9.6994796768e-03    5.9908501271e-07
    9.7993202507e-03    6.0132799717e-07
    9.8995296285e-03    6.0406500779e-07
    9.9999597296e-03    6.0696402215e-07
    1.0099500418e-02    6.0987900952e-07
    1.0199200362e-02    6.1264898932e-07
    1.0299299844e-02    6.1537997453e-07
    1.0399499908e-02    6.1798800743e-07
    1.0499199852e-02    6.2049298322e-07
    1.0599699803e-02    6.2275699975e-07
    1.0699300095e-02    6.2446201810e-07
    1.0799500160e-02    6.2587702132e-07
    1.0899599642e-02    6.2696199166e-07
    1.0999900289e-02    6.2765400344e-07
    1.1099799536e-02    6.2789200683e-07
    1.1199999601e-02    6.2787199795e-07
    1.1299399659e-02    6.2776598497e-07
    1.1399799958e-02    6.2734301309e-07
    1.1499599554e-02    6.2626099862e-07
    1.1599300429e-02    6.2462498818e-07
    1.1699499562e-02    6.2266298073e-07
    1.1799800210e-02    6.2068500029e-07
    1.1899899691e-02    6.1881200963e-07
    1.1999400333e-02    6.1688302821e-07
    1.2099999934e-02    6.1477402369e-07
    1.2199699879e-02    6.1248601924e-07
    1.2299899943e-02    6.1000099549e-07
    1.2399399653e-02    6.0748402575e-07
    1.2499400415e-02    6.0501201915e-07
    1.2599200010e-02    6.0281598735e-07
    1.2699499726e-02    6.0090098941e-07
    1.2799800374e-02    5.9923098661e-07
    1.2899500318e-02    5.9787601003e-07
    1.3000000268e-02    5.9677898889e-07
    1.3099499978e-02    5.9589302737e-07
    1.3199499808e-02    5.9505401850e-07
    1.3299300335e-02    5.9410797348e-07
    1.3399500400e-02    5.9294302446e-07
    1.3499700464e-02    5.9138000097e-07
    1.3599899597e-02    5.8930999103e-07
    1.3699499890e-02    5.8677898096e-07
    1.3799699955e-02    5.8383801615e-07
    1.3899900019e-02    5.8057599972e-07
    1.3999399729e-02    5.7701697642e-07
    1.4099500142e-02    5.7305800283e-07
    1.4199599624e-02    5.6884499600e-07
    1.4299900271e-02    5.6451898445e-07
    1.4399600215e-02    5.6016000372e-07
    1.4499500394e-02    5.5577100966e-07
    1.4599800110e-02    5.5146398381e-07
    1.4699599706e-02    5.4727502175e-07
    1.4799499884e-02    5.4312101838e-07
    1.4899999835e-02    5.3904301467e-07
    1.4999100007e-02    5.3512798104e-07
    1.5100000426e-02    5.3123602584e-07
    1.5199299902e-02    5.2751801149e-07
    1.5299499966e-02    5.2391999361e-07
    1.5399400145e-02    5.2052598676e-07
    1.5499999747e-02    5.1723202432e-07
    1.5599199571e-02    5.1405299928e-07
    1.5699699521e-02    5.1095997833e-07
    1.5799300745e-02    5.0807898333e-07
    1.5899600461e-02    5.0537198604e-07
    1.5999600291e-02    5.0278697472e-07
    1.6099199653e-02    5.0019798437e-07
    1.6199899837e-02    4.9749797881e-07
    1.6299400479e-02    4.9472498631e-07
    1.6399299726e-02    4.9182000339e-07
    1.6499500722e-02    4.8879900305e-07
    1.6599100083e-02    4.8570700528e-07
    1.6699900851e-02    4.8247198947e-07
    1.6799900681e-02    4.7912197942e-07
    1.6899500042e-02    4.7563099770e-07
    1.6999099404e-02    4.7205000442e-07
    1.7099399120e-02    4.6838698609e-07
    1.7199300230e-02    4.6467900461e-07
    1.7299899831e-02    4.6091901140e-07
    1.7399700359e-02    4.5714000407e-07
    1.7499599606e-02    4.5326899567e-07
    1.7599100247e-02    4.4931499588e-07
    1.7698800191e-02    4.4525600629e-07
    1.7799699679e-02    4.4104299946e-07
    1.7899399623e-02    4.3677201234e-07
    1.7999699339e-02    4.3237000114e-07
    1.8099600449e-02    4.2793800503e-07
    1.8200000748e-02    4.2353099161e-07
    1.8299600109e-02    4.1926901417e-07
    1.8399000168e-02    4.1517500904e-07
    1.8500000238e-02    4.1122299876e-07
    1.8599700183e-02    4.0752499331e-07
    1.8699400127e-02    4.0403799062e-07
    1.8799200654e-02    4.0072001184e-07
    1.8898900598e-02    3.9758299408e-07
    1.8999900669e-02    3.9460201151e-07
    1.9099600613e-02    3.9174199173e-07
    1.9199300557e-02    3.8888001086e-07
    1.9299000502e-02    3.8600200014e-07
    1.9400000572e-02    3.8311401340e-07
    1.9499700516e-02    3.8026200855e-07
    1.9599400461e-02    3.7742398717e-07
    1.9699199125e-02    3.7464698721e-07
    1.9798899069e-02    3.7197000324e-07
    1.9899800420e-02    3.6939698589e-07
    1.9999599084e-02    3.6705600337e-07
    2.0099300891e-02    3.6499199041e-07
    2.0199000835e-02    3.6317700847e-07
    2.0300000906e-02    3.6152900407e-07
    2.0399700850e-02    3.6005098991e-07
    2.0499400795e-02    3.5870999682e-07
    2.0599199459e-02    3.5748499272e-07
    2.0698899403e-02    3.5631001083e-07
    2.0799800754e-02    3.5509100371e-07
    2.0899599418e-02    3.5379699170e-07
    2.0999299362e-02    3.5241399132e-07
    2.1099099889e-02    3.5095300177e-07
    2.1198799834e-02    3.4944199001e-07
    2.1299799904e-02    3.4791000303e-07
    2.1399600431e-02    3.4642698665e-07
    2.1499300376e-02    3.4495801060e-07
    2.1599100903e-02    3.4350298961e-07
    2.1698800847e-02    3.4211498701e-07
    2.1799800918e-02    3.4087199197e-07
    2.1899599582e-02    3.3984099446e-07
    2.1999299526e-02    3.3898999163e-07
    2.2099100053e-02    3.3826600543e-07
    2.2198799998e-02    3.3759900475e-07
    2.2299800068e-02    3.3693498835e-07
    2.2399600595e-02    3.3630800544e-07
    2.2499300539e-02    3.3577200043e-07
    2.2599099204e-02    3.3536599631e-07
    2.2698799148e-02    3.3506799468e-07
    2.2799799219e-02    3.3480600337e-07
    2.2899599746e-02    3.3454600157e-07
    2.2999299690e-02    3.3430399071e-07
    2.3099100217e-02    3.3415199141e-07
    2.3199899122e-02    3.3414301015e-07
    2.3299399763e-02    3.3425800439e-07
    2.3399500176e-02    3.3449001080e-07
    2.3499799892e-02    3.3481001083e-07
    2.3599900305e-02    3.3515598830e-07
    2.3699900135e-02    3.3546399436e-07
    2.3799199611e-02    3.3568599633e-07
    2.3899499327e-02    3.3584399262e-07
    2.3999299854e-02    3.3589000736e-07
    2.4100000039e-02    3.3577799741e-07
    2.4199899286e-02    3.3548801071e-07
    2.4299399927e-02    3.3504599628e-07
    2.4399900809e-02    3.3442799463e-07
    2.4499600753e-02    3.3361200735e-07
    2.4599399418e-02    3.3261500221e-07
    2.4699099362e-02    3.3145698808e-07
    2.4798799306e-02    3.3014700307e-07
    2.4899799377e-02    3.2863800925e-07
    2.4999599904e-02    3.2696098629e-07
    2.5099299848e-02    3.2515200132e-07
    2.5198999792e-02    3.2324899735e-07
    2.5298800319e-02    3.2127400118e-07
    2.5399699807e-02    3.1924901123e-07
    2.5499500334e-02    3.1728498584e-07
    2.5599200279e-02    3.1540599821e-07
    2.5699000806e-02    3.1362299069e-07
    2.5799900293e-02    3.1191800076e-07
    2.5899700820e-02    3.1034400649e-07
    2.5999400765e-02    3.0887900948e-07
    2.6099199429e-02    3.0749700386e-07
    2.6198899373e-02    3.0615899504e-07
    2.6299899444e-02    3.0481399449e-07
    2.6399699971e-02    3.0347300140e-07
    2.6499399915e-02    3.0207800705e-07
    2.6599099860e-02    3.0057799449e-07
    2.6698900387e-02    2.9895301168e-07
    2.6799900457e-02    2.9719001304e-07
    2.6899600402e-02    2.9534498935e-07
    2.6999400929e-02    2.9339599905e-07
    2.7099100873e-02    2.9134099577e-07
    2.7198899537e-02    2.8919001238e-07
    2.7299800888e-02    2.8691098919e-07
    2.7399599552e-02    2.8455801271e-07
    2.7499299496e-02    2.8211999847e-07
    2.7599100024e-02    2.7963199045e-07
    2.7698799968e-02    2.7711598705e-07
    2.7799800038e-02    2.7451599749e-07
    2.7899600565e-02    2.7185498652e-07
    2.7999300510e-02    2.6907798656e-07
    2.8099099174e-02    2.6617200888e-07
    2.8198799118e-02    2.6313099966e-07
    2.8299799189e-02    2.5992500241e-07
    2.8399499133e-02    2.5667000614e-07
    2.8499299660e-02    2.5336498766e-07
    2.8599100187e-02    2.5004101190e-07
    2.8698800132e-02    2.4674099564e-07
    2.8799800202e-02    2.4349100158e-07
    2.8899500147e-02    2.4042398650e-07
    2.8999300674e-02    2.3752200207e-07
    2.9099000618e-02    2.3476100353e-07
    2.9198799282e-02    2.3211799771e-07
    2.9299799353e-02    2.2954199608e-07
    2.9399499297e-02    2.2705499703e-07
    2.9499299824e-02    2.2458600313e-07
    2.9598999768e-02    2.2213100692e-07
    2.9699999839e-02    2.1964200414e-07
    2.9799500480e-02    2.1712399700e-07
    2.9899500310e-02    2.1447499421e-07
    2.9999600723e-02    2.1168600028e-07
