       301
    0.0000000000e+00    0.0000000000e+00
    9.9796299764e-05    0.0000000000e+00
    1.9904400688e-04    3.6593099662e-09
    2.9883999377e-04    1.3695100165e-08
    3.9985298645e-04    2.4464700488e-08
    4.9964699429e-04    3.4947699845e-08
    5.9944001259e-04    4.5288999218e-08
    6.9923099363e-04    5.5434501434e-08
    7.9902197467e-04    6.5451800424e-08
    8.9881097665e-04    7.5321302972e-08
    9.9981704261e-04    8.5193498478e-08
    1.0995999910e-03    9.4826702934e-08
    1.1993800290e-03    1.0443900322e-07
    1.2991500553e-03    1.1410799772e-07
    1.3989099534e-03    1.2366899682e-07
    1.4998900006e-03    1.3320099868e-07
    1.5996400034e-03    1.4254000291e-07
    1.6993900063e-03    1.5185699453e-07
    1.7991500208e-03    1.6108900525e-07
    1.8989000237e-03    1.7014400555e-07
    1.9998599309e-03    1.7927500551e-07
    2.0995999221e-03    1.8836900040e-07
    2.1993198898e-03    1.9740200230e-07
    2.2990300786e-03    2.0644799292e-07
    2.3999600671e-03    2.1556999741e-07
    2.4996600114e-03    2.2453599513e-07
    2.5993599556e-03    2.3348400191e-07
    2.6990401093e-03    2.4232900842e-07
    2.7999400627e-03    2.5114400160e-07
    2.8996199835e-03    2.5966099315e-07
    2.9995299410e-03    2.6798198860e-07
    3.0992000829e-03    2.7610698794e-07
    3.1995701138e-03    2.8401399277e-07
    3.2989298925e-03    2.9153500236e-07
    3.3990000375e-03    2.9889500297e-07
    3.4992299043e-03    3.0607299095e-07
    3.5994900391e-03    3.1309099313e-07
    3.6991399247e-03    3.1995699601e-07
    3.7988000549e-03    3.2674600448e-07
    3.8990399335e-03    3.3352500850e-07
    3.9989501238e-03    3.4018600559e-07
    4.0998598561e-03    3.4678299698e-07
    4.1998699307e-03    3.5321198766e-07
    4.2999498546e-03    3.5959300249e-07
    4.3994700536e-03    3.6589599972e-07
    4.4998601079e-03    3.7218001125e-07
    4.5997798443e-03    3.7840499090e-07
    4.6998099424e-03    3.8463801388e-07
    4.7999802046e-03    3.9091298731e-07
    4.8988298513e-03    3.9718699441e-07
    4.9999300390e-03    4.0375300614e-07
    5.0996299833e-03    4.1036000198e-07
    5.1989001222e-03    4.1702099907e-07
    5.2991001867e-03    4.2380500531e-07
    5.3996802308e-03    4.3070099309e-07
    5.4994598031e-03    4.3763100166e-07
    5.5996798910e-03    4.4461398829e-07
    5.6989500299e-03    4.5146501293e-07
    5.7990797795e-03    4.5831200168e-07
    5.8993799612e-03    4.6513301299e-07
    5.9988400899e-03    4.7185099561e-07
    6.0993097723e-03    4.7856798346e-07
    6.1997598968e-03    4.8517597406e-07
    6.2993299216e-03    4.9157500825e-07
    6.3995099626e-03    4.9781101552e-07
    6.4997998998e-03    5.0394402251e-07
    6.5998099744e-03    5.0975597787e-07
    6.6993101500e-03    5.1494799891e-07
    6.7994398996e-03    5.1927497680e-07
    6.8993298337e-03    5.2257200878e-07
    6.9996700622e-03    5.2516702453e-07
    7.0990598761e-03    5.2802198525e-07
    7.1994098835e-03    5.3137000577e-07
    7.2998502292e-03    5.3377402764e-07
    7.3997499421e-03    5.3588200899e-07
    7.4998298660e-03    5.3773601394e-07
    7.5995400548e-03    5.3964498647e-07
    7.6990402304e-03    5.4138098449e-07
    7.7999602072e-03    5.4310197584e-07
    7.8996699303e-03    5.4589298770e-07
    7.9996399581e-03    5.4939397387e-07
    8.0990400165e-03    5.5255497955e-07
    8.1995800138e-03    5.5550799516e-07
    8.2996003330e-03    5.5864001069e-07
    8.3998497576e-03    5.6231198187e-07
    8.4999296814e-03    5.6640601542e-07
    8.5993502289e-03    5.7116602648e-07
    8.6998501793e-03    5.7620701455e-07
    8.7996600196e-03    5.8065000985e-07
    8.8993897662e-03    5.8468799580e-07
    8.9999595657e-03    5.8869602526e-07
    9.0991398320e-03    5.9264800711e-07
    9.1992197558e-03    5.9623101833e-07
    9.2996703461e-03    5.9942999542e-07
    9.3999402598e-03    6.0247600686e-07
    9.4997603446e-03    6.0526701873e-07
    9.5999697223e-03    6.0782599576e-07
    9.6994796768e-03    6.1007301611e-07
    9.7993202507e-03    6.1232202597e-07
    9.8995296285e-03    6.1444097810e-07
    9.9999597296e-03    6.1615997993e-07
    1.0099500418e-02    6.1761699044e-07
    1.0199200362e-02    6.1888101754e-07
    1.0299299844e-02    6.2003897483e-07
    1.0399499908e-02    6.2097097953e-07
    1.0499199852e-02    6.2153497993e-07
    1.0599699803e-02    6.2183602267e-07
    1.0699300095e-02    6.2190997596e-07
    1.0799500160e-02    6.2182800775e-07
    1.0899599642e-02    6.2166202497e-07
    1.0999900289e-02    6.2132500034e-07
    1.1099799536e-02    6.2082102659e-07
    1.1199999601e-02    6.2030198933e-07
    1.1299399659e-02    6.1987202571e-07
    1.1399799958e-02    6.1955898900e-07
    1.1499599554e-02    6.1929199546e-07
    1.1599300429e-02    6.1894297687e-07
    1.1699499562e-02    6.1843002186e-07
    1.1799800210e-02    6.1777501514e-07
    1.1899899691e-02    6.1694902342e-07
    1.1999400333e-02    6.1588502831e-07
    1.2099999934e-02    6.1446201016e-07
    1.2199699879e-02    6.1269099660e-07
    1.2299899943e-02    6.1065202317e-07
    1.2399399653e-02    6.0843700567e-07
    1.2499400415e-02    6.0602701524e-07
    1.2599200010e-02    6.0345502106e-07
    1.2699499726e-02    6.0072198949e-07
    1.2799800374e-02    5.9788601448e-07
    1.2899500318e-02    5.9495602045e-07
    1.3000000268e-02    5.9194502455e-07
    1.3099499978e-02    5.8898899624e-07
    1.3199499808e-02    5.8601801811e-07
    1.3299300335e-02    5.8298002159e-07
    1.3399500400e-02    5.7983402257e-07
    1.3499700464e-02    5.7662299469e-07
    1.3599899597e-02    5.7338900206e-07
    1.3699499890e-02    5.7020798749e-07
    1.3799699955e-02    5.6710200624e-07
    1.3899900019e-02    5.6413301763e-07
    1.3999399729e-02    5.6124400771e-07
    1.4099500142e-02    5.5828400036e-07
    1.4199599624e-02    5.5529801557e-07
    1.4299900271e-02    5.5229799045e-07
    1.4399600215e-02    5.4936600691e-07
    1.4499500394e-02    5.4652798553e-07
    1.4599800110e-02    5.4378102732e-07
    1.4699599706e-02    5.4111598047e-07
    1.4799499884e-02    5.3842597936e-07
    1.4899999835e-02    5.3564497193e-07
    1.4999100007e-02    5.3279097756e-07
    1.5100000426e-02    5.2980897181e-07
    1.5199299902e-02    5.2685101082e-07
    1.5299499966e-02    5.2386599236e-07
    1.5399400145e-02    5.2084902791e-07
    1.5499999747e-02    5.1769598031e-07
    1.5599199571e-02    5.1445601912e-07
    1.5699699521e-02    5.1107997479e-07
    1.5799300745e-02    5.0766198001e-07
    1.5899600461e-02    5.0419401987e-07
    1.5999600291e-02    5.0072299018e-07
    1.6099199653e-02    4.9725997542e-07
    1.6199899837e-02    4.9373699085e-07
    1.6299400479e-02    4.9021599580e-07
    1.6399299726e-02    4.8666402108e-07
    1.6499500722e-02    4.8309698286e-07
    1.6599100083e-02    4.7956797289e-07
    1.6699900851e-02    4.7603799658e-07
    1.6799900681e-02    4.7258600944e-07
    1.6899500042e-02    4.6919498686e-07
    1.6999099404e-02    4.6582900382e-07
    1.7099399120e-02    4.6245799012e-07
    1.7199300230e-02    4.5912199198e-07
    1.7299899831e-02    4.5581398922e-07
    1.7399700359e-02    4.5257499437e-07
    1.7499599606e-02    4.4934100174e-07
    1.7599100247e-02    4.4611499561e-07
    1.7698800191e-02    4.4288799472e-07
    1.7799699679e-02    4.3963001417e-07
    1.7899399623e-02    4.3639300884e-07
    1.7999699339e-02    4.3311101194e-07
    1.8099600449e-02    4.2983398885e-07
    1.8200000748e-02    4.2654599497e-07
    1.8299600109e-02    4.2330398742e-07
    1.8399000168e-02    4.2010501033e-07
    1.8500000238e-02    4.1687900421e-07
    1.8599700183e-02    4.1371200155e-07
    1.8699400127e-02    4.1057299427e-07
    1.8799200654e-02    4.0746201080e-07
    1.8898900598e-02    4.0439900317e-07
    1.8999900669e-02    4.0135100221e-07
    1.9099600613e-02    3.9834000631e-07
    1.9199300557e-02    3.9530098661e-07
    1.9299000502e-02    3.9226799231e-07
    1.9400000572e-02    3.8928800450e-07
    1.9499700516e-02    3.8644398614e-07
    1.9599400461e-02    3.8370399125e-07
    1.9699199125e-02    3.8108299805e-07
    1.9798899069e-02    3.7858200130e-07
    1.9899800420e-02    3.7615700421e-07
    1.9999599084e-02    3.7385601104e-07
    2.0099300891e-02    3.7165298750e-07
    2.0199000835e-02    3.6954600091e-07
    2.0300000906e-02    3.6748900811e-07
    2.0399700850e-02    3.6547999116e-07
    2.0499400795e-02    3.6349300103e-07
    2.0599199459e-02    3.6158300531e-07
    2.0698899403e-02    3.5978300161e-07
    2.0799800754e-02    3.5809000565e-07
    2.0899599418e-02    3.5655099850e-07
    2.0999299362e-02    3.5516399066e-07
    2.1099099889e-02    3.5396899989e-07
    2.1198799834e-02    3.5297600220e-07
    2.1299799904e-02    3.5216999095e-07
    2.1399600431e-02    3.5155099454e-07
    2.1499300376e-02    3.5106299379e-07
    2.1599100903e-02    3.5064701365e-07
    2.1698800847e-02    3.5026599221e-07
    2.1799800918e-02    3.4991001030e-07
    2.1899599582e-02    3.4957901107e-07
    2.1999299526e-02    3.4924099168e-07
    2.2099100053e-02    3.4886900835e-07
    2.2198799998e-02    3.4844998709e-07
    2.2299800068e-02    3.4798100046e-07
    2.2399600595e-02    3.4748700273e-07
    2.2499300539e-02    3.4698200579e-07
    2.2599099204e-02    3.4647601410e-07
    2.2698799148e-02    3.4596999399e-07
    2.2799799219e-02    3.4544200389e-07
    2.2899599746e-02    3.4488098777e-07
    2.2999299690e-02    3.4426699358e-07
    2.3099100217e-02    3.4359999290e-07
    2.3199899122e-02    3.4288001416e-07
    2.3299399763e-02    3.4212499145e-07
    2.3399500176e-02    3.4129899973e-07
    2.3499799892e-02    3.4037699947e-07
    2.3599900305e-02    3.3933798704e-07
    2.3699900135e-02    3.3818000134e-07
    2.3799199611e-02    3.3693299883e-07
    2.3899499327e-02    3.3561400414e-07
    2.3999299854e-02    3.3426701407e-07
    2.4100000039e-02    3.3288600321e-07
    2.4199899286e-02    3.3150899981e-07
    2.4299399927e-02    3.3014600831e-07
    2.4399900809e-02    3.2877900935e-07
    2.4499600753e-02    3.2743199085e-07
    2.4599399418e-02    3.2609199252e-07
    2.4699099362e-02    3.2474400768e-07
    2.4798799306e-02    3.2337101175e-07
    2.4899799377e-02    3.2195700328e-07
    2.4999599904e-02    3.2054200005e-07
    2.5099299848e-02    3.1910400367e-07
    2.5198999792e-02    3.1762900221e-07
    2.5298800319e-02    3.1610301221e-07
    2.5399699807e-02    3.1449800986e-07
    2.5499500334e-02    3.1284400848e-07
    2.5599200279e-02    3.1112000443e-07
    2.5699000806e-02    3.0934100437e-07
    2.5799900293e-02    3.0749700386e-07
    2.5899700820e-02    3.0563100495e-07
    2.5999400765e-02    3.0370100035e-07
    2.6099199429e-02    3.0168999388e-07
    2.6198899373e-02    2.9961100267e-07
    2.6299899444e-02    2.9745700658e-07
    2.6399699971e-02    2.9529999779e-07
    2.6499399915e-02    2.9311999583e-07
    2.6599099860e-02    2.9091100373e-07
    2.6698900387e-02    2.8867000879e-07
    2.6799900457e-02    2.8636500815e-07
    2.6899600402e-02    2.8406898878e-07
    2.6999400929e-02    2.8178399702e-07
    2.7099100873e-02    2.7953100812e-07
    2.7198899537e-02    2.7731098839e-07
    2.7299800888e-02    2.7508198741e-07
    2.7399599552e-02    2.7289200943e-07
    2.7499299496e-02    2.7071598652e-07
    2.7599100024e-02    2.6854800694e-07
    2.7698799968e-02    2.6638099371e-07
    2.7799800038e-02    2.6418700827e-07
    2.7899600565e-02    2.6201499281e-07
    2.7999300510e-02    2.5982899388e-07
    2.8099099174e-02    2.5762000178e-07
    2.8198799118e-02    2.5539100079e-07
    2.8299799189e-02    2.5311700824e-07
    2.8399499133e-02    2.5084500521e-07
    2.8499299660e-02    2.4852599267e-07
    2.8599100187e-02    2.4613399319e-07
    2.8698800132e-02    2.4364999263e-07
    2.8799800202e-02    2.4103098895e-07
    2.8899500147e-02    2.3833999307e-07
    2.8999300674e-02    2.3556299311e-07
    2.9099000618e-02    2.3271699945e-07
    2.9198799282e-02    2.2980199788e-07
    2.9299799353e-02    2.2677700429e-07
    2.9399499297e-02    2.2370899444e-07
    2.9499299824e-02    2.2057399462e-07
    2.9598999768e-02    2.1738999578e-07
    2.9699999839e-02    2.1411399587e-07
    2.9799500480e-02    2.1082099977e-07
    2.9899500310e-02    2.0746699647e-07
    2.9999600723e-02    2.0409099477e-07
