       301
    0.0000000000e+00    0.0000000000e+00
    9.9796299764e-05    1.6351099641e-10
    1.9904400688e-04    1.6022500660e-08
    2.9883999377e-04    3.7957700982e-08
    3.9985298645e-04    6.0224202514e-08
    4.9964699429e-04    8.1961800902e-08
    5.9944001259e-04    1.0344899692e-07
    6.9923099363e-04    1.2466600197e-07
    7.9902197467e-04    1.4554700556e-07
    8.9881097665e-04    1.6612399634e-07
    9.9981704261e-04    1.8655900647e-07
    1.0995999910e-03    2.0638199771e-07
    1.1993800290e-03    2.2585300030e-07
    1.2991500553e-03    2.4487098926e-07
    1.3989099534e-03    2.6334899417e-07
    1.4998900006e-03    2.8155798759e-07
    1.5996400034e-03    2.9903500831e-07
    1.6993900063e-03    3.1607100937e-07
    1.7991500208e-03    3.3263299315e-07
    1.8989000237e-03    3.4880099520e-07
    1.9998599309e-03    3.6477999288e-07
    2.0995999221e-03    3.8025200411e-07
    2.1993198898e-03    3.9542800323e-07
    2.2990300786e-03    4.1036400944e-07
    2.3999600671e-03    4.2529799771e-07
    2.4996600114e-03    4.3997599164e-07
    2.5993599556e-03    4.5470000032e-07
    2.6990401093e-03    4.6956699862e-07
    2.7999400627e-03    4.8482502280e-07
    2.8996199835e-03    5.0009299457e-07
    2.9995299410e-03    5.1552399327e-07
    3.0992000829e-03    5.3101399544e-07
    3.1995701138e-03    5.4679401273e-07
    3.2989298925e-03    5.6261097825e-07
    3.3990000375e-03    5.7872000525e-07
    3.4992299043e-03    5.9495198457e-07
    3.5994900391e-03    6.1123898831e-07
    3.6991399247e-03    6.2739098894e-07
    3.7988000549e-03    6.4337302774e-07
    3.8990399335e-03    6.5916100311e-07
    3.9989501238e-03    6.7457000341e-07
    4.0998598561e-03    6.8976902412e-07
    4.1998699307e-03    7.0444900757e-07
    4.2999498546e-03    7.1868299756e-07
    4.3994700536e-03    7.3234997444e-07
    4.4998601079e-03    7.4569999242e-07
    4.5997798443e-03    7.5866500993e-07
    4.6998099424e-03    7.7141601196e-07
    4.7999802046e-03    7.8406901594e-07
    4.8988298513e-03    7.9656501839e-07
    4.9999300390e-03    8.0952298731e-07
    5.0996299833e-03    8.2258401335e-07
    5.1989001222e-03    8.3591902467e-07
    5.2991001867e-03    8.4969900627e-07
    5.3996802308e-03    8.6375001729e-07
    5.4994598031e-03    8.7775498514e-07
    5.5996798910e-03    8.9173698825e-07
    5.6989500299e-03    9.0541897180e-07
    5.7990797795e-03    9.1896799859e-07
    5.8993799612e-03    9.3219898645e-07
    5.9988400899e-03    9.4489399771e-07
    6.0993097723e-03    9.5722600690e-07
    6.1997598968e-03    9.6902795121e-07
    6.2993299216e-03    9.7984104741e-07
    6.3995099626e-03    9.8967905160e-07
    6.4997998998e-03    9.9699900602e-07
    6.5998099744e-03    9.9991905245e-07
    6.6993101500e-03    4.1623098755e+02
    6.7994398996e-03    4.3869699097e+02
    6.8993298337e-03    3.3081500244e+02
    6.9996700622e-03    5.3875999451e+01
    7.0990598761e-03    9.9970304746e-07
    7.1994098835e-03    9.9922499430e-07
    7.2998502292e-03    9.9834096545e-07
    7.3997499421e-03    9.9782005236e-07
    7.4998298660e-03    9.9700105238e-07
    7.5995400548e-03    9.9614999272e-07
    7.6990402304e-03    9.9525402675e-07
    7.7999602072e-03    9.9429200873e-07
    7.8996699303e-03    9.9370697626e-07
    7.9996399581e-03    9.9329702152e-07
    8.0990400165e-03    9.9311296253e-07
    8.1995800138e-03    9.9298495115e-07
    8.2996003330e-03    9.9274200238e-07
    8.3998497576e-03    9.9250598851e-07
    8.4999296814e-03    9.9207204585e-07
    8.5993502289e-03    9.9152202893e-07
    8.6998501793e-03    9.9113503893e-07
    8.7996600196e-03    9.9116095953e-07
    8.8993897662e-03    9.9167596090e-07
    8.9999595657e-03    9.9220903849e-07
    9.0991398320e-03    9.9262604181e-07
    9.1992197558e-03    9.9309897905e-07
    9.2996703461e-03    9.9362296169e-07
    9.3999402598e-03    9.9412204690e-07
    9.4997603446e-03    9.9461703940e-07
    9.5999697223e-03    9.9506996776e-07
    9.6994796768e-03    9.9553903965e-07
    9.7993202507e-03    9.9600003978e-07
    9.8995296285e-03    9.9633700756e-07
    9.9999597296e-03    9.9642397799e-07
    1.0099500418e-02    9.9640897133e-07
    1.0199200362e-02    9.9635803963e-07
    1.0299299844e-02    9.9635394690e-07
    1.0399499908e-02    9.9648502783e-07
    1.0499199852e-02    9.9673195564e-07
    1.0599699803e-02    9.9699104794e-07
    1.0699300095e-02    9.9710700852e-07
    1.0799500160e-02    9.9705300727e-07
    1.0899599642e-02    9.9694398159e-07
    1.0999900289e-02    9.9695296285e-07
    1.1099799536e-02    9.9705005141e-07
    1.1199999601e-02    9.9712997326e-07
    1.1299399659e-02    9.9712497104e-07
    1.1399799958e-02    9.9706994661e-07
    1.1499599554e-02    9.9704300283e-07
    1.1599300429e-02    9.9704800505e-07
    1.1699499562e-02    9.9703004253e-07
    1.1799800210e-02    9.9698104350e-07
    1.1899899691e-02    9.9695000699e-07
    1.1999400333e-02    9.9694898381e-07
    1.2099999934e-02    9.9696103462e-07
    1.2199699879e-02    9.9697103906e-07
    1.2299899943e-02    9.9697194855e-07
    1.2399399653e-02    9.9699900602e-07
    1.2499400415e-02    9.9701799172e-07
    1.2599200010e-02    9.9699798284e-07
    1.2699499726e-02    9.9695898825e-07
    1.2799800374e-02    9.9690601019e-07
    1.2899500318e-02    9.9684200450e-07
    1.3000000268e-02    9.9673900422e-07
    1.3099499978e-02    9.9659598618e-07
    1.3199499808e-02    9.9648298146e-07
    1.3299300335e-02    9.9641397355e-07
    1.3399500400e-02    9.9639396467e-07
    1.3499700464e-02    9.9647695606e-07
    1.3599899597e-02    9.9666999631e-07
    1.3699499890e-02    9.9688304545e-07
    1.3799699955e-02    9.9703902379e-07
    1.3899900019e-02    9.9707995105e-07
    1.3999399729e-02    9.9700696410e-07
    1.4099500142e-02    9.9684098132e-07
    1.4199599624e-02    9.9661701825e-07
    1.4299900271e-02    9.9631802186e-07
    1.4399600215e-02    9.9594603853e-07
    1.4499500394e-02    9.9552801203e-07
    1.4599800110e-02    9.9508599760e-07
    1.4699599706e-02    9.9463898096e-07
    1.4799499884e-02    9.9418002719e-07
    1.4899999835e-02    9.9373301055e-07
    1.4999100007e-02    9.9331305137e-07
    1.5100000426e-02    9.9284704902e-07
    1.5199299902e-02    9.9229998796e-07
    1.5299499966e-02    9.9164503808e-07
    1.5399400145e-02    9.9089402283e-07
    1.5499999747e-02    9.9007104382e-07
    1.5599199571e-02    9.8922100733e-07
    1.5699699521e-02    9.8832902040e-07
    1.5799300745e-02    9.8740702015e-07
    1.5899600461e-02    9.8640703072e-07
    1.5999600291e-02    9.8532404991e-07
    1.6099199653e-02    9.8416001038e-07
    1.6199899837e-02    9.8289399375e-07
    1.6299400479e-02    9.8157295270e-07
    1.6399299726e-02    9.8019302186e-07
    1.6499500722e-02    9.7877398275e-07
    1.6599100083e-02    9.7734198334e-07
    1.6699900851e-02    9.7586303127e-07
    1.6799900681e-02    9.7436702617e-07
    1.6899500042e-02    9.7284498679e-07
    1.6999099404e-02    9.7128804555e-07
    1.7099399120e-02    9.6966198271e-07
    1.7199300230e-02    9.6795599802e-07
    1.7299899831e-02    9.6615497114e-07
    1.7399700359e-02    9.6430699159e-07
    1.7499599606e-02    9.6241399206e-07
    1.7599100247e-02    9.6050200682e-07
    1.7698800191e-02    9.5856103144e-07
    1.7799699679e-02    9.5657901511e-07
    1.7899399623e-02    9.5460904959e-07
    1.7999699339e-02    9.5263999356e-07
    1.8099600449e-02    9.5069600548e-07
    1.8200000748e-02    9.4873701073e-07
    1.8299600109e-02    9.4673401918e-07
    1.8399000168e-02    9.4465201528e-07
    1.8500000238e-02    9.4246297522e-07
    1.8599700183e-02    9.4025801900e-07
    1.8699400127e-02    9.3802401580e-07
    1.8799200654e-02    9.3576602467e-07
    1.8898900598e-02    9.3351201258e-07
    1.8999900669e-02    9.3126402589e-07
    1.9099600613e-02    9.2907799853e-07
    1.9199300557e-02    9.2693801435e-07
    1.9299000502e-02    9.2482702030e-07
    1.9400000572e-02    9.2272199481e-07
    1.9499700516e-02    9.2065499757e-07
    1.9599400461e-02    9.1858998985e-07
    1.9699199125e-02    9.1651901357e-07
    1.9798899069e-02    9.1445201633e-07
    1.9899800420e-02    9.1237598099e-07
    1.9999599084e-02    9.1034098659e-07
    2.0099300891e-02    9.0831798616e-07
    2.0199000835e-02    9.0631999683e-07
    2.0300000906e-02    9.0434099320e-07
    2.0399700850e-02    9.0242002670e-07
    2.0499400795e-02    9.0052998303e-07
    2.0599199459e-02    8.9867501174e-07
    2.0698899403e-02    8.9686602678e-07
    2.0799800754e-02    8.9510797352e-07
    2.0899599418e-02    8.9346099230e-07
    2.0999299362e-02    8.9189597929e-07
    2.1099099889e-02    8.9037501994e-07
    2.1198799834e-02    8.8884701199e-07
    2.1299799904e-02    8.8725198566e-07
    2.1399600431e-02    8.8561398570e-07
    2.1499300376e-02    8.8393102260e-07
    2.1599100903e-02    8.8221497663e-07
    2.1698800847e-02    8.8047397639e-07
    2.1799800918e-02    8.7870199650e-07
    2.1899599582e-02    8.7694201056e-07
    2.1999299526e-02    8.7517901193e-07
    2.2099100053e-02    8.7339901711e-07
    2.2198799998e-02    8.7157201278e-07
    2.2299800068e-02    8.6964797674e-07
    2.2399600595e-02    8.6766198137e-07
    2.2499300539e-02    8.6560100954e-07
    2.2599099204e-02    8.6348097739e-07
    2.2698799148e-02    8.6131001353e-07
    2.2799799219e-02    8.5905901415e-07
    2.2899599746e-02    8.5677402240e-07
    2.2999299690e-02    8.5442502495e-07
    2.3099100217e-02    8.5201997990e-07
    2.3199899122e-02    8.4955297552e-07
    2.3299399763e-02    8.4709802195e-07
    2.3399500176e-02    8.4461402139e-07
    2.3499799892e-02    8.4210398654e-07
    2.3599900305e-02    8.3957098695e-07
    2.3699900135e-02    8.3702502707e-07
    2.3799199611e-02    8.3448401256e-07
    2.3899499327e-02    8.3191599742e-07
    2.3999299854e-02    8.2934599277e-07
    2.4100000039e-02    8.2674199575e-07
    2.4199899286e-02    8.2414402414e-07
    2.4299399927e-02    8.2153599124e-07
    2.4399900809e-02    8.1886702219e-07
    2.4499600753e-02    8.1616798298e-07
    2.4599399418e-02    8.1343097236e-07
    2.4699099362e-02    8.1067901192e-07
    2.4798799306e-02    8.0793302004e-07
    2.4899799377e-02    8.0517202150e-07
    2.4999599904e-02    8.0247900769e-07
    2.5099299848e-02    7.9981100498e-07
    2.5198999792e-02    7.9715897527e-07
    2.5298800319e-02    7.9451399415e-07
    2.5399699807e-02    7.9183098478e-07
    2.5499500334e-02    7.8916701796e-07
    2.5599200279e-02    7.8648798763e-07
    2.5699000806e-02    7.8378900525e-07
    2.5799900293e-02    7.8104301338e-07
    2.5899700820e-02    7.7831600720e-07
    2.5999400765e-02    7.7558297562e-07
    2.6099199429e-02    7.7286699707e-07
    2.6198899373e-02    7.7018802358e-07
    2.6299899444e-02    7.6752002087e-07
    2.6399699971e-02    7.6492398193e-07
    2.6499399915e-02    7.6235102142e-07
    2.6599099860e-02    7.5978601899e-07
    2.6698900387e-02    7.5722999782e-07
    2.6799900457e-02    7.5466698490e-07
    2.6899600402e-02    7.5217099038e-07
    2.6999400929e-02    7.4971802633e-07
    2.7099100873e-02    7.4731298128e-07
    2.7198899537e-02    7.4496597335e-07
    2.7299800888e-02    7.4265699368e-07
    2.7399599552e-02    7.4044100984e-07
    2.7499299496e-02    7.3828800851e-07
    2.7599100024e-02    7.3620401508e-07
    2.7698799968e-02    7.3419499813e-07
    2.7799800038e-02    7.3225197639e-07
    2.7899600565e-02    7.3042798476e-07
    2.7999300510e-02    7.2868698453e-07
    2.8099099174e-02    7.2701698173e-07
    2.8198799118e-02    7.2540399287e-07
    2.8299799189e-02    7.2381601512e-07
    2.8399499133e-02    7.2228897352e-07
    2.8499299660e-02    7.2080700875e-07
    2.8599100187e-02    7.1937097346e-07
    2.8698800132e-02    7.1796597467e-07
    2.8799800202e-02    7.1657302669e-07
    2.8899500147e-02    7.1522998724e-07
    2.8999300674e-02    7.1393202461e-07
    2.9099000618e-02    7.1269602131e-07
    2.9198799282e-02    7.1152402370e-07
    2.9299799353e-02    7.1039499971e-07
    2.9399499297e-02    7.0932100016e-07
    2.9499299824e-02    7.0827599075e-07
    2.9598999768e-02    7.0727202228e-07
    2.9699999839e-02    7.0630301252e-07
    2.9799500480e-02    7.0539499575e-07
    2.9899500310e-02    7.0452801992e-07
    2.9999600723e-02    7.0369100058e-07
