       301
    0.0000000000e+00    0.0000000000e+00
    9.9796299764e-05    0.0000000000e+00
    1.9904400688e-04    1.0905299774e-08
    2.9883999377e-04    2.8135600516e-08
    3.9985298645e-04    4.6020801392e-08
    4.9964699429e-04    6.3605199330e-08
    5.9944001259e-04    8.1104900573e-08
    6.9923099363e-04    9.8478096788e-08
    7.9902197467e-04    1.1573899883e-07
    8.9881097665e-04    1.3308699920e-07
    9.9981704261e-04    1.5070699533e-07
    1.0995999910e-03    1.6818700033e-07
    1.1993800290e-03    1.8590300499e-07
    1.2991500553e-03    2.0390399413e-07
    1.3989099534e-03    2.2207299821e-07
    1.4998900006e-03    2.4082999062e-07
    1.5996400034e-03    2.5967298711e-07
    1.6993900063e-03    2.7898801136e-07
    1.7991500208e-03    2.9880499142e-07
    1.8989000237e-03    3.1908999176e-07
    1.9998599309e-03    3.4008701277e-07
    2.0995999221e-03    3.6126701275e-07
    2.1993198898e-03    3.8266199454e-07
    2.2990300786e-03    4.0400701096e-07
    2.3999600671e-03    4.2524700916e-07
    2.4996600114e-03    4.4565200596e-07
    2.5993599556e-03    4.6543999588e-07
    2.6990401093e-03    4.8447901690e-07
    2.7999400627e-03    5.0280999631e-07
    2.8996199835e-03    5.1991497685e-07
    2.9995299410e-03    5.3610000350e-07
    3.0992000829e-03    5.5131101817e-07
    3.1995701138e-03    5.6572497442e-07
    3.2989298925e-03    5.7918197172e-07
    3.3990000375e-03    5.9212499082e-07
    3.4992299043e-03    6.0469398022e-07
    3.5994900391e-03    6.1694902342e-07
    3.6991399247e-03    6.2884100771e-07
    3.7988000549e-03    6.4055200255e-07
    3.8990399335e-03    6.5238998559e-07
    3.9989501238e-03    6.6457101866e-07
    4.0998598561e-03    6.7746202603e-07
    4.1998699307e-03    6.9106101819e-07
    4.2999498546e-03    7.0569097943e-07
    4.3994700536e-03    7.2132701234e-07
    4.4998601079e-03    7.3808098477e-07
    4.5997798443e-03    7.5549201028e-07
    4.6998099424e-03    7.7335397464e-07
    4.7999802046e-03    7.9136697195e-07
    4.8988298513e-03    8.0871001273e-07
    4.9999300390e-03    8.2541998836e-07
    5.0996299833e-03    8.4052402372e-07
    5.1989001222e-03    8.5405201844e-07
    5.2991001867e-03    8.6621298578e-07
    5.3996802308e-03    8.7711498509e-07
    5.4994598031e-03    8.8697800038e-07
    5.5996798910e-03    8.9637001111e-07
    5.6989500299e-03    9.0561701427e-07
    5.7990797795e-03    9.1527397217e-07
    5.8993799612e-03    9.2564300758e-07
    5.9988400899e-03    9.3679898328e-07
    6.0993097723e-03    9.4891197477e-07
    6.1997598968e-03    9.6174994724e-07
    6.2993299216e-03    9.7508200270e-07
    6.3995099626e-03    9.8825796613e-07
    6.4997998998e-03    9.9847204638e-07
    6.5998099744e-03    9.7374798584e+02
    6.6993101500e-03    6.8356500244e+02
    6.7994398996e-03    1.9662500000e+02
    6.8993298337e-03    9.9916303498e-07
    6.9996700622e-03    9.9752298865e-07
    7.0990598761e-03    9.9591898106e-07
    7.1994098835e-03    9.9460794445e-07
    7.2998502292e-03    9.9332100945e-07
    7.3997499421e-03    9.9164594758e-07
    7.4998298660e-03    9.8965404050e-07
    7.5995400548e-03    9.8766395240e-07
    7.6990402304e-03    9.8605801213e-07
    7.7999602072e-03    9.8472003174e-07
    7.8996699303e-03    9.8417399386e-07
    7.9996399581e-03    9.8371094737e-07
    8.0990400165e-03    9.8298801277e-07
    8.1995800138e-03    9.8178895769e-07
    8.2996003330e-03    9.8075895494e-07
    8.3998497576e-03    9.8027999229e-07
    8.4999296814e-03    9.8044301922e-07
    8.5993502289e-03    9.8091800282e-07
    8.6998501793e-03    9.8093903489e-07
    8.7996600196e-03    9.8056204934e-07
    8.8993897662e-03    9.8035400242e-07
    8.9999595657e-03    9.7989095593e-07
    9.0991398320e-03    9.7923202702e-07
    9.1992197558e-03    9.7856002412e-07
    9.2996703461e-03    9.7802103483e-07
    9.3999402598e-03    9.7722602277e-07
    9.4997603446e-03    9.7595398074e-07
    9.5999697223e-03    9.7466704574e-07
    9.6994796768e-03    9.7406905297e-07
    9.7993202507e-03    9.7384304354e-07
    9.8995296285e-03    9.7355405160e-07
    9.9999597296e-03    9.7325903425e-07
    1.0099500418e-02    9.7310100955e-07
    1.0199200362e-02    9.7301904134e-07
    1.0299299844e-02    9.7289705536e-07
    1.0399499908e-02    9.7274300970e-07
    1.0499199852e-02    9.7274698874e-07
    1.0599699803e-02    9.7297697721e-07
    1.0699300095e-02    9.7324596027e-07
    1.0799500160e-02    9.7343297512e-07
    1.0899599642e-02    9.7349800399e-07
    1.0999900289e-02    9.7355496109e-07
    1.1099799536e-02    9.7353904494e-07
    1.1199999601e-02    9.7342194749e-07
    1.1299399659e-02    9.7322595138e-07
    1.1399799958e-02    9.7299698609e-07
    1.1499599554e-02    9.7285999345e-07
    1.1599300429e-02    9.7281304079e-07
    1.1699499562e-02    9.7280599221e-07
    1.1799800210e-02    9.7272402400e-07
    1.1899899691e-02    9.7248903330e-07
    1.1999400333e-02    9.7206805094e-07
    1.2099999934e-02    9.7148404166e-07
    1.2199699879e-02    9.7081499462e-07
    1.2299899943e-02    9.7008694411e-07
    1.2399399653e-02    9.6932501492e-07
    1.2499400415e-02    9.6861094789e-07
    1.2599200010e-02    9.6802102689e-07
    1.2699499726e-02    9.6754695278e-07
    1.2799800374e-02    9.6725000276e-07
    1.2899500318e-02    9.6706401109e-07
    1.3000000268e-02    9.6696601304e-07
    1.3099499978e-02    9.6687597306e-07
    1.3199499808e-02    9.6671794836e-07
    1.3299300335e-02    9.6650694559e-07
    1.3399500400e-02    9.6629105428e-07
    1.3499700464e-02    9.6619601209e-07
    1.3599899597e-02    9.6621499779e-07
    1.3699499890e-02    9.6628502888e-07
    1.3799699955e-02    9.6637495517e-07
    1.3899900019e-02    9.6644998848e-07
    1.3999399729e-02    9.6656299320e-07
    1.4099500142e-02    9.6672295058e-07
    1.4199599624e-02    9.6700000540e-07
    1.4299900271e-02    9.6731105259e-07
    1.4399600215e-02    9.6753694834e-07
    1.4499500394e-02    9.6764802038e-07
    1.4599800110e-02    9.6774397207e-07
    1.4699599706e-02    9.6785197456e-07
    1.4799499884e-02    9.6791700344e-07
    1.4899999835e-02    9.6792302884e-07
    1.4999100007e-02    9.6790904536e-07
    1.5100000426e-02    9.6787005077e-07
    1.5199299902e-02    9.6783594472e-07
    1.5299499966e-02    9.6780695458e-07
    1.5399400145e-02    9.6776795999e-07
    1.5499999747e-02    9.6771395874e-07
    1.5599199571e-02    9.6767496416e-07
    1.5699699521e-02    9.6761596069e-07
    1.5799300745e-02    9.6749499789e-07
    1.5899600461e-02    9.6725898402e-07
    1.5999600291e-02    9.6690803275e-07
    1.6099199653e-02    9.6649205261e-07
    1.6199899837e-02    9.6604799182e-07
    1.6299400479e-02    9.6559097074e-07
    1.6399299726e-02    9.6506596492e-07
    1.6499500722e-02    9.6442499853e-07
    1.6599100083e-02    9.6369603853e-07
    1.6699900851e-02    9.6290500551e-07
    1.6799900681e-02    9.6211999789e-07
    1.6899500042e-02    9.6137705441e-07
    1.6999099404e-02    9.6070095879e-07
    1.7099399120e-02    9.6004396255e-07
    1.7199300230e-02    9.5930101907e-07
    1.7299899831e-02    9.5837503977e-07
    1.7399700359e-02    9.5724897164e-07
    1.7499599606e-02    9.5593600236e-07
    1.7599100247e-02    9.5452105597e-07
    1.7698800191e-02    9.5307001402e-07
    1.7799699679e-02    9.5164398317e-07
    1.7899399623e-02    9.5029997738e-07
    1.7999699339e-02    9.4891100844e-07
    1.8099600449e-02    9.4737998779e-07
    1.8200000748e-02    9.4562699360e-07
    1.8299600109e-02    9.4368999726e-07
    1.8399000168e-02    9.4164602160e-07
    1.8500000238e-02    9.3951598501e-07
    1.8599700183e-02    9.3737600082e-07
    1.8699400127e-02    9.3520702649e-07
    1.8799200654e-02    9.3300599247e-07
    1.8898900598e-02    9.3080302577e-07
    1.8999900669e-02    9.2860500445e-07
    1.9099600613e-02    9.2646899930e-07
    1.9199300557e-02    9.2439000809e-07
    1.9299000502e-02    9.2235302418e-07
    1.9400000572e-02    9.2032900056e-07
    1.9499700516e-02    9.1832799853e-07
    1.9599400461e-02    9.1633597776e-07
    1.9699199125e-02    9.1438499794e-07
    1.9798899069e-02    9.1250200285e-07
    1.9899800420e-02    9.1068397978e-07
    1.9999599084e-02    9.0895997573e-07
    2.0099300891e-02    9.0724000756e-07
    2.0199000835e-02    9.0544301656e-07
    2.0300000906e-02    9.0353000815e-07
    2.0399700850e-02    9.0158101784e-07
    2.0499400795e-02    8.9961099548e-07
    2.0599199459e-02    8.9764898803e-07
    2.0698899403e-02    8.9567402028e-07
    2.0799800754e-02    8.9363800271e-07
    2.0899599418e-02    8.9157799721e-07
    2.0999299362e-02    8.8947899712e-07
    2.1099099889e-02    8.8736402404e-07
    2.1198799834e-02    8.8526297759e-07
    2.1299799904e-02    8.8313197466e-07
    2.1399600431e-02    8.8097601747e-07
    2.1499300376e-02    8.7871597998e-07
    2.1599100903e-02    8.7633901558e-07
    2.1698800847e-02    8.7388599468e-07
    2.1799800918e-02    8.7139500238e-07
    2.1899599582e-02    8.6896102403e-07
    2.1999299526e-02    8.6657297516e-07
    2.2099100053e-02    8.6423000312e-07
    2.2198799998e-02    8.6191198534e-07
    2.2299800068e-02    8.5956099838e-07
    2.2399600595e-02    8.5720398602e-07
    2.2499300539e-02    8.5481201495e-07
    2.2599099204e-02    8.5240799308e-07
    2.2698799148e-02    8.5002500327e-07
    2.2799799219e-02    8.4765798647e-07
    2.2899599746e-02    8.4536799250e-07
    2.2999299690e-02    8.4310397597e-07
    2.3099100217e-02    8.4084501850e-07
    2.3199899122e-02    8.3855701405e-07
    2.3299399763e-02    8.3629601022e-07
    2.3399500176e-02    8.3400499307e-07
    2.3499799892e-02    8.3163797626e-07
    2.3599900305e-02    8.2915602206e-07
    2.3699900135e-02    8.2656197264e-07
    2.3799199611e-02    8.2392398326e-07
    2.3899499327e-02    8.2124000755e-07
    2.3999299854e-02    8.1859298007e-07
    2.4100000039e-02    8.1591900880e-07
    2.4199899286e-02    8.1324401435e-07
    2.4299399927e-02    8.1052502310e-07
    2.4399900809e-02    8.0765602206e-07
    2.4499600753e-02    8.0466702457e-07
    2.4599399418e-02    8.0156297599e-07
    2.4699099362e-02    7.9837002431e-07
    2.4798799306e-02    7.9510198248e-07
    2.4899799377e-02    7.9174998291e-07
    2.4999599904e-02    7.8843601159e-07
    2.5099299848e-02    7.8514602819e-07
    2.5198999792e-02    7.8191101238e-07
    2.5298800319e-02    7.7875097304e-07
    2.5399699807e-02    7.7563498735e-07
    2.5499500334e-02    7.7262899367e-07
    2.5599200279e-02    7.6969098473e-07
    2.5699000806e-02    7.6682198369e-07
    2.5799900293e-02    7.6398100646e-07
    2.5899700820e-02    7.6118800507e-07
    2.5999400765e-02    7.5841302305e-07
    2.6099199429e-02    7.5569198543e-07
    2.6198899373e-02    7.5305899827e-07
    2.6299899444e-02    7.5049700854e-07
    2.6399699971e-02    7.4804802352e-07
    2.6499399915e-02    7.4564900387e-07
    2.6599099860e-02    7.4329602739e-07
    2.6698900387e-02    7.4099898484e-07
    2.6799900457e-02    7.3875997941e-07
    2.6899600402e-02    7.3665398759e-07
    2.6999400929e-02    7.3464997286e-07
    2.7099100873e-02    7.3273901080e-07
    2.7198899537e-02    7.3091098329e-07
    2.7299800888e-02    7.2914298244e-07
    2.7399599552e-02    7.2746399837e-07
    2.7499299496e-02    7.2581201493e-07
    2.7599100024e-02    7.2414900387e-07
    2.7698799968e-02    7.2245501315e-07
    2.7799800038e-02    7.2071100021e-07
    2.7899600565e-02    7.1897198950e-07
    2.7999300510e-02    7.1724298323e-07
    2.8099099174e-02    7.1556399917e-07
    2.8198799118e-02    7.1398198997e-07
    2.8299799189e-02    7.1250201472e-07
    2.8399499133e-02    7.1115499622e-07
    2.8499299660e-02    7.0989398182e-07
    2.8599100187e-02    7.0867201885e-07
    2.8698800132e-02    7.0743698188e-07
    2.8799800202e-02    7.0615601544e-07
    2.8899500147e-02    7.0487300263e-07
    2.8999300674e-02    7.0360897553e-07
    2.9099000618e-02    7.0239298111e-07
    2.9198799282e-02    7.0123201112e-07
    2.9299799353e-02    7.0012100650e-07
    2.9399499297e-02    6.9910100819e-07
    2.9499299824e-02    6.9817701842e-07
    2.9598999768e-02    6.9737598096e-07
    2.9699999839e-02    6.9668698188e-07
    2.9799500480e-02    6.9610399578e-07
    2.9899500310e-02    6.9559797566e-07
    2.9999600723e-02    6.9514197776e-07
