       301
    0.0000000000e+00    0.0000000000e+00
    9.9796299764e-05    0.0000000000e+00
    1.9904400688e-04    3.6593099662e-09
    2.9883999377e-04    1.3695100165e-08
    3.9985298645e-04    2.4464700488e-08
    4.9964699429e-04    3.4947699845e-08
    5.9944001259e-04    4.5288999218e-08
    6.9923099363e-04    5.5434501434e-08
    7.9902197467e-04    6.5451800424e-08
    8.9881097665e-04    7.5321302972e-08
    9.9981704261e-04    8.5193498478e-08
    1.0995999910e-03    9.4826702934e-08
    1.1993800290e-03    1.0443900322e-07
    1.2991500553e-03    1.1410799772e-07
    1.3989099534e-03    1.2366899682e-07
    1.4998900006e-03    1.3320099868e-07
    1.5996400034e-03    1.4254000291e-07
    1.6993900063e-03    1.5185699453e-07
    1.7991500208e-03    1.6108900525e-07
    1.8989000237e-03    1.7014400555e-07
    1.9998599309e-03    1.7927500551e-07
    2.0995999221e-03    1.8836900040e-07
    2.1993198898e-03    1.9740200230e-07
    2.2990300786e-03    2.0644799292e-07
    2.3999600671e-03    2.1556999741e-07
    2.4996600114e-03    2.2453599513e-07
    2.5993599556e-03    2.3348400191e-07
    2.6990401093e-03    2.4232900842e-07
    2.7999400627e-03    2.5114400160e-07
    2.8996199835e-03    2.5966099315e-07
    2.9995299410e-03    2.6798198860e-07
    3.0992000829e-03    2.7610599318e-07
    3.1995701138e-03    2.8401399277e-07
    3.2989298925e-03    2.9153500236e-07
    3.3990000375e-03    2.9889500297e-07
    3.4992299043e-03    3.0607299095e-07
    3.5994900391e-03    3.1309099313e-07
    3.6991399247e-03    3.1995799077e-07
    3.7988000549e-03    3.2674600448e-07
    3.8990399335e-03    3.3352500850e-07
    3.9989501238e-03    3.4018600559e-07
    4.0998598561e-03    3.4678299698e-07
    4.1998699307e-03    3.5321198766e-07
    4.2999498546e-03    3.5959300249e-07
    4.3994700536e-03    3.6589599972e-07
    4.4998601079e-03    3.7218001125e-07
    4.5997798443e-03    3.7840499090e-07
    4.6998099424e-03    3.8463801388e-07
    4.7999802046e-03    3.9091298731e-07
    4.8988298513e-03    3.9718699441e-07
    4.9999300390e-03    4.0375400090e-07
    5.0996299833e-03    4.1036099674e-07
    5.1989001222e-03    4.1702099907e-07
    5.2991001867e-03    4.2380500531e-07
    5.3996802308e-03    4.3070099309e-07
    5.4994598031e-03    4.3763100166e-07
    5.5996798910e-03    4.4461501147e-07
    5.6989500299e-03    4.5146501293e-07
    5.7990797795e-03    4.5831200168e-07
    5.8993799612e-03    4.6513301299e-07
    5.9988400899e-03    4.7185199037e-07
    6.0993097723e-03    4.7856900665e-07
    6.1997598968e-03    4.8517597406e-07
    6.2993299216e-03    4.9157500825e-07
    6.3995099626e-03    4.9781198186e-07
    6.4997998998e-03    5.0394402251e-07
    6.5998099744e-03    5.0975597787e-07
    6.6993101500e-03    5.1494799891e-07
    6.7994398996e-03    5.1927497680e-07
    6.8993298337e-03    5.2257098559e-07
    6.9996700622e-03    5.2516702453e-07
    7.0990598761e-03    5.2802198525e-07
    7.1994098835e-03    5.3137000577e-07
    7.2998502292e-03    5.3377402764e-07
    7.3997499421e-03    5.3588297533e-07
    7.4998298660e-03    5.3773698028e-07
    7.5995400548e-03    5.3964697599e-07
    7.6990402304e-03    5.4138297401e-07
    7.7999602072e-03    5.4310299902e-07
    7.8996699303e-03    5.4589202136e-07
    7.9996399581e-03    5.4939397387e-07
    8.0990400165e-03    5.5255600273e-07
    8.1995800138e-03    5.5550901834e-07
    8.2996003330e-03    5.5864097703e-07
    8.3998497576e-03    5.6231300505e-07
    8.4999296814e-03    5.6640698176e-07
    8.5993502289e-03    5.7116602648e-07
    8.6998501793e-03    5.7620798088e-07
    8.7996600196e-03    5.8065097619e-07
    8.8993897662e-03    5.8468901898e-07
    8.9999595657e-03    5.8869801478e-07
    9.0991398320e-03    5.9264897345e-07
    9.1992197558e-03    5.9623198467e-07
    9.2996703461e-03    5.9943101860e-07
    9.3999402598e-03    6.0247600686e-07
    9.4997603446e-03    6.0526701873e-07
    9.5999697223e-03    6.0782701894e-07
    9.6994796768e-03    6.1007301611e-07
    9.7993202507e-03    6.1232202597e-07
    9.8995296285e-03    6.1444097810e-07
    9.9999597296e-03    6.1615901359e-07
    1.0099500418e-02    6.1761602410e-07
    1.0199200362e-02    6.1887999436e-07
    1.0299299844e-02    6.2003897483e-07
    1.0399499908e-02    6.2097001319e-07
    1.0499199852e-02    6.2153401359e-07
    1.0599699803e-02    6.2183499949e-07
    1.0699300095e-02    6.2190900962e-07
    1.0799500160e-02    6.2182698457e-07
    1.0899599642e-02    6.2166100179e-07
    1.0999900289e-02    6.2132500034e-07
    1.1099799536e-02    6.2082102659e-07
    1.1199999601e-02    6.2030198933e-07
    1.1299399659e-02    6.1987202571e-07
    1.1399799958e-02    6.1955898900e-07
    1.1499599554e-02    6.1929199546e-07
    1.1599300429e-02    6.1894297687e-07
    1.1699499562e-02    6.1843002186e-07
    1.1799800210e-02    6.1777501514e-07
    1.1899899691e-02    6.1694902342e-07
    1.1999400333e-02    6.1588502831e-07
    1.2099999934e-02    6.1446297650e-07
    1.2199699879e-02    6.1269201979e-07
    1.2299899943e-02    6.1065298951e-07
    1.2399399653e-02    6.0843797201e-07
    1.2499400415e-02    6.0602798158e-07
    1.2599200010e-02    6.0345598740e-07
    1.2699499726e-02    6.0072198949e-07
    1.2799800374e-02    5.9788601448e-07
    1.2899500318e-02    5.9495602045e-07
    1.3000000268e-02    5.9194502455e-07
    1.3099499978e-02    5.8898899624e-07
    1.3199499808e-02    5.8601801811e-07
    1.3299300335e-02    5.8298002159e-07
    1.3399500400e-02    5.7983299939e-07
    1.3499700464e-02    5.7662299469e-07
    1.3599899597e-02    5.7338900206e-07
    1.3699499890e-02    5.7020702116e-07
    1.3799699955e-02    5.6710098306e-07
    1.3899900019e-02    5.6413102811e-07
    1.3999399729e-02    5.6124099501e-07
    1.4099500142e-02    5.5828002132e-07
    1.4199599624e-02    5.5529397969e-07
    1.4299900271e-02    5.5229298823e-07
    1.4399600215e-02    5.4936100469e-07
    1.4499500394e-02    5.4652298331e-07
    1.4599800110e-02    5.4377699144e-07
    1.4699599706e-02    5.4111097825e-07
    1.4799499884e-02    5.3842097714e-07
    1.4899999835e-02    5.3564002656e-07
    1.4999100007e-02    5.3278597534e-07
    1.5100000426e-02    5.2980402643e-07
    1.5199299902e-02    5.2684697494e-07
    1.5299499966e-02    5.2386201332e-07
    1.5399400145e-02    5.2084499202e-07
    1.5499999747e-02    5.1769399079e-07
    1.5599199571e-02    5.1445397276e-07
    1.5699699521e-02    5.1107798527e-07
    1.5799300745e-02    5.0766101367e-07
    1.5899600461e-02    5.0419197350e-07
    1.5999600291e-02    5.0072100066e-07
    1.6099199653e-02    4.9725701956e-07
    1.6199899837e-02    4.9373397815e-07
    1.6299400479e-02    4.9021298310e-07
    1.6399299726e-02    4.8665998520e-07
    1.6499500722e-02    4.8309300382e-07
    1.6599100083e-02    4.7956399385e-07
    1.6699900851e-02    4.7603398912e-07
    1.6799900681e-02    4.7258200198e-07
    1.6899500042e-02    4.6919100782e-07
    1.6999099404e-02    4.6582499635e-07
    1.7099399120e-02    4.6245298790e-07
    1.7199300230e-02    4.5911801294e-07
    1.7299899831e-02    4.5581001018e-07
    1.7399700359e-02    4.5256999215e-07
    1.7499599606e-02    4.4933599952e-07
    1.7599100247e-02    4.4610999339e-07
    1.7698800191e-02    4.4288398726e-07
    1.7799699679e-02    4.3962501195e-07
    1.7899399623e-02    4.3638800662e-07
    1.7999699339e-02    4.3310600972e-07
    1.8099600449e-02    4.2982799187e-07
    1.8200000748e-02    4.2653999799e-07
    1.8299600109e-02    4.2329699568e-07
    1.8399000168e-02    4.2009901335e-07
    1.8500000238e-02    4.1687201247e-07
    1.8599700183e-02    4.1370500981e-07
    1.8699400127e-02    4.1056600253e-07
    1.8799200654e-02    4.0745499064e-07
    1.8898900598e-02    4.0439201143e-07
    1.8999900669e-02    4.0134401047e-07
    1.9099600613e-02    3.9833199139e-07
    1.9199300557e-02    3.9529300011e-07
    1.9299000502e-02    3.9226000581e-07
    1.9400000572e-02    3.8927998958e-07
    1.9499700516e-02    3.8643599964e-07
    1.9599400461e-02    3.8369600475e-07
    1.9699199125e-02    3.8107501155e-07
    1.9798899069e-02    3.7857398638e-07
    1.9899800420e-02    3.7614898929e-07
    1.9999599084e-02    3.7384799612e-07
    2.0099300891e-02    3.7164500100e-07
    2.0199000835e-02    3.6953900917e-07
    2.0300000906e-02    3.6748099319e-07
    2.0399700850e-02    3.6547200466e-07
    2.0499400795e-02    3.6348498611e-07
    2.0599199459e-02    3.6157399563e-07
    2.0698899403e-02    3.5977399193e-07
    2.0799800754e-02    3.5808000121e-07
    2.0899599418e-02    3.5654099406e-07
    2.0999299362e-02    3.5515398622e-07
    2.1099099889e-02    3.5395899545e-07
    2.1198799834e-02    3.5296699252e-07
    2.1299799904e-02    3.5215998651e-07
    2.1399600431e-02    3.5154099010e-07
    2.1499300376e-02    3.5105401253e-07
    2.1599100903e-02    3.5063700921e-07
    2.1698800847e-02    3.5025800571e-07
    2.1799800918e-02    3.4990100062e-07
    2.1899599582e-02    3.4957000139e-07
    2.1999299526e-02    3.4923300518e-07
    2.2099100053e-02    3.4885999867e-07
    2.2198799998e-02    3.4844100583e-07
    2.2299800068e-02    3.4797199078e-07
    2.2399600595e-02    3.4747799305e-07
    2.2499300539e-02    3.4697299611e-07
    2.2599099204e-02    3.4646700442e-07
    2.2698799148e-02    3.4596101273e-07
    2.2799799219e-02    3.4543299421e-07
    2.2899599746e-02    3.4487200651e-07
    2.2999299690e-02    3.4425801232e-07
    2.3099100217e-02    3.4359101164e-07
    2.3199899122e-02    3.4287100448e-07
    2.3299399763e-02    3.4211601019e-07
    2.3399500176e-02    3.4128999005e-07
    2.3499799892e-02    3.4036798979e-07
    2.3599900305e-02    3.3932801102e-07
    2.3699900135e-02    3.3816999689e-07
    2.3799199611e-02    3.3692299439e-07
    2.3899499327e-02    3.3560300494e-07
    2.3999299854e-02    3.3425598644e-07
    2.4100000039e-02    3.3287500401e-07
    2.4199899286e-02    3.3149800061e-07
    2.4299399927e-02    3.3013398593e-07
    2.4399900809e-02    3.2876698697e-07
    2.4499600753e-02    3.2741999689e-07
    2.4599399418e-02    3.2607999856e-07
    2.4699099362e-02    3.2473201372e-07
    2.4798799306e-02    3.2335898936e-07
    2.4899799377e-02    3.2194500932e-07
    2.4999599904e-02    3.2053100085e-07
    2.5099299848e-02    3.1909300446e-07
    2.5198999792e-02    3.1761800301e-07
    2.5298800319e-02    3.1609300777e-07
    2.5399699807e-02    3.1448800542e-07
    2.5499500334e-02    3.1283400403e-07
    2.5599200279e-02    3.1110999998e-07
    2.5699000806e-02    3.0933000517e-07
    2.5799900293e-02    3.0748600466e-07
    2.5899700820e-02    3.0562000575e-07
    2.5999400765e-02    3.0369000115e-07
    2.6099199429e-02    3.0167899467e-07
    2.6198899373e-02    2.9960000347e-07
    2.6299899444e-02    2.9744600738e-07
    2.6399699971e-02    2.9528800383e-07
    2.6499399915e-02    2.9310700711e-07
    2.6599099860e-02    2.9089699183e-07
    2.6698900387e-02    2.8865500212e-07
    2.6799900457e-02    2.8635000149e-07
    2.6899600402e-02    2.8405298735e-07
    2.6999400929e-02    2.8176799560e-07
    2.7099100873e-02    2.7951600146e-07
    2.7198899537e-02    2.7729601015e-07
    2.7299800888e-02    2.7506700917e-07
    2.7399599552e-02    2.7287799753e-07
    2.7499299496e-02    2.7070200304e-07
    2.7599100024e-02    2.6853399504e-07
    2.7698799968e-02    2.6636800499e-07
    2.7799800038e-02    2.6417299637e-07
    2.7899600565e-02    2.6200100933e-07
    2.7999300510e-02    2.5981600515e-07
    2.8099099174e-02    2.5760598987e-07
    2.8198799118e-02    2.5537698889e-07
    2.8299799189e-02    2.5310200158e-07
    2.8399499133e-02    2.5082999855e-07
    2.8499299660e-02    2.4851098601e-07
    2.8599100187e-02    2.4611898652e-07
    2.8698800132e-02    2.4363498596e-07
    2.8799800202e-02    2.4101498752e-07
    2.8899500147e-02    2.3832400586e-07
    2.8999300674e-02    2.3554800066e-07
    2.9099000618e-02    2.3270200700e-07
    2.9198799282e-02    2.2978700542e-07
    2.9299799353e-02    2.2676199762e-07
    2.9399499297e-02    2.2369499675e-07
    2.9499299824e-02    2.2055900217e-07
    2.9598999768e-02    2.1737500333e-07
    2.9699999839e-02    2.1409900341e-07
    2.9799500480e-02    2.1080499835e-07
    2.9899500310e-02    2.0745200402e-07
    2.9999600723e-02    2.0407600232e-07
