       301
    0.0000000000e+00    0.0000000000e+00
    9.9796299764e-05    0.0000000000e+00
    1.9887600502e-04    6.6367400464e-09
    2.9988799361e-04    1.9843399812e-08
    3.9968400961e-04    3.3226399410e-08
    4.9947702792e-04    4.6431999579e-08
    5.9926800895e-04    5.9417899934e-08
    6.9905800046e-04    7.2086699276e-08
    7.9884601291e-04    8.4512400633e-08
    8.9984899387e-04    9.6907797342e-08
    9.9962996319e-04    1.0909800352e-07
    1.0993999895e-03    1.2101600078e-07
    1.1991600040e-03    1.3273999855e-07
    1.2989100069e-03    1.4455500263e-07
    1.3998800423e-03    1.5652000229e-07
    1.4996300451e-03    1.6820800397e-07
    1.5993700363e-03    1.7959500553e-07
    1.6991200391e-03    1.9106599325e-07
    1.7988500185e-03    2.0269300194e-07
    1.8997900188e-03    2.1425199748e-07
    1.9994999748e-03    2.2568499958e-07
    2.0991999190e-03    2.3732600596e-07
    2.1988900844e-03    2.4926799824e-07
    2.2997900378e-03    2.6162300060e-07
    2.3995400406e-03    2.7389000934e-07
    2.4993000552e-03    2.8626999438e-07
    2.5992700830e-03    2.9900999721e-07
    2.6996699162e-03    3.1224499253e-07
    2.7994900011e-03    3.2574300235e-07
    2.8998900671e-03    3.3944598954e-07
    2.9996300582e-03    3.5317100355e-07
    3.0994398985e-03    3.6704000195e-07
    3.1993100420e-03    3.8087699750e-07
    3.2999499235e-03    3.9460201151e-07
    3.3995499834e-03    4.0808600943e-07
    3.4996699542e-03    4.2164600700e-07
    3.5997999366e-03    4.3510598857e-07
    3.6997599527e-03    4.4830798629e-07
    3.7991800345e-03    4.6111401275e-07
    3.8993700873e-03    4.7367399247e-07
    3.9995699190e-03    4.8584598744e-07
    4.0997802280e-03    4.9743897534e-07
    4.1999998502e-03    5.0839099686e-07
    4.2992900126e-03    5.1857597327e-07
    4.3992600404e-03    5.2821297913e-07
    4.4999499805e-03    5.3743099215e-07
    4.5991698280e-03    5.4626400470e-07
    4.6993498690e-03    5.5504000329e-07
    4.7990898602e-03    5.6380400792e-07
    4.8996899277e-03    5.7275400422e-07
    4.9992701970e-03    5.8179102780e-07
    5.0999200903e-03    5.9115200202e-07
    5.1987902261e-03    6.0057101336e-07
    5.2995099686e-03    6.1028401888e-07
    5.3999400698e-03    6.1984297872e-07
    5.4991398938e-03    6.2893400354e-07
    5.5988300592e-03    6.3763599201e-07
    5.6996499188e-03    6.4597799110e-07
    5.7994299568e-03    6.5376502789e-07
    5.8994600549e-03    6.6122402131e-07
    5.9998598881e-03    6.6852601321e-07
    6.0994098894e-03    6.7570198325e-07
    6.1992402188e-03    6.8284600729e-07
    6.2998197973e-03    6.8988197199e-07
    6.3992901705e-03    6.9659000701e-07
    6.4996602014e-03    7.0300802690e-07
    6.5999901854e-03    7.0894299142e-07
    6.6996598616e-03    7.1425500892e-07
    6.7997798324e-03    7.1894601206e-07
    6.8995598704e-03    7.2298502118e-07
    6.9991000928e-03    7.2648998639e-07
    7.0992200635e-03    7.2954100006e-07
    7.1995500475e-03    7.3223702657e-07
    7.2996402159e-03    7.3481299978e-07
    7.3998300359e-03    7.3739897744e-07
    7.4999998324e-03    7.4005799888e-07
    7.5996601954e-03    7.4287902407e-07
    7.6997000724e-03    7.4597699040e-07
    7.7994498424e-03    7.4935900329e-07
    7.8996103257e-03    7.5284100376e-07
    7.9993298277e-03    7.5522797260e-07
    8.0994600430e-03    7.5814801903e-07
    8.1995604560e-03    7.6148501194e-07
    8.2997400314e-03    7.6351199141e-07
    8.3999903873e-03    7.6603402022e-07
    8.4990803152e-03    7.6936998994e-07
    8.5995299742e-03    7.7328002135e-07
    8.6994199082e-03    7.7703998613e-07
    8.7993303314e-03    7.8067199638e-07
    8.8993096724e-03    7.8416297811e-07
    8.9991297573e-03    7.8670598214e-07
    9.0993298218e-03    7.8736798059e-07
    9.1999899596e-03    7.8701600614e-07
    9.2999199405e-03    7.8638100831e-07
    9.3998499215e-03    7.8495202160e-07
    9.4993803650e-03    7.8335102671e-07
    9.5997201279e-03    7.8156699601e-07
    9.6995998174e-03    7.7923300523e-07
    9.7994804382e-03    7.7711797530e-07
    9.8999300972e-03    7.7583399616e-07
    9.9997995421e-03    7.7527897702e-07
    1.0099500418e-02    7.7540101984e-07
    1.0199800134e-02    7.7556700262e-07
    1.0300000198e-02    7.7540602206e-07
    1.0399599560e-02    7.7506297202e-07
    1.0499300435e-02    7.7491097272e-07
    1.0599499568e-02    7.7505899299e-07
    1.0699699633e-02    7.7556899214e-07
    1.0800000280e-02    7.7637201912e-07
    1.0899499990e-02    7.7714901181e-07
    1.0999700055e-02    7.7761802686e-07
    1.1099900119e-02    7.7771102269e-07
    1.1199399829e-02    7.7758397765e-07
    1.1299599893e-02    7.7753998085e-07
    1.1399899609e-02    7.7760597605e-07
    1.1499400251e-02    7.7775501950e-07
    1.1599600315e-02    7.7781299979e-07
    1.1699699797e-02    7.7765298556e-07
    1.1799899861e-02    7.7703202805e-07
    1.1899500154e-02    7.7591198533e-07
    1.1999700218e-02    7.7440000723e-07
    1.2099499814e-02    7.7270300380e-07
    1.2199699879e-02    7.7091101502e-07
    1.2299899943e-02    7.6889597267e-07
    1.2399599887e-02    7.6668800375e-07
    1.2499799952e-02    7.6440102248e-07
    1.2599299662e-02    7.6230298873e-07
    1.2699600309e-02    7.6047001585e-07
    1.2799399905e-02    7.5904898722e-07
    1.2899599969e-02    7.5796202736e-07
    1.2999599800e-02    7.5709300518e-07
    1.3099599630e-02    7.5620397411e-07
    1.3199199922e-02    7.5516197739e-07
    1.3299399987e-02    7.5391199061e-07
    1.3399399817e-02    7.5255400134e-07
    1.3499599881e-02    7.5102502706e-07
    1.3599299826e-02    7.4907501357e-07
    1.3699599542e-02    7.4691502050e-07
    1.3799699955e-02    7.4462002431e-07
    1.3899699785e-02    7.4217399515e-07
    1.3999800198e-02    7.3948598356e-07
    1.4099200256e-02    7.3688300972e-07
    1.4199799858e-02    7.3464400430e-07
    1.4299400151e-02    7.3274799206e-07
    1.4399499632e-02    7.3086999919e-07
    1.4499399811e-02    7.2892299841e-07
    1.4599899761e-02    7.2676499485e-07
    1.4699200168e-02    7.2412399277e-07
    1.4799199998e-02    7.2107701499e-07
    1.4899300411e-02    7.1801400736e-07
    1.4999699779e-02    7.1489802167e-07
    1.5099500306e-02    7.1163702842e-07
    1.5199500136e-02    7.0823801934e-07
    1.5299599618e-02    7.0478802172e-07
    1.5399799682e-02    7.0135797614e-07
    1.5499100089e-02    6.9812102765e-07
    1.5599300154e-02    6.9503499844e-07
    1.5699399635e-02    6.9213899678e-07
    1.5799500048e-02    6.8944200393e-07
    1.5899399295e-02    6.8688797228e-07
    1.5999300405e-02    6.8431398859e-07
    1.6099199653e-02    6.8155401323e-07
    1.6199599952e-02    6.7856899477e-07
    1.6299899668e-02    6.7554401539e-07
    1.6400000080e-02    6.7251698965e-07
    1.6499400139e-02    6.6948797439e-07
    1.6599100083e-02    6.6649397468e-07
    1.6699500382e-02    6.6356898287e-07
    1.6799800098e-02    6.6064399107e-07
    1.6899799928e-02    6.5761599899e-07
    1.6999499872e-02    6.5455202503e-07
    1.7099700868e-02    6.5167301955e-07
    1.7200000584e-02    6.4905799491e-07
    1.7300000414e-02    6.4657001531e-07
    1.7399100587e-02    6.4408999378e-07
    1.7499100417e-02    6.4149401169e-07
    1.7598899081e-02    6.3877399725e-07
    1.7699899152e-02    6.3587498289e-07
    1.7799599096e-02    6.3285500573e-07
    1.7899399623e-02    6.2967097847e-07
    1.7999099568e-02    6.2638798681e-07
    1.8098900095e-02    6.2307702819e-07
    1.8199799582e-02    6.1968097498e-07
    1.8299199641e-02    6.1628600179e-07
    1.8399199471e-02    6.1289301811e-07
    1.8499299884e-02    6.0960002202e-07
    1.8599700183e-02    6.0647801092e-07
    1.8699599430e-02    6.0351999309e-07
    1.8798999488e-02    6.0061802287e-07
    1.8899999559e-02    5.9774197325e-07
    1.8999699503e-02    5.9507402739e-07
    1.9099500030e-02    5.9241398276e-07
    1.9199199975e-02    5.8970101691e-07
    1.9299000502e-02    5.8702397610e-07
    1.9400000572e-02    5.8451701079e-07
    1.9499700516e-02    5.8211099940e-07
    1.9599400461e-02    5.7978297718e-07
    1.9699700177e-02    5.7753300098e-07
    1.9799599424e-02    5.7519599750e-07
    1.9899699837e-02    5.7273797438e-07
    1.9999500364e-02    5.7043200741e-07
    2.0099200308e-02    5.6835699525e-07
    2.0199000835e-02    5.6626601008e-07
    2.0300000906e-02    5.6405701798e-07
    2.0399700850e-02    5.6188599729e-07
    2.0499499515e-02    5.5970599533e-07
    2.0599199459e-02    5.5757402606e-07
    2.0698999986e-02    5.5560900591e-07
    2.0800000057e-02    5.5373601526e-07
    2.0899700001e-02    5.5186899317e-07
    2.0999500528e-02    5.4999799204e-07
    2.1099299192e-02    5.4821498452e-07
    2.1198999137e-02    5.4652497283e-07
    2.1299999207e-02    5.4489697732e-07
    2.1399799734e-02    5.4336800304e-07
    2.1499499679e-02    5.4183897191e-07
    2.1599300206e-02    5.4024201290e-07
    2.1699000150e-02    5.3866597227e-07
    2.1798800677e-02    5.3720901860e-07
    2.1899800748e-02    5.3584500392e-07
    2.1999500692e-02    5.3456301430e-07
    2.2099299356e-02    5.3331797290e-07
    2.2198999301e-02    5.3210698070e-07
    2.2298799828e-02    5.3094601071e-07
    2.2399799898e-02    5.2980402643e-07
    2.2499499843e-02    5.2866300848e-07
    2.2599300370e-02    5.2749498991e-07
    2.2699100897e-02    5.2633697578e-07
    2.2798800841e-02    5.2515798643e-07
    2.2899800912e-02    5.2388799077e-07
    2.2999500856e-02    5.2255899163e-07
    2.3099299520e-02    5.2120901728e-07
    2.3198999465e-02    5.1985102800e-07
    2.3298799992e-02    5.1845199778e-07
    2.3399800062e-02    5.1699100823e-07
    2.3499500006e-02    5.1554297897e-07
    2.3599300534e-02    5.1415401003e-07
    2.3699000478e-02    5.1283802804e-07
    2.3798799142e-02    5.1152699143e-07
    2.3899799213e-02    5.1014700375e-07
    2.3999499157e-02    5.0870301038e-07
    2.4099199101e-02    5.0713998689e-07
    2.4198999628e-02    5.0549999742e-07
    2.4299999699e-02    5.0375899718e-07
    2.4399699643e-02    5.0204397439e-07
    2.4499500170e-02    5.0018797992e-07
    2.4599200115e-02    4.9828202009e-07
    2.4699000642e-02    4.9641602118e-07
    2.4800000712e-02    4.9456298257e-07
    2.4899700657e-02    4.9280197345e-07
    2.4999499321e-02    4.9115902812e-07
    2.5099199265e-02    4.8959998367e-07
    2.5198999792e-02    4.8800200148e-07
    2.5299899280e-02    4.8632102789e-07
    2.5399699807e-02    4.8471497394e-07
    2.5499399751e-02    4.8319600410e-07
    2.5599200279e-02    4.8167601108e-07
    2.5698900223e-02    4.8013902187e-07
    2.5799900293e-02    4.7842701179e-07
    2.5899700820e-02    4.7646901180e-07
    2.5999400765e-02    4.7428000016e-07
    2.6099199429e-02    4.7197698905e-07
    2.6198899373e-02    4.6959300448e-07
    2.6299899444e-02    4.6704300871e-07
    2.6399599388e-02    4.6442499979e-07
    2.6499399915e-02    4.6177899549e-07
    2.6599099860e-02    4.5909499136e-07
    2.6698900387e-02    4.5636400614e-07
    2.6799900457e-02    4.5358999046e-07
    2.6899600402e-02    4.5086000000e-07
    2.6999400929e-02    4.4814001399e-07
    2.7099100873e-02    4.4541698685e-07
    2.7198899537e-02    4.4268500687e-07
    2.7299899608e-02    4.3987199660e-07
    2.7399599552e-02    4.3703201413e-07
    2.7499400079e-02    4.3416901008e-07
    2.7599100024e-02    4.3128798666e-07
    2.7698900551e-02    4.2838399850e-07
    2.7799900621e-02    4.2546199097e-07
    2.7899600565e-02    4.2259898692e-07
    2.7999900281e-02    4.1972799636e-07
    2.8099799529e-02    4.1687300723e-07
    2.8199700639e-02    4.1403299633e-07
    2.8299899772e-02    4.1120500782e-07
    2.8399199247e-02    4.0844000182e-07
    2.8499500826e-02    4.0572300009e-07
    2.8599699959e-02    4.0309899418e-07
    2.8699500486e-02    4.0057099682e-07
    2.8799600899e-02    3.9806099039e-07
    2.8899500147e-02    3.9553799525e-07
    2.8999499977e-02    3.9299499122e-07
    2.9099799693e-02    3.9040500610e-07
    2.9199000448e-02    3.8775499434e-07
    2.9299300164e-02    3.8504100530e-07
    2.9399599880e-02    3.8233199007e-07
    2.9499800876e-02    3.7960799659e-07
    2.9599400237e-02    3.7683699361e-07
    2.9699599370e-02    3.7407099285e-07
    2.9799699783e-02    3.7134199715e-07
    2.9899999499e-02    3.6865199604e-07
    2.9999300838e-02    3.6597799635e-07
