       301
    0.0000000000e+00    0.0000000000e+00
    9.9796299764e-05    0.0000000000e+00
    1.9887600502e-04    1.0823899999e-08
    2.9988799361e-04    2.8121199591e-08
    3.9968400961e-04    4.5559200856e-08
    4.9947702792e-04    6.2839802695e-08
    5.9926800895e-04    7.9955100318e-08
    6.9905800046e-04    9.6848602027e-08
    7.9884601291e-04    1.1353800033e-07
    8.9984899387e-04    1.3042900093e-07
    9.9962996319e-04    1.4710499840e-07
    1.0993999895e-03    1.6376100120e-07
    1.1991600040e-03    1.8055000339e-07
    1.2989100069e-03    1.9748499369e-07
    1.3998800423e-03    2.1473900347e-07
    1.4996300451e-03    2.3213600286e-07
    1.5993700363e-03    2.4983199864e-07
    1.6991200391e-03    2.6791099117e-07
    1.7988500185e-03    2.8640599226e-07
    1.8997900188e-03    3.0564299891e-07
    1.9994999748e-03    3.2502398994e-07
    2.0991999190e-03    3.4473799815e-07
    2.1988900844e-03    3.6461298691e-07
    2.2997900378e-03    3.8471898733e-07
    2.3995400406e-03    4.0426400005e-07
    2.4993000552e-03    4.2318399096e-07
    2.5992700830e-03    4.4142399247e-07
    2.6996699162e-03    4.5893099809e-07
    2.7994900011e-03    4.7548701332e-07
    2.8998900671e-03    4.9120097856e-07
    2.9996300582e-03    5.0577699540e-07
    3.0994398985e-03    5.1929100664e-07
    3.1993100420e-03    5.3189000937e-07
    3.2999499235e-03    5.4380700476e-07
    3.3995499834e-03    5.5496502682e-07
    3.4996699542e-03    5.6567597539e-07
    3.5997999366e-03    5.7600198033e-07
    3.6997599527e-03    5.8603598063e-07
    3.7991800345e-03    5.9584897372e-07
    3.8993700873e-03    6.0575200678e-07
    3.9995699190e-03    6.1595801526e-07
    4.0997802280e-03    6.2667601242e-07
    4.1999998502e-03    6.3816600004e-07
    4.2992900126e-03    6.5049800924e-07
    4.3992600404e-03    6.6393698717e-07
    4.4999499805e-03    6.7841597229e-07
    4.5991698280e-03    6.9341001563e-07
    4.6993498690e-03    7.0903502092e-07
    4.7990898602e-03    7.2473301316e-07
    4.8996899277e-03    7.4009199125e-07
    4.9992701970e-03    7.5426299873e-07
    5.0999200903e-03    7.6719999242e-07
    5.1987902261e-03    7.7841201573e-07
    5.2995099686e-03    7.8835802242e-07
    5.3999400698e-03    7.9693501220e-07
    5.4991398938e-03    8.0439099293e-07
    5.5988300592e-03    8.1127598150e-07
    5.6996499188e-03    8.1805200125e-07
    5.7994299568e-03    8.2497899712e-07
    5.8994600549e-03    8.3249898353e-07
    5.9998598881e-03    8.4083700358e-07
    6.0994098894e-03    8.4994400140e-07
    6.1992402188e-03    8.5978399511e-07
    6.2998197973e-03    8.7021800255e-07
    6.3992901705e-03    8.8094299144e-07
    6.4996602014e-03    8.9202598019e-07
    6.5999901854e-03    9.0308100198e-07
    6.6996598616e-03    9.1363801857e-07
    6.7997798324e-03    9.2333897328e-07
    6.8995598704e-03    9.3178198313e-07
    6.9991000928e-03    9.3893800113e-07
    7.0992200635e-03    9.4486000535e-07
    7.1995500475e-03    9.4970397413e-07
    7.2996402159e-03    9.5360701380e-07
    7.3998300359e-03    9.5691802926e-07
    7.4999998324e-03    9.6003805083e-07
    7.5996601954e-03    9.6336202660e-07
    7.6997000724e-03    9.6723499610e-07
    7.7994498424e-03    9.7152701528e-07
    7.8996103257e-03    9.7594397630e-07
    7.9993298277e-03    9.8196198905e-07
    8.0994600430e-03    9.8689497463e-07
    8.1995604560e-03    9.8950101801e-07
    8.2997400314e-03    9.9047895219e-07
    8.3999903873e-03    9.9028500244e-07
    8.4990803152e-03    9.8913301372e-07
    8.5995299742e-03    9.8785596947e-07
    8.6994199082e-03    9.8699501905e-07
    8.7993303314e-03    9.8588202491e-07
    8.8993096724e-03    9.8478801647e-07
    8.9991297573e-03    9.8393604731e-07
    9.0993298218e-03    9.8348903066e-07
    9.1999899596e-03    9.8342400179e-07
    9.2999199405e-03    9.8345594779e-07
    9.3998499215e-03    9.8359805634e-07
    9.4993803650e-03    9.8386999525e-07
    9.5997201279e-03    9.8400801107e-07
    9.6995998174e-03    9.8452596831e-07
    9.7994804382e-03    9.8486600564e-07
    9.8999300972e-03    9.8485395483e-07
    9.9997995421e-03    9.8495297607e-07
    1.0099500418e-02    9.8525197245e-07
    1.0199800134e-02    9.8551902283e-07
    1.0300000198e-02    9.8551799965e-07
    1.0399599560e-02    9.8518796676e-07
    1.0499300435e-02    9.8467694443e-07
    1.0599499568e-02    9.8443194929e-07
    1.0699699633e-02    9.8435396012e-07
    1.0800000280e-02    9.8428495221e-07
    1.0899499990e-02    9.8421799066e-07
    1.0999700055e-02    9.8400698789e-07
    1.1099900119e-02    9.8358896139e-07
    1.1199399829e-02    9.8314694696e-07
    1.1299599893e-02    9.8281395822e-07
    1.1399899609e-02    9.8256896308e-07
    1.1499400251e-02    9.8237001112e-07
    1.1599600315e-02    9.8201894616e-07
    1.1699699797e-02    9.8144198546e-07
    1.1799899861e-02    9.8073394383e-07
    1.1899500154e-02    9.8003204130e-07
    1.1999700218e-02    9.7939903299e-07
    1.2099499814e-02    9.7900101537e-07
    1.2199699879e-02    9.7892598205e-07
    1.2299899943e-02    9.7907195595e-07
    1.2399599887e-02    9.7925897080e-07
    1.2499799952e-02    9.7928898413e-07
    1.2599299662e-02    9.7922202258e-07
    1.2699600309e-02    9.7899203411e-07
    1.2799399905e-02    9.7854194792e-07
    1.2899599969e-02    9.7778899999e-07
    1.2999599800e-02    9.7678605471e-07
    1.3099599630e-02    9.7553504474e-07
    1.3199199922e-02    9.7412703326e-07
    1.3299399987e-02    9.7257395737e-07
    1.3399399817e-02    9.7101303709e-07
    1.3499599881e-02    9.6980397757e-07
    1.3599299826e-02    9.6906194358e-07
    1.3699599542e-02    9.6849703368e-07
    1.3799699955e-02    9.6796702564e-07
    1.3899699785e-02    9.6723795195e-07
    1.3999800198e-02    9.6644703262e-07
    1.4099200256e-02    9.6563894658e-07
    1.4199799858e-02    9.6476901490e-07
    1.4299400151e-02    9.6374697023e-07
    1.4399499632e-02    9.6247003967e-07
    1.4499399811e-02    9.6085796031e-07
    1.4599899761e-02    9.5900099950e-07
    1.4699200168e-02    9.5714301551e-07
    1.4799199998e-02    9.5531595434e-07
    1.4899300411e-02    9.5352601193e-07
    1.4999699779e-02    9.5181098914e-07
    1.5099500306e-02    9.5015997204e-07
    1.5199500136e-02    9.4845097465e-07
    1.5299599618e-02    9.4671997886e-07
    1.5399799682e-02    9.4496300562e-07
    1.5499100089e-02    9.4311798193e-07
    1.5599300154e-02    9.4109998372e-07
    1.5699399635e-02    9.3896602493e-07
    1.5799500048e-02    9.3674299251e-07
    1.5899399295e-02    9.3446601568e-07
    1.5999300405e-02    9.3205198937e-07
    1.6099199653e-02    9.2945202823e-07
    1.6199599952e-02    9.2679101726e-07
    1.6299899668e-02    9.2418201803e-07
    1.6400000080e-02    9.2168801302e-07
    1.6499400139e-02    9.1939301683e-07
    1.6599100083e-02    9.1728998086e-07
    1.6699500382e-02    9.1528897883e-07
    1.6799800098e-02    9.1324000095e-07
    1.6899799928e-02    9.1099701649e-07
    1.6999499872e-02    9.0859100510e-07
    1.7099700868e-02    9.0600298108e-07
    1.7200000584e-02    9.0321901780e-07
    1.7300000414e-02    9.0026600219e-07
    1.7399100587e-02    8.9724801455e-07
    1.7499100417e-02    8.9422900373e-07
    1.7598899081e-02    8.9134999826e-07
    1.7699899152e-02    8.8858598701e-07
    1.7799599096e-02    8.8604599568e-07
    1.7899399623e-02    8.8370899221e-07
    1.7999099568e-02    8.8152097533e-07
    1.8098900095e-02    8.7932801307e-07
    1.8199799582e-02    8.7705097940e-07
    1.8299199641e-02    8.7474199972e-07
    1.8399199471e-02    8.7233297563e-07
    1.8499299884e-02    8.6977797764e-07
    1.8599700183e-02    8.6698400992e-07
    1.8699599430e-02    8.6410301492e-07
    1.8798999488e-02    8.6126300403e-07
    1.8899999559e-02    8.5844197883e-07
    1.8999699503e-02    8.5565102381e-07
    1.9099500030e-02    8.5298802333e-07
    1.9199199975e-02    8.5053500243e-07
    1.9299000502e-02    8.4831202685e-07
    1.9400000572e-02    8.4620097596e-07
    1.9499700516e-02    8.4419900759e-07
    1.9599400461e-02    8.4220397412e-07
    1.9699700177e-02    8.4010900991e-07
    1.9799599424e-02    8.3788097527e-07
    1.9899699837e-02    8.3553402419e-07
    1.9999500364e-02    8.3306997567e-07
    2.0099200308e-02    8.3052901800e-07
    2.0199000835e-02    8.2804797330e-07
    2.0300000906e-02    8.2564099557e-07
    2.0399700850e-02    8.2337197682e-07
    2.0499499515e-02    8.2128002532e-07
    2.0599199459e-02    8.1940800101e-07
    2.0698999986e-02    8.1773401917e-07
    2.0800000057e-02    8.1618298964e-07
    2.0899700001e-02    8.1461797663e-07
    2.0999500528e-02    8.1278398056e-07
    2.1099299192e-02    8.1060500179e-07
    2.1198999137e-02    8.0817397929e-07
    2.1299999207e-02    8.0559198068e-07
    2.1399799734e-02    8.0302197603e-07
    2.1499499679e-02    8.0050000406e-07
    2.1599300206e-02    7.9806000031e-07
    2.1699000150e-02    7.9568002320e-07
    2.1798800677e-02    7.9337002035e-07
    2.1899800748e-02    7.9115199014e-07
    2.1999500692e-02    7.8910801449e-07
    2.2099299356e-02    7.8713497942e-07
    2.2198999301e-02    7.8511300217e-07
    2.2298799828e-02    7.8289701833e-07
    2.2399799898e-02    7.8044399743e-07
    2.2499499843e-02    7.7789297848e-07
    2.2599300370e-02    7.7529699638e-07
    2.2699100897e-02    7.7265599430e-07
    2.2798800841e-02    7.6993700304e-07
    2.2899800912e-02    7.6708397501e-07
    2.2999500856e-02    7.6418098161e-07
    2.3099299520e-02    7.6125098758e-07
    2.3198999465e-02    7.5832298307e-07
    2.3298799992e-02    7.5544102174e-07
    2.3399800062e-02    7.5259998766e-07
    2.3499500006e-02    7.4982699516e-07
    2.3599300534e-02    7.4706701980e-07
    2.3699000478e-02    7.4429601682e-07
    2.3798799142e-02    7.4150199225e-07
    2.3899799213e-02    7.3861298233e-07
    2.3999499157e-02    7.3564797276e-07
    2.4099199101e-02    7.3250299693e-07
    2.4198999628e-02    7.2917799798e-07
    2.4299999699e-02    7.2575602417e-07
    2.4399699643e-02    7.2233098081e-07
    2.4499500170e-02    7.1902400123e-07
    2.4599200115e-02    7.1584901207e-07
    2.4699000642e-02    7.1274001812e-07
    2.4800000712e-02    7.0962300924e-07
    2.4899700657e-02    7.0654101592e-07
    2.4999499321e-02    7.0343702419e-07
    2.5099199265e-02    7.0029898325e-07
    2.5198999792e-02    6.9711700235e-07
    2.5299899280e-02    6.9380701007e-07
    2.5399699807e-02    6.9037298545e-07
    2.5499399751e-02    6.8677297804e-07
    2.5599200279e-02    6.8308798973e-07
    2.5698900223e-02    6.7935201287e-07
    2.5799900293e-02    6.7556101158e-07
    2.5899700820e-02    6.7181002805e-07
    2.5999400765e-02    6.6802101628e-07
    2.6099199429e-02    6.6423399403e-07
    2.6198899373e-02    6.6054997205e-07
    2.6299899444e-02    6.5700101004e-07
    2.6399599388e-02    6.5364599777e-07
    2.6499399915e-02    6.5034902264e-07
    2.6599099860e-02    6.4705801606e-07
    2.6698900387e-02    6.4375399234e-07
    2.6799900457e-02    6.4036299818e-07
    2.6899600402e-02    6.3698200847e-07
    2.6999400929e-02    6.3359300384e-07
    2.7099100873e-02    6.3018399032e-07
    2.7198899537e-02    6.2670301304e-07
    2.7299899608e-02    6.2308902216e-07
    2.7399599552e-02    6.1944899699e-07
    2.7499400079e-02    6.1577901533e-07
    2.7599100024e-02    6.1212000446e-07
    2.7698900551e-02    6.0850101136e-07
    2.7799900621e-02    6.0489202269e-07
    2.7899600565e-02    6.0137699620e-07
    2.7999900281e-02    5.9791602780e-07
    2.8099799529e-02    5.9453799395e-07
    2.8199700639e-02    5.9123101437e-07
    2.8299899772e-02    5.8798400460e-07
    2.8399199247e-02    5.8480799225e-07
    2.8499500826e-02    5.8160298977e-07
    2.8599699959e-02    5.7840099998e-07
    2.8699500486e-02    5.7523101304e-07
    2.8799600899e-02    5.7207898863e-07
    2.8899500147e-02    5.6895299849e-07
    2.8999499977e-02    5.6582200614e-07
    2.9099799693e-02    5.6268100934e-07
    2.9199000448e-02    5.5959600331e-07
    2.9299300164e-02    5.5643999985e-07
    2.9399599880e-02    5.5325199355e-07
    2.9499800876e-02    5.5003800981e-07
    2.9599400237e-02    5.4685301620e-07
    2.9699599370e-02    5.4361800039e-07
    2.9799699783e-02    5.4037599284e-07
    2.9899999499e-02    5.3716900084e-07
    2.9999300838e-02    5.3412298939e-07
