       301
    0.0000000000e+00    0.0000000000e+00
    9.9796299764e-05    0.0000000000e+00
    1.9887600502e-04    1.0823899999e-08
    2.9988799361e-04    2.8121199591e-08
    3.9968400961e-04    4.5559200856e-08
    4.9947702792e-04    6.2839802695e-08
    5.9926800895e-04    7.9955100318e-08
    6.9905800046e-04    9.6848602027e-08
    7.9884601291e-04    1.1353800033e-07
    8.9984899387e-04    1.3042900093e-07
    9.9962996319e-04    1.4710499840e-07
    1.0993999895e-03    1.6376100120e-07
    1.1991600040e-03    1.8055000339e-07
    1.2989100069e-03    1.9748499369e-07
    1.3998800423e-03    2.1473900347e-07
    1.4996300451e-03    2.3213600286e-07
    1.5993700363e-03    2.4983199864e-07
    1.6991200391e-03    2.6791099117e-07
    1.7988500185e-03    2.8640599226e-07
    1.8997900188e-03    3.0564299891e-07
    1.9994999748e-03    3.2502398994e-07
    2.0991999190e-03    3.4473799815e-07
    2.1988900844e-03    3.6461298691e-07
    2.2997900378e-03    3.8471898733e-07
    2.3995400406e-03    4.0426400005e-07
    2.4993000552e-03    4.2318399096e-07
    2.5992700830e-03    4.4142399247e-07
    2.6996699162e-03    4.5893099809e-07
    2.7994900011e-03    4.7548701332e-07
    2.8998900671e-03    4.9120097856e-07
    2.9996300582e-03    5.0577699540e-07
    3.0994398985e-03    5.1929100664e-07
    3.1993100420e-03    5.3189000937e-07
    3.2999499235e-03    5.4380598158e-07
    3.3995499834e-03    5.5496502682e-07
    3.4996699542e-03    5.6567500906e-07
    3.5997999366e-03    5.7600198033e-07
    3.6997599527e-03    5.8603598063e-07
    3.7991800345e-03    5.9584897372e-07
    3.8993700873e-03    6.0575200678e-07
    3.9995699190e-03    6.1595801526e-07
    4.0997802280e-03    6.2667601242e-07
    4.1999998502e-03    6.3816600004e-07
    4.2992900126e-03    6.5049897557e-07
    4.3992600404e-03    6.6393698717e-07
    4.4999499805e-03    6.7841699547e-07
    4.5991698280e-03    6.9341001563e-07
    4.6993498690e-03    7.0903502092e-07
    4.7990898602e-03    7.2473397950e-07
    4.8996899277e-03    7.4009199125e-07
    4.9992701970e-03    7.5426402191e-07
    5.0999200903e-03    7.6720101561e-07
    5.1987902261e-03    7.7841201573e-07
    5.2995099686e-03    7.8835802242e-07
    5.3999400698e-03    7.9693501220e-07
    5.4991398938e-03    8.0439099293e-07
    5.5988300592e-03    8.1127598150e-07
    5.6996499188e-03    8.1805302443e-07
    5.7994299568e-03    8.2497899712e-07
    5.8994600549e-03    8.3249898353e-07
    5.9998598881e-03    8.4083700358e-07
    6.0994098894e-03    8.4994502458e-07
    6.1992402188e-03    8.5978399511e-07
    6.2998197973e-03    8.7021902573e-07
    6.3992901705e-03    8.8094299144e-07
    6.4996602014e-03    8.9202700337e-07
    6.5999901854e-03    9.0308100198e-07
    6.6996598616e-03    9.1363898491e-07
    6.7997798324e-03    9.2333999646e-07
    6.8995598704e-03    9.3178198313e-07
    6.9991000928e-03    9.3893800113e-07
    7.0992200635e-03    9.4486000535e-07
    7.1995500475e-03    9.4970397413e-07
    7.2996402159e-03    9.5360701380e-07
    7.3998300359e-03    9.5691802926e-07
    7.4999998324e-03    9.6003805083e-07
    7.5996601954e-03    9.6336304978e-07
    7.6997000724e-03    9.6723499610e-07
    7.7994498424e-03    9.7152701528e-07
    7.8996103257e-03    9.7594397630e-07
    7.9993298277e-03    9.8196301224e-07
    8.0994600430e-03    9.8689497463e-07
    8.1995604560e-03    9.8950101801e-07
    8.2997400314e-03    9.9047895219e-07
    8.3999903873e-03    9.9028500244e-07
    8.4990803152e-03    9.8913301372e-07
    8.5995299742e-03    9.8785699265e-07
    8.6994199082e-03    9.8699501905e-07
    8.7993303314e-03    9.8588304809e-07
    8.8993096724e-03    9.8478903965e-07
    8.9991297573e-03    9.8393695680e-07
    9.0993298218e-03    9.8349005384e-07
    9.1999899596e-03    9.8342502497e-07
    9.2999199405e-03    9.8345594779e-07
    9.3998499215e-03    9.8359896583e-07
    9.4993803650e-03    9.8387101843e-07
    9.5997201279e-03    9.8400903425e-07
    9.6995998174e-03    9.8452699149e-07
    9.7994804382e-03    9.8486600564e-07
    9.8999300972e-03    9.8485497801e-07
    9.9997995421e-03    9.8495297607e-07
    1.0099500418e-02    9.8525299563e-07
    1.0199800134e-02    9.8551902283e-07
    1.0300000198e-02    9.8551902283e-07
    1.0399599560e-02    9.8518796676e-07
    1.0499300435e-02    9.8467694443e-07
    1.0599499568e-02    9.8443194929e-07
    1.0699699633e-02    9.8435396012e-07
    1.0800000280e-02    9.8428597539e-07
    1.0899499990e-02    9.8421799066e-07
    1.0999700055e-02    9.8400698789e-07
    1.1099900119e-02    9.8358896139e-07
    1.1199399829e-02    9.8314694696e-07
    1.1299599893e-02    9.8281395822e-07
    1.1399899609e-02    9.8256896308e-07
    1.1499400251e-02    9.8236898793e-07
    1.1599600315e-02    9.8201803667e-07
    1.1699699797e-02    9.8144096228e-07
    1.1799899861e-02    9.8073303434e-07
    1.1899500154e-02    9.8003204130e-07
    1.1999700218e-02    9.7939903299e-07
    1.2099499814e-02    9.7900101537e-07
    1.2199699879e-02    9.7892495887e-07
    1.2299899943e-02    9.7907104646e-07
    1.2399599887e-02    9.7925794762e-07
    1.2499799952e-02    9.7928796094e-07
    1.2599299662e-02    9.7922099940e-07
    1.2699600309e-02    9.7898998774e-07
    1.2799399905e-02    9.7854103842e-07
    1.2899599969e-02    9.7778797681e-07
    1.2999599800e-02    9.7678503153e-07
    1.3099599630e-02    9.7553402156e-07
    1.3199199922e-02    9.7412601008e-07
    1.3299399987e-02    9.7257304787e-07
    1.3399399817e-02    9.7101303709e-07
    1.3499599881e-02    9.6980397757e-07
    1.3599299826e-02    9.6906194358e-07
    1.3699599542e-02    9.6849703368e-07
    1.3799699955e-02    9.6796702564e-07
    1.3899699785e-02    9.6723795195e-07
    1.3999800198e-02    9.6644600944e-07
    1.4099200256e-02    9.6563894658e-07
    1.4199799858e-02    9.6476799172e-07
    1.4299400151e-02    9.6374697023e-07
    1.4399499632e-02    9.6246799330e-07
    1.4499399811e-02    9.6085398127e-07
    1.4599899761e-02    9.5899599728e-07
    1.4699200168e-02    9.5713903647e-07
    1.4799199998e-02    9.5530901945e-07
    1.4899300411e-02    9.5351799700e-07
    1.4999699779e-02    9.5180797643e-07
    1.5099500306e-02    9.5015599300e-07
    1.5199500136e-02    9.4844801879e-07
    1.5299599618e-02    9.4671798934e-07
    1.5399799682e-02    9.4495800340e-07
    1.5499100089e-02    9.4311400289e-07
    1.5599300154e-02    9.4109998372e-07
    1.5699399635e-02    9.3896801445e-07
    1.5799500048e-02    9.3674401569e-07
    1.5899399295e-02    9.3447101790e-07
    1.5999300405e-02    9.3205699159e-07
    1.6099199653e-02    9.2945697361e-07
    1.6199599952e-02    9.2679800900e-07
    1.6299899668e-02    9.2418900977e-07
    1.6400000080e-02    9.2169699428e-07
    1.6499400139e-02    9.1940597713e-07
    1.6599100083e-02    9.1730601071e-07
    1.6699500382e-02    9.1530802138e-07
    1.6799800098e-02    9.1325898666e-07
    1.6899799928e-02    9.1101298949e-07
    1.6999499872e-02    9.0860498858e-07
    1.7099700868e-02    9.0601901093e-07
    1.7200000584e-02    9.0323902668e-07
    1.7300000414e-02    9.0028800059e-07
    1.7399100587e-02    8.9726898977e-07
    1.7499100417e-02    8.9424798944e-07
    1.7598899081e-02    8.9136500492e-07
    1.7699899152e-02    8.8860298320e-07
    1.7799599096e-02    8.8606702775e-07
    1.7899399623e-02    8.8372297569e-07
    1.7999099568e-02    8.8152501121e-07
    1.8098900095e-02    8.7933398163e-07
    1.8199799582e-02    8.7706200702e-07
    1.8299199641e-02    8.7475001465e-07
    1.8399199471e-02    8.7233598833e-07
    1.8499299884e-02    8.6977399860e-07
    1.8599700183e-02    8.6698400992e-07
    1.8699599430e-02    8.6413399458e-07
    1.8798999488e-02    8.6129898591e-07
    1.8899999559e-02    8.5845499598e-07
    1.8999699503e-02    8.5564499841e-07
    1.9099500030e-02    8.5300899855e-07
    1.9199199975e-02    8.5056899479e-07
    1.9299000502e-02    8.4830497826e-07
    1.9400000572e-02    8.4620199914e-07
    1.9499700516e-02    8.4422998725e-07
    1.9599400461e-02    8.4224302555e-07
    1.9699700177e-02    8.4012498291e-07
    1.9799599424e-02    8.3791098859e-07
    1.9899699837e-02    8.3554300545e-07
    1.9999500364e-02    8.3305002363e-07
    2.0099200308e-02    8.3050400690e-07
    2.0199000835e-02    8.2804700696e-07
    2.0300000906e-02    8.2565998127e-07
    2.0399700850e-02    8.2337402318e-07
    2.0499499515e-02    8.2125899326e-07
    2.0599199459e-02    8.1939401753e-07
    2.0698999986e-02    8.1773401917e-07
    2.0800000057e-02    8.1616201442e-07
    2.0899700001e-02    8.1457500301e-07
    2.0999500528e-02    8.1274600916e-07
    2.1099299192e-02    8.1058698242e-07
    2.1198999137e-02    8.0817699200e-07
    2.1299999207e-02    8.0559300386e-07
    2.1399799734e-02    8.0301498429e-07
    2.1499499679e-02    8.0049699136e-07
    2.1599300206e-02    7.9807301745e-07
    2.1699000150e-02    7.9569298350e-07
    2.1798800677e-02    7.9337502257e-07
    2.1899800748e-02    7.9116398410e-07
    2.1999500692e-02    7.8912802337e-07
    2.2099299356e-02    7.8715999052e-07
    2.2198999301e-02    7.8512999835e-07
    2.2298799828e-02    7.8290099736e-07
    2.2399799898e-02    7.8044200791e-07
    2.2499499843e-02    7.7789400166e-07
    2.2599300370e-02    7.7529102782e-07
    2.2699100897e-02    7.7264098763e-07
    2.2798800841e-02    7.6992802178e-07
    2.2899800912e-02    7.6709602581e-07
    2.2999500856e-02    7.6419598827e-07
    2.3099299520e-02    7.6124001680e-07
    2.3198999465e-02    7.5829302659e-07
    2.3298799992e-02    7.5541800015e-07
    2.3399800062e-02    7.5258702736e-07
    2.3499500006e-02    7.4981699072e-07
    2.3599300534e-02    7.4705701536e-07
    2.3699000478e-02    7.4429198094e-07
    2.3798799142e-02    7.4150801765e-07
    2.3899799213e-02    7.3861298233e-07
    2.3999499157e-02    7.3560397595e-07
    2.4099199101e-02    7.3245001886e-07
    2.4198999628e-02    7.2917299576e-07
    2.4299999699e-02    7.2575699051e-07
    2.4399699643e-02    7.2233501669e-07
    2.4499500170e-02    7.1903701837e-07
    2.4599200115e-02    7.1585998285e-07
    2.4699000642e-02    7.1274200764e-07
    2.4800000712e-02    7.0961101528e-07
    2.4899700657e-02    7.0650798989e-07
    2.4999499321e-02    7.0338899150e-07
    2.5099199265e-02    7.0026601406e-07
    2.5198999792e-02    6.9708102046e-07
    2.5299899280e-02    6.9376397960e-07
    2.5399699807e-02    6.9035797878e-07
    2.5499399751e-02    6.8677297804e-07
    2.5599200279e-02    6.8308298751e-07
    2.5698900223e-02    6.7934200843e-07
    2.5799900293e-02    6.7554299221e-07
    2.5899700820e-02    6.7179001917e-07
    2.5999400765e-02    6.6801101184e-07
    2.6099199429e-02    6.6422097689e-07
    2.6198899373e-02    6.6052899683e-07
    2.6299899444e-02    6.5699697416e-07
    2.6399599388e-02    6.5366299395e-07
    2.6499399915e-02    6.5037397690e-07
    2.6599099860e-02    6.4708899572e-07
    2.6698900387e-02    6.4378599518e-07
    2.6799900457e-02    6.4039198833e-07
    2.6899600402e-02    6.3700997543e-07
    2.6999400929e-02    6.3361898128e-07
    2.7099100873e-02    6.3020200969e-07
    2.7198899537e-02    6.2672700096e-07
    2.7299899608e-02    6.2313000626e-07
    2.7399599552e-02    6.1949401697e-07
    2.7499400079e-02    6.1582500166e-07
    2.7599100024e-02    6.1216599079e-07
    2.7698900551e-02    6.0854699768e-07
    2.7799900621e-02    6.0493698584e-07
    2.7899600565e-02    6.0142497205e-07
    2.7999900281e-02    5.9796502683e-07
    2.8099799529e-02    5.9459500790e-07
    2.8199700639e-02    5.9130201180e-07
    2.8299899772e-02    5.8806301695e-07
    2.8399199247e-02    5.8489001731e-07
    2.8499500826e-02    5.8168802752e-07
    2.8599699959e-02    5.7848598090e-07
    2.8699500486e-02    5.7531599396e-07
    2.8799600899e-02    5.7216300320e-07
    2.8899500147e-02    5.6903502355e-07
    2.8999499977e-02    5.6590397435e-07
    2.9099799693e-02    5.6277002614e-07
    2.9199000448e-02    5.5969400137e-07
    2.9299300164e-02    5.5654402331e-07
    2.9399599880e-02    5.5333299542e-07
    2.9499800876e-02    5.5008598565e-07
    2.9599400237e-02    5.4688001683e-07
    2.9699599370e-02    5.4362800483e-07
    2.9799699783e-02    5.4036001984e-07
    2.9899999499e-02    5.3715302784e-07
    2.9999300838e-02    5.3412099987e-07
