       301
    0.0000000000e+00    0.0000000000e+00
    9.9796299764e-05    0.0000000000e+00
    1.9887600502e-04    6.6367400464e-09
    2.9988799361e-04    1.9843399812e-08
    3.9968400961e-04    3.3226399410e-08
    4.9947702792e-04    4.6431999579e-08
    5.9926800895e-04    5.9417899934e-08
    6.9905800046e-04    7.2086699276e-08
    7.9884601291e-04    8.4512400633e-08
    8.9984899387e-04    9.6907797342e-08
    9.9962996319e-04    1.0909800352e-07
    1.0993999895e-03    1.2101600078e-07
    1.1991600040e-03    1.3273999855e-07
    1.2989100069e-03    1.4455500263e-07
    1.3998800423e-03    1.5652000229e-07
    1.4996300451e-03    1.6820800397e-07
    1.5993700363e-03    1.7959500553e-07
    1.6991200391e-03    1.9106599325e-07
    1.7988500185e-03    2.0269300194e-07
    1.8997900188e-03    2.1425199748e-07
    1.9994999748e-03    2.2568499958e-07
    2.0991999190e-03    2.3732600596e-07
    2.1988900844e-03    2.4926799824e-07
    2.2997900378e-03    2.6162300060e-07
    2.3995400406e-03    2.7389000934e-07
    2.4993000552e-03    2.8626999438e-07
    2.5992700830e-03    2.9900999721e-07
    2.6996699162e-03    3.1224399777e-07
    2.7994900011e-03    3.2574200759e-07
    2.8998900671e-03    3.3944598954e-07
    2.9996300582e-03    3.5317100355e-07
    3.0994398985e-03    3.6703900719e-07
    3.1993100420e-03    3.8087600274e-07
    3.2999499235e-03    3.9460201151e-07
    3.3995499834e-03    4.0808498625e-07
    3.4996699542e-03    4.2164501224e-07
    3.5997999366e-03    4.3510499381e-07
    3.6997599527e-03    4.4830798629e-07
    3.7991800345e-03    4.6111401275e-07
    3.8993700873e-03    4.7367399247e-07
    3.9995699190e-03    4.8584598744e-07
    4.0997802280e-03    4.9743897534e-07
    4.1999998502e-03    5.0839099686e-07
    4.2992900126e-03    5.1857597327e-07
    4.3992600404e-03    5.2821297913e-07
    4.4999499805e-03    5.3743201534e-07
    4.5991698280e-03    5.4626400470e-07
    4.6993498690e-03    5.5504000329e-07
    4.7990898602e-03    5.6380497426e-07
    4.8996899277e-03    5.7275502741e-07
    4.9992701970e-03    5.8179102780e-07
    5.0999200903e-03    5.9115302520e-07
    5.1987902261e-03    6.0057197970e-07
    5.2995099686e-03    6.1028498521e-07
    5.3999400698e-03    6.1984297872e-07
    5.4991398938e-03    6.2893502673e-07
    5.5988300592e-03    6.3763701519e-07
    5.6996499188e-03    6.4597901428e-07
    5.7994299568e-03    6.5376502789e-07
    5.8994600549e-03    6.6122498765e-07
    5.9998598881e-03    6.6852697955e-07
    6.0994098894e-03    6.7570198325e-07
    6.1992402188e-03    6.8284600729e-07
    6.2998197973e-03    6.8988299518e-07
    6.3992901705e-03    6.9659097335e-07
    6.4996602014e-03    7.0300899324e-07
    6.5999901854e-03    7.0894401460e-07
    6.6996598616e-03    7.1425500892e-07
    6.7997798324e-03    7.1894601206e-07
    6.8995598704e-03    7.2298502118e-07
    6.9991000928e-03    7.2648998639e-07
    7.0992200635e-03    7.2954100006e-07
    7.1995500475e-03    7.3223702657e-07
    7.2996402159e-03    7.3481299978e-07
    7.3998300359e-03    7.3739897744e-07
    7.4999998324e-03    7.4005799888e-07
    7.5996601954e-03    7.4287902407e-07
    7.6997000724e-03    7.4597699040e-07
    7.7994498424e-03    7.4935900329e-07
    7.8996103257e-03    7.5284100376e-07
    7.9993298277e-03    7.5522797260e-07
    8.0994600430e-03    7.5814699585e-07
    8.1995604560e-03    7.6148501194e-07
    8.2997400314e-03    7.6351102507e-07
    8.3999903873e-03    7.6603402022e-07
    8.4990803152e-03    7.6936902360e-07
    8.5995299742e-03    7.7327899817e-07
    8.6994199082e-03    7.7703998613e-07
    8.7993303314e-03    7.8067097320e-07
    8.8993096724e-03    7.8416297811e-07
    8.9991297573e-03    7.8670598214e-07
    9.0993298218e-03    7.8736798059e-07
    9.1999899596e-03    7.8701600614e-07
    9.2999199405e-03    7.8638100831e-07
    9.3998499215e-03    7.8495202160e-07
    9.4993803650e-03    7.8335102671e-07
    9.5997201279e-03    7.8156801919e-07
    9.6995998174e-03    7.7923402841e-07
    9.7994804382e-03    7.7711797530e-07
    9.8999300972e-03    7.7583399616e-07
    9.9997995421e-03    7.7528000020e-07
    1.0099500418e-02    7.7540198617e-07
    1.0199800134e-02    7.7556700262e-07
    1.0300000198e-02    7.7540602206e-07
    1.0399599560e-02    7.7506200569e-07
    1.0499300435e-02    7.7491000638e-07
    1.0599499568e-02    7.7505802665e-07
    1.0699699633e-02    7.7556802580e-07
    1.0800000280e-02    7.7637201912e-07
    1.0899499990e-02    7.7714901181e-07
    1.0999700055e-02    7.7761700368e-07
    1.1099900119e-02    7.7770999951e-07
    1.1199399829e-02    7.7758397765e-07
    1.1299599893e-02    7.7753901451e-07
    1.1399899609e-02    7.7760500972e-07
    1.1499400251e-02    7.7775399632e-07
    1.1599600315e-02    7.7781197660e-07
    1.1699699797e-02    7.7765201922e-07
    1.1799899861e-02    7.7703100487e-07
    1.1899500154e-02    7.7591198533e-07
    1.1999700218e-02    7.7440000723e-07
    1.2099499814e-02    7.7270300380e-07
    1.2199699879e-02    7.7091101502e-07
    1.2299899943e-02    7.6889597267e-07
    1.2399599887e-02    7.6668902693e-07
    1.2499799952e-02    7.6440198882e-07
    1.2599299662e-02    7.6230401191e-07
    1.2699600309e-02    7.6047001585e-07
    1.2799399905e-02    7.5904898722e-07
    1.2899599969e-02    7.5796299370e-07
    1.2999599800e-02    7.5709402836e-07
    1.3099599630e-02    7.5620499729e-07
    1.3199199922e-02    7.5516300058e-07
    1.3299399987e-02    7.5391301380e-07
    1.3399399817e-02    7.5255502452e-07
    1.3499599881e-02    7.5102701658e-07
    1.3599299826e-02    7.4907700309e-07
    1.3699599542e-02    7.4691797636e-07
    1.3799699955e-02    7.4462201383e-07
    1.3899699785e-02    7.4217598467e-07
    1.3999800198e-02    7.3948797308e-07
    1.4099200256e-02    7.3688499924e-07
    1.4199799858e-02    7.3464701700e-07
    1.4299400151e-02    7.3275299428e-07
    1.4399499632e-02    7.3087602459e-07
    1.4499399811e-02    7.2892697744e-07
    1.4599899761e-02    7.2676897389e-07
    1.4699200168e-02    7.2413001817e-07
    1.4799199998e-02    7.2108201721e-07
    1.4899300411e-02    7.1801702006e-07
    1.4999699779e-02    7.1490001119e-07
    1.5099500306e-02    7.1164197379e-07
    1.5199500136e-02    7.0824501108e-07
    1.5299599618e-02    7.0479200076e-07
    1.5399799682e-02    7.0136002250e-07
    1.5499100089e-02    6.9812199399e-07
    1.5599300154e-02    6.9503397526e-07
    1.5699399635e-02    6.9213797360e-07
    1.5799500048e-02    6.8943597853e-07
    1.5899399295e-02    6.8688001420e-07
    1.5999300405e-02    6.8430597366e-07
    1.6099199653e-02    6.8154702149e-07
    1.6199599952e-02    6.7856001351e-07
    1.6299899668e-02    6.7552997507e-07
    1.6400000080e-02    6.7249800395e-07
    1.6499400139e-02    6.6946699917e-07
    1.6599100083e-02    6.6647197627e-07
    1.6699500382e-02    6.6354601813e-07
    1.6799800098e-02    6.6061699044e-07
    1.6899799928e-02    6.5758399614e-07
    1.6999499872e-02    6.5451797582e-07
    1.7099700868e-02    6.5164198304e-07
    1.7200000584e-02    6.4903099428e-07
    1.7300000414e-02    6.4654699372e-07
    1.7399100587e-02    6.4407402078e-07
    1.7499100417e-02    6.4148997581e-07
    1.7598899081e-02    6.3878002265e-07
    1.7699899152e-02    6.3587998511e-07
    1.7799599096e-02    6.3285102669e-07
    1.7899399623e-02    6.2965801817e-07
    1.7999099568e-02    6.2636797793e-07
    1.8098900095e-02    6.2305599613e-07
    1.8199799582e-02    6.1966500198e-07
    1.8299199641e-02    6.1627298464e-07
    1.8399199471e-02    6.1288301367e-07
    1.8499299884e-02    6.0958399217e-07
    1.8599700183e-02    6.0645902522e-07
    1.8699599430e-02    6.0349401565e-07
    1.8798999488e-02    6.0058499685e-07
    1.8899999559e-02    5.9771900851e-07
    1.8999699503e-02    5.9507300421e-07
    1.9099500030e-02    5.9241500594e-07
    1.9199199975e-02    5.8969698102e-07
    1.9299000502e-02    5.8701499484e-07
    1.9400000572e-02    5.8450501683e-07
    1.9499700516e-02    5.8209201370e-07
    1.9599400461e-02    5.7975699974e-07
    1.9699700177e-02    5.7751498161e-07
    1.9799599424e-02    5.7518002450e-07
    1.9899699837e-02    5.7271398646e-07
    1.9999500364e-02    5.7041302171e-07
    2.0099200308e-02    5.6834397810e-07
    2.0199000835e-02    5.6624799072e-07
    2.0300000906e-02    5.6403598592e-07
    2.0399700850e-02    5.6187201380e-07
    2.0499499515e-02    5.5969701407e-07
    2.0599199459e-02    5.5756800066e-07
    2.0698999986e-02    5.5559900147e-07
    2.0800000057e-02    5.5372299812e-07
    2.0899700001e-02    5.5185500969e-07
    2.0999500528e-02    5.4998702126e-07
    2.1099299192e-02    5.4820498008e-07
    2.1198999137e-02    5.4651798109e-07
    2.1299999207e-02    5.4489197510e-07
    2.1399799734e-02    5.4336601352e-07
    2.1499499679e-02    5.4182902431e-07
    2.1599300206e-02    5.4022501672e-07
    2.1699000150e-02    5.3864800975e-07
    2.1798800677e-02    5.3718798654e-07
    2.1899800748e-02    5.3582601822e-07
    2.1999500692e-02    5.3455300986e-07
    2.2099299356e-02    5.3331302752e-07
    2.2198999301e-02    5.3209998896e-07
    2.2298799828e-02    5.3093600627e-07
    2.2399799898e-02    5.2978901977e-07
    2.2499499843e-02    5.2864498912e-07
    2.2599300370e-02    5.2747100199e-07
    2.2699100897e-02    5.2629701486e-07
    2.2798800841e-02    5.2510097248e-07
    2.2899800912e-02    5.2384098126e-07
    2.2999500856e-02    5.2253898275e-07
    2.3099299520e-02    5.2119997918e-07
    2.3198999465e-02    5.1984301308e-07
    2.3298799992e-02    5.1844398286e-07
    2.3399800062e-02    5.1695997172e-07
    2.3499500006e-02    5.1548897773e-07
    2.3599300534e-02    5.1408397894e-07
    2.3699000478e-02    5.1276299473e-07
    2.3798799142e-02    5.1145400448e-07
    2.3899799213e-02    5.1008299806e-07
    2.3999499157e-02    5.0864298373e-07
    2.4099199101e-02    5.0708399613e-07
    2.4198999628e-02    5.0544798569e-07
    2.4299999699e-02    5.0371397720e-07
    2.4399699643e-02    5.0199497537e-07
    2.4499500170e-02    5.0012999964e-07
    2.4599200115e-02    4.9820897630e-07
    2.4699000642e-02    4.9632700438e-07
    2.4800000712e-02    4.9447697847e-07
    2.4899700657e-02    4.9273000968e-07
    2.4999499321e-02    4.9110298050e-07
    2.5099199265e-02    4.8955502052e-07
    2.5198999792e-02    4.8796601959e-07
    2.5299899280e-02    4.8630101901e-07
    2.5399699807e-02    4.8470599268e-07
    2.5499399751e-02    4.8318702284e-07
    2.5599200279e-02    4.8165998123e-07
    2.5698900223e-02    4.8010798537e-07
    2.5799900293e-02    4.7838000228e-07
    2.5899700820e-02    4.7641299261e-07
    2.5999400765e-02    4.7421099225e-07
    2.6099199429e-02    4.7188700592e-07
    2.6198899373e-02    4.6948500199e-07
    2.6299899444e-02    4.6692301225e-07
    2.6399599388e-02    4.6430400857e-07
    2.6499399915e-02    4.6166098855e-07
    2.6599099860e-02    4.5897800760e-07
    2.6698900387e-02    4.5624699396e-07
    2.6799900457e-02    4.5347900368e-07
    2.6899600402e-02    4.5075600497e-07
    2.6999400929e-02    4.4804801291e-07
    2.7099100873e-02    4.4533101118e-07
    2.7198899537e-02    4.4259599008e-07
    2.7299899608e-02    4.3977900077e-07
    2.7399599552e-02    4.3694100782e-07
    2.7499400079e-02    4.3407598582e-07
    2.7599100024e-02    4.3118600956e-07
    2.7698900551e-02    4.2827500124e-07
    2.7799900621e-02    4.2535000944e-07
    2.7899600565e-02    4.2248899490e-07
    2.7999900281e-02    4.1962098862e-07
    2.8099799529e-02    4.1676400997e-07
    2.8199700639e-02    4.1392098638e-07
    2.8299899772e-02    4.1108899040e-07
    2.8399199247e-02    4.0831901060e-07
    2.8499500826e-02    4.0559498871e-07
    2.8599699959e-02    4.0295898884e-07
    2.8699500486e-02    4.0041499005e-07
    2.8799600899e-02    3.9789199491e-07
    2.8899500147e-02    3.9535999008e-07
    2.8999499977e-02    3.9281300701e-07
    2.9099799693e-02    3.9021799125e-07
    2.9199000448e-02    3.8758599885e-07
    2.9299300164e-02    3.8489400822e-07
    2.9399599880e-02    3.8220400711e-07
    2.9499800876e-02    3.7948899489e-07
    2.9599400237e-02    3.7673299857e-07
    2.9699599370e-02    3.7398601194e-07
    2.9799699783e-02    3.7127000496e-07
    2.9899999499e-02    3.6859100305e-07
    2.9999300838e-02    3.6591899288e-07
