       301
    0.0000000000e+00    0.0000000000e+00
    9.9796299764e-05    0.0000000000e+00
    1.9887600502e-04    2.3887800626e-09
    2.9988799361e-04    1.0791399774e-08
    3.9968400961e-04    1.9718699562e-08
    4.9947702792e-04    2.8462299184e-08
    5.9926800895e-04    3.6982100937e-08
    6.9905800046e-04    4.5164799900e-08
    7.9884601291e-04    5.3093401675e-08
    8.9984899387e-04    6.0961703241e-08
    9.9962996319e-04    6.8583503321e-08
    1.0993999895e-03    7.6072502964e-08
    1.1991600040e-03    8.3496097147e-08
    1.2989100069e-03    9.0779998629e-08
    1.3998800423e-03    9.7957197909e-08
    1.4996300451e-03    1.0493499758e-07
    1.5993700363e-03    1.1187500348e-07
    1.6991200391e-03    1.1858300297e-07
    1.7988500185e-03    1.2495100066e-07
    1.8997900188e-03    1.3129900367e-07
    1.9994999748e-03    1.3733800586e-07
    2.0991999190e-03    1.4333299703e-07
    2.1988900844e-03    1.4924400205e-07
    2.2997900378e-03    1.5516199880e-07
    2.3995400406e-03    1.6097800426e-07
    2.4993000552e-03    1.6680000670e-07
    2.5992700830e-03    1.7272100195e-07
    2.6996699162e-03    1.7865599489e-07
    2.7994900011e-03    1.8455199324e-07
    2.8998900671e-03    1.9070100166e-07
    2.9996300582e-03    1.9697000653e-07
    3.0994398985e-03    2.0335599515e-07
    3.1993100420e-03    2.0987799587e-07
    3.2999499235e-03    2.1655600335e-07
    3.3995499834e-03    2.2334600658e-07
    3.4996699542e-03    2.3041999953e-07
    3.5997999366e-03    2.3774499880e-07
    3.6997599527e-03    2.4535700049e-07
    3.7991800345e-03    2.5323001296e-07
    3.8993700873e-03    2.6151900556e-07
    3.9995699190e-03    2.7017199500e-07
    4.0997802280e-03    2.7912000178e-07
    4.1999998502e-03    2.8822199738e-07
    4.2992900126e-03    2.9724199635e-07
    4.3992600404e-03    3.0621899327e-07
    4.4999499805e-03    3.1508000120e-07
    4.5991698280e-03    3.2346699186e-07
    4.6993498690e-03    3.3135199828e-07
    4.7990898602e-03    3.3858398751e-07
    4.8996899277e-03    3.4517799463e-07
    4.9992701970e-03    3.5093299289e-07
    5.0999200903e-03    3.5608098869e-07
    5.1987902261e-03    3.6061800301e-07
    5.2995099686e-03    3.6481100096e-07
    5.3999400698e-03    3.6868999587e-07
    5.4991398938e-03    3.7230699945e-07
    5.5988300592e-03    3.7577498802e-07
    5.6996499188e-03    3.7910999140e-07
    5.7994299568e-03    3.8212800746e-07
    5.8994600549e-03    3.8478100350e-07
    5.9998598881e-03    3.8703001337e-07
    6.0994098894e-03    3.8889399434e-07
    6.1992402188e-03    3.9052798684e-07
    6.2998197973e-03    3.9203200686e-07
    6.3992901705e-03    3.9355199988e-07
    6.4996602014e-03    3.9526400997e-07
    6.5999901854e-03    3.9727601120e-07
    6.6996598616e-03    3.9967500243e-07
    6.7997798324e-03    4.0262298739e-07
    6.8995598704e-03    4.0612698626e-07
    6.9991000928e-03    4.1008098606e-07
    7.0992200635e-03    4.1427298925e-07
    7.1995500475e-03    4.1836798914e-07
    7.2996402159e-03    4.2207699380e-07
    7.3998300359e-03    4.2529100597e-07
    7.4999998324e-03    4.2794800947e-07
    7.5996601954e-03    4.2999499783e-07
    7.6997000724e-03    4.3146900452e-07
    7.7994498424e-03    4.3256599724e-07
    7.8996103257e-03    4.3359798951e-07
    7.9993298277e-03    4.3481600187e-07
    8.0994600430e-03    4.3520799409e-07
    8.1995604560e-03    4.3546199890e-07
    8.2997400314e-03    4.3624601176e-07
    8.3999903873e-03    4.3653301418e-07
    8.4990803152e-03    4.3583099796e-07
    8.5995299742e-03    4.3590299015e-07
    8.6994199082e-03    4.3608500278e-07
    8.7993303314e-03    4.3536599037e-07
    8.8993096724e-03    4.3352500256e-07
    8.9991297573e-03    4.3079000989e-07
    9.0993298218e-03    4.2764298769e-07
    9.1999899596e-03    4.2402399458e-07
    9.2999199405e-03    4.2177600790e-07
    9.3998499215e-03    4.2106898945e-07
    9.4993803650e-03    4.2060099759e-07
    9.5997201279e-03    4.1969900622e-07
    9.6995998174e-03    4.1873499868e-07
    9.7994804382e-03    4.1825501285e-07
    9.8999300972e-03    4.1850398702e-07
    9.9997995421e-03    4.1915998850e-07
    1.0099500418e-02    4.1954498897e-07
    1.0199800134e-02    4.1921700245e-07
    1.0300000198e-02    4.1830600139e-07
    1.0399599560e-02    4.1705700937e-07
    1.0499300435e-02    4.1569100517e-07
    1.0599499568e-02    4.1461601086e-07
    1.0699699633e-02    4.1395099970e-07
    1.0800000280e-02    4.1362099523e-07
    1.0899499990e-02    4.1345199975e-07
    1.0999700055e-02    4.1336699041e-07
    1.1099900119e-02    4.1343599833e-07
    1.1199399829e-02    4.1373900217e-07
    1.1299599893e-02    4.1410800122e-07
    1.1399899609e-02    4.1437800746e-07
    1.1499400251e-02    4.1455200517e-07
    1.1599600315e-02    4.1459000499e-07
    1.1699699797e-02    4.1459298927e-07
    1.1799899861e-02    4.1459000499e-07
    1.1899500154e-02    4.1463800926e-07
    1.1999700218e-02    4.1475101398e-07
    1.2099499814e-02    4.1475499302e-07
    1.2199699879e-02    4.1461299816e-07
    1.2299899943e-02    4.1436601350e-07
    1.2399599887e-02    4.1404999251e-07
    1.2499799952e-02    4.1370199710e-07
    1.2599299662e-02    4.1332501155e-07
    1.2699600309e-02    4.1289101205e-07
    1.2799399905e-02    4.1241901272e-07
    1.2899599969e-02    4.1179899313e-07
    1.2999599800e-02    4.1095799475e-07
    1.3099599630e-02    4.0986299155e-07
    1.3199199922e-02    4.0856198780e-07
    1.3299399987e-02    4.0705501192e-07
    1.3399399817e-02    4.0527498868e-07
    1.3499599881e-02    4.0332500362e-07
    1.3599299826e-02    4.0153400960e-07
    1.3699599542e-02    3.9969199861e-07
    1.3799699955e-02    3.9753700776e-07
    1.3899699785e-02    3.9526298679e-07
    1.3999800198e-02    3.9324700651e-07
    1.4099200256e-02    3.9141698949e-07
    1.4199799858e-02    3.8956599724e-07
    1.4299400151e-02    3.8780999034e-07
    1.4399499632e-02    3.8611798914e-07
    1.4499399811e-02    3.8418801296e-07
    1.4599899761e-02    3.8187499740e-07
    1.4699200168e-02    3.7952500520e-07
    1.4799199998e-02    3.7709500589e-07
    1.4899300411e-02    3.7443300016e-07
    1.4999699779e-02    3.7171000145e-07
    1.5099500306e-02    3.6905100842e-07
    1.5199500136e-02    3.6633801415e-07
    1.5299599618e-02    3.6352099642e-07
    1.5399799682e-02    3.6068399822e-07
    1.5499100089e-02    3.5786700892e-07
    1.5599300154e-02    3.5502799278e-07
    1.5699399635e-02    3.5228501361e-07
    1.5799500048e-02    3.4965100326e-07
    1.5899399295e-02    3.4705399798e-07
    1.5999300405e-02    3.4442399510e-07
    1.6099199653e-02    3.4176500208e-07
    1.6199599952e-02    3.3908000319e-07
    1.6299899668e-02    3.3636300145e-07
    1.6400000080e-02    3.3363599528e-07
    1.6499400139e-02    3.3089099816e-07
    1.6599100083e-02    3.2810299899e-07
    1.6699500382e-02    3.2524300764e-07
    1.6799800098e-02    3.2236499692e-07
    1.6899799928e-02    3.1942801115e-07
    1.6999499872e-02    3.1631799402e-07
    1.7099700868e-02    3.1298500858e-07
    1.7200000584e-02    3.0963400377e-07
    1.7300000414e-02    3.0646398841e-07
    1.7399100587e-02    3.0348300584e-07
    1.7499100417e-02    3.0054599165e-07
    1.7598899081e-02    2.9767801379e-07
    1.7699899152e-02    2.9474099961e-07
    1.7799599096e-02    2.9180799288e-07
    1.7899399623e-02    2.8896599247e-07
    1.7999099568e-02    2.8633098736e-07
    1.8098900095e-02    2.8382399364e-07
    1.8199799582e-02    2.8124600249e-07
    1.8299199641e-02    2.7861901231e-07
    1.8399199471e-02    2.7596999530e-07
    1.8499299884e-02    2.7341300779e-07
    1.8599700183e-02    2.7088199772e-07
    1.8699599430e-02    2.6838299050e-07
    1.8798999488e-02    2.6607600034e-07
    1.8899999559e-02    2.6374999607e-07
    1.8999699503e-02    2.6125599106e-07
    1.9099500030e-02    2.5868399689e-07
    1.9199199975e-02    2.5614900778e-07
    1.9299000502e-02    2.5366099976e-07
    1.9400000572e-02    2.5114698587e-07
    1.9499700516e-02    2.4882601224e-07
    1.9599400461e-02    2.4659800602e-07
    1.9699700177e-02    2.4441300184e-07
    1.9799599424e-02    2.4248998898e-07
    1.9899699837e-02    2.4083800554e-07
    1.9999500364e-02    2.3920000558e-07
    2.0099200308e-02    2.3751999834e-07
    2.0199000835e-02    2.3601400301e-07
    2.0300000906e-02    2.3463499588e-07
    2.0399700850e-02    2.3324399478e-07
    2.0499499515e-02    2.3194900223e-07
    2.0599199459e-02    2.3079999778e-07
    2.0698999986e-02    2.2966600000e-07
    2.0800000057e-02    2.2852900372e-07
    2.0899700001e-02    2.2753100382e-07
    2.0999500528e-02    2.2662899823e-07
    2.1099299192e-02    2.2570399949e-07
    2.1198999137e-02    2.2476800154e-07
    2.1299999207e-02    2.2391300547e-07
    2.1399799734e-02    2.2314399928e-07
    2.1499499679e-02    2.2243099806e-07
    2.1599300206e-02    2.2173699676e-07
    2.1699000150e-02    2.2101100683e-07
    2.1798800677e-02    2.2028700641e-07
    2.1899800748e-02    2.1954599561e-07
    2.1999500692e-02    2.1876400069e-07
    2.2099299356e-02    2.1790400240e-07
    2.2198999301e-02    2.1699800357e-07
    2.2298799828e-02    2.1609000100e-07
    2.2399799898e-02    2.1517000448e-07
    2.2499499843e-02    2.1423799978e-07
    2.2599300370e-02    2.1330200184e-07
    2.2699100897e-02    2.1236900238e-07
    2.2798800841e-02    2.1146000506e-07
    2.2899800912e-02    2.1061400446e-07
    2.2999500856e-02    2.0984700200e-07
    2.3099299520e-02    2.0914700372e-07
    2.3198999465e-02    2.0848800375e-07
    2.3298799992e-02    2.0778999499e-07
    2.3399800062e-02    2.0703400594e-07
    2.3499500006e-02    2.0631800624e-07
    2.3599300534e-02    2.0563899739e-07
    2.3699000478e-02    2.0492599617e-07
    2.3798799142e-02    2.0413199309e-07
    2.3899799213e-02    2.0326500305e-07
    2.3999499157e-02    2.0246299925e-07
    2.4099199101e-02    2.0181200000e-07
    2.4198999628e-02    2.0122500644e-07
    2.4299999699e-02    2.0063599493e-07
    2.4399699643e-02    2.0005299461e-07
    2.4499500170e-02    1.9959699671e-07
    2.4599200115e-02    1.9913800031e-07
    2.4699000642e-02    1.9868299717e-07
    2.4800000712e-02    1.9828100051e-07
    2.4899700657e-02    1.9782299887e-07
    2.4999499321e-02    1.9716999589e-07
    2.5099199265e-02    1.9633000647e-07
    2.5198999792e-02    1.9540399876e-07
    2.5299899280e-02    1.9445100463e-07
    2.5399699807e-02    1.9346499869e-07
    2.5499399751e-02    1.9248699346e-07
    2.5599200279e-02    1.9161799969e-07
    2.5698900223e-02    1.9080900415e-07
    2.5799900293e-02    1.9008300001e-07
    2.5899700820e-02    1.8948000502e-07
    2.5999400765e-02    1.8895400444e-07
    2.6099199429e-02    1.8839099880e-07
    2.6198899373e-02    1.8770599297e-07
    2.6299899444e-02    1.8692199433e-07
    2.6399599388e-02    1.8603999763e-07
    2.6499399915e-02    1.8500900012e-07
    2.6599099860e-02    1.8385100020e-07
    2.6698900387e-02    1.8255299494e-07
    2.6799900457e-02    1.8111700228e-07
    2.6899600402e-02    1.7968899613e-07
    2.6999400929e-02    1.7833700383e-07
    2.7099100873e-02    1.7708799760e-07
    2.7198899537e-02    1.7587800016e-07
    2.7299899608e-02    1.7462400592e-07
    2.7399599552e-02    1.7331799995e-07
    2.7499400079e-02    1.7189499601e-07
    2.7599100024e-02    1.7036900601e-07
    2.7698900551e-02    1.6874899700e-07
    2.7799900621e-02    1.6698699312e-07
    2.7899600565e-02    1.6510800549e-07
    2.7999900281e-02    1.6308099759e-07
    2.8099799529e-02    1.6092799626e-07
    2.8199700639e-02    1.5869800052e-07
    2.8299899772e-02    1.5645099438e-07
    2.8399199247e-02    1.5427899314e-07
    2.8499500826e-02    1.5219299598e-07
    2.8599699959e-02    1.5020299315e-07
    2.8699500486e-02    1.4828999895e-07
    2.8799600899e-02    1.4643700297e-07
    2.8899500147e-02    1.4464299625e-07
    2.8999499977e-02    1.4290699824e-07
    2.9099799693e-02    1.4123699543e-07
    2.9199000448e-02    1.3964300649e-07
    2.9299300164e-02    1.3803000343e-07
    2.9399599880e-02    1.3638199903e-07
    2.9499800876e-02    1.3478999961e-07
    2.9599400237e-02    1.3330600268e-07
    2.9699599370e-02    1.3179800362e-07
    2.9799699783e-02    1.3025700696e-07
    2.9899999499e-02    1.2867199928e-07
    2.9999300838e-02    1.2705700669e-07
