       301
    0.0000000000e+00    0.0000000000e+00
    9.9796299764e-05    0.0000000000e+00
    1.9887600502e-04    1.6508800507e+01
    2.9988799361e-04    1.6508800507e+01
    3.9968400961e-04    1.6508800507e+01
    4.9947702792e-04    1.6508800507e+01
    5.9926800895e-04    1.6508800507e+01
    6.9905800046e-04    1.6508699417e+01
    7.9884601291e-04    1.6508699417e+01
    8.9984899387e-04    1.6508699417e+01
    9.9962996319e-04    1.6508699417e+01
    1.0993999895e-03    1.6508600235e+01
    1.1991600040e-03    1.6508600235e+01
    1.2989100069e-03    1.6508499146e+01
    1.3998800423e-03    1.6508399963e+01
    1.4996300451e-03    1.6508399963e+01
    1.5993700363e-03    1.6508300781e+01
    1.6991200391e-03    1.6508199692e+01
    1.7988500185e-03    1.6508100510e+01
    1.8997900188e-03    1.6507999420e+01
    1.9994999748e-03    1.6507799149e+01
    2.0991999190e-03    1.6507699966e+01
    2.1988900844e-03    1.6507499695e+01
    2.2997900378e-03    1.6507299423e+01
    2.3995400406e-03    1.6507099152e+01
    2.4993000552e-03    1.6506900787e+01
    2.5992700830e-03    1.6506599426e+01
    2.6996699162e-03    1.6506299973e+01
    2.7994900011e-03    1.6506000519e+01
    2.8998900671e-03    1.6505699158e+01
    2.9996300582e-03    1.6505399704e+01
    3.0994398985e-03    1.6505100250e+01
    3.1993100420e-03    1.6504699707e+01
    3.2999499235e-03    1.6504299164e+01
    3.3995499834e-03    1.6503900528e+01
    3.4996699542e-03    1.6503499985e+01
    3.5997999366e-03    1.6503000259e+01
    3.6997599527e-03    1.6502599716e+01
    3.7991800345e-03    1.6502099991e+01
    3.8993700873e-03    1.6501600266e+01
    3.9995699190e-03    1.6501199722e+01
    4.0997802280e-03    1.6500799179e+01
    4.1999998502e-03    1.6500400543e+01
    4.2992900126e-03    1.6500000000e+01
    4.3992600404e-03    1.6499599457e+01
    4.4999499805e-03    1.6499099731e+01
    4.5991698280e-03    1.6498600006e+01
    4.6993498690e-03    1.6497999191e+01
    4.7990898602e-03    1.6497400284e+01
    4.8996899277e-03    1.6496799469e+01
    4.9992701970e-03    1.6495899200e+01
    5.0999200903e-03    1.6495000839e+01
    5.1987902261e-03    1.6493900299e+01
    5.2995099686e-03    1.6492799759e+01
    5.3999400698e-03    1.6491600037e+01
    5.4991398938e-03    1.6490400314e+01
    5.5988300592e-03    1.6489200592e+01
    5.6996499188e-03    1.6487800598e+01
    5.7994299568e-03    1.6486299515e+01
    5.8994600549e-03    1.6484800339e+01
    5.9998598881e-03    1.6483100891e+01
    6.0994098894e-03    1.6481399536e+01
    6.1992402188e-03    1.6479700089e+01
    6.2998197973e-03    1.6477899551e+01
    6.3992901705e-03    1.6475999832e+01
    6.4996602014e-03    1.6474300385e+01
    6.5999901854e-03    1.6472600937e+01
    6.6996598616e-03    1.6471000671e+01
    6.7997798324e-03    1.6469699860e+01
    6.8995598704e-03    1.6468500137e+01
    6.9991000928e-03    1.6467399597e+01
    7.0992200635e-03    1.6466400146e+01
    7.1995500475e-03    1.6465499878e+01
    7.2996402159e-03    1.6464599609e+01
    7.3998300359e-03    1.6463699341e+01
    7.4999998324e-03    1.6462699890e+01
    7.5996601954e-03    1.6461500168e+01
    7.6997000724e-03    1.6460199356e+01
    7.7994498424e-03    1.6458799362e+01
    7.8996103257e-03    1.6457700729e+01
    7.9993298277e-03    1.6457000732e+01
    8.0994600430e-03    1.6456699371e+01
    8.1995604560e-03    1.6456199646e+01
    8.2997400314e-03    1.6455499649e+01
    8.3999903873e-03    0.0000000000e+00
    8.4990803152e-03    0.0000000000e+00
    8.5995299742e-03    1.6454500198e+01
    8.6994199082e-03    0.0000000000e+00
    8.7993303314e-03    0.0000000000e+00
    8.8993096724e-03    0.0000000000e+00
    8.9991297573e-03    0.0000000000e+00
    9.0993298218e-03    0.0000000000e+00
    9.1999899596e-03    0.0000000000e+00
    9.2999199405e-03    0.0000000000e+00
    9.3998499215e-03    0.0000000000e+00
    9.4993803650e-03    0.0000000000e+00
    9.5997201279e-03    0.0000000000e+00
    9.6995998174e-03    0.0000000000e+00
    9.7994804382e-03    0.0000000000e+00
    9.8999300972e-03    1.6447200775e+01
    9.9997995421e-03    1.6447700500e+01
    1.0099500418e-02    1.6447999954e+01
    1.0199800134e-02    0.0000000000e+00
    1.0300000198e-02    0.0000000000e+00
    1.0399599560e-02    0.0000000000e+00
    1.0499300435e-02    0.0000000000e+00
    1.0599499568e-02    0.0000000000e+00
    1.0699699633e-02    0.0000000000e+00
    1.0800000280e-02    0.0000000000e+00
    1.0899499990e-02    0.0000000000e+00
    1.0999700055e-02    0.0000000000e+00
    1.1099900119e-02    1.6446300507e+01
    1.1199399829e-02    1.6446699142e+01
    1.1299599893e-02    1.6447099686e+01
    1.1399899609e-02    1.6447500229e+01
    1.1499400251e-02    1.6447700500e+01
    1.1599600315e-02    1.4243900299e+01
    1.1699699797e-02    0.0000000000e+00
    1.1799899861e-02    4.0499401093e+00
    1.1899500154e-02    1.6449499130e+01
    1.1999700218e-02    1.6450000763e+01
    1.2099499814e-02    0.0000000000e+00
    1.2199699879e-02    0.0000000000e+00
    1.2299899943e-02    0.0000000000e+00
    1.2399599887e-02    0.0000000000e+00
    1.2499799952e-02    0.0000000000e+00
    1.2599299662e-02    0.0000000000e+00
    1.2699600309e-02    0.0000000000e+00
    1.2799399905e-02    0.0000000000e+00
    1.2899599969e-02    0.0000000000e+00
    1.2999599800e-02    0.0000000000e+00
    1.3099599630e-02    0.0000000000e+00
    1.3199199922e-02    0.0000000000e+00
    1.3299399987e-02    0.0000000000e+00
    1.3399399817e-02    0.0000000000e+00
    1.3499599881e-02    0.0000000000e+00
    1.3599299826e-02    0.0000000000e+00
    1.3699599542e-02    0.0000000000e+00
    1.3799699955e-02    0.0000000000e+00
    1.3899699785e-02    0.0000000000e+00
    1.3999800198e-02    0.0000000000e+00
    1.4099200256e-02    0.0000000000e+00
    1.4199799858e-02    0.0000000000e+00
    1.4299400151e-02    0.0000000000e+00
    1.4399499632e-02    0.0000000000e+00
    1.4499399811e-02    0.0000000000e+00
    1.4599899761e-02    0.0000000000e+00
    1.4699200168e-02    0.0000000000e+00
    1.4799199998e-02    0.0000000000e+00
    1.4899300411e-02    0.0000000000e+00
    1.4999699779e-02    0.0000000000e+00
    1.5099500306e-02    0.0000000000e+00
    1.5199500136e-02    0.0000000000e+00
    1.5299599618e-02    0.0000000000e+00
    1.5399799682e-02    0.0000000000e+00
    1.5499100089e-02    0.0000000000e+00
    1.5599300154e-02    0.0000000000e+00
    1.5699399635e-02    0.0000000000e+00
    1.5799500048e-02    0.0000000000e+00
    1.5899399295e-02    0.0000000000e+00
    1.5999300405e-02    0.0000000000e+00
    1.6099199653e-02    0.0000000000e+00
    1.6199599952e-02    0.0000000000e+00
    1.6299899668e-02    0.0000000000e+00
    1.6400000080e-02    0.0000000000e+00
    1.6499400139e-02    0.0000000000e+00
    1.6599100083e-02    0.0000000000e+00
    1.6699500382e-02    0.0000000000e+00
    1.6799800098e-02    0.0000000000e+00
    1.6899799928e-02    0.0000000000e+00
    1.6999499872e-02    0.0000000000e+00
    1.7099700868e-02    0.0000000000e+00
    1.7200000584e-02    0.0000000000e+00
    1.7300000414e-02    0.0000000000e+00
    1.7399100587e-02    0.0000000000e+00
    1.7499100417e-02    0.0000000000e+00
    1.7598899081e-02    0.0000000000e+00
    1.7699899152e-02    0.0000000000e+00
    1.7799599096e-02    0.0000000000e+00
    1.7899399623e-02    0.0000000000e+00
    1.7999099568e-02    0.0000000000e+00
    1.8098900095e-02    0.0000000000e+00
    1.8199799582e-02    0.0000000000e+00
    1.8299199641e-02    0.0000000000e+00
    1.8399199471e-02    0.0000000000e+00
    1.8499299884e-02    0.0000000000e+00
    1.8599700183e-02    0.0000000000e+00
    1.8699599430e-02    0.0000000000e+00
    1.8798999488e-02    0.0000000000e+00
    1.8899999559e-02    0.0000000000e+00
    1.8999699503e-02    0.0000000000e+00
    1.9099500030e-02    0.0000000000e+00
    1.9199199975e-02    0.0000000000e+00
    1.9299000502e-02    0.0000000000e+00
    1.9400000572e-02    0.0000000000e+00
    1.9499700516e-02    0.0000000000e+00
    1.9599400461e-02    0.0000000000e+00
    1.9699700177e-02    0.0000000000e+00
    1.9799599424e-02    0.0000000000e+00
    1.9899699837e-02    0.0000000000e+00
    1.9999500364e-02    0.0000000000e+00
    2.0099200308e-02    0.0000000000e+00
    2.0199000835e-02    0.0000000000e+00
    2.0300000906e-02    0.0000000000e+00
    2.0399700850e-02    0.0000000000e+00
    2.0499499515e-02    0.0000000000e+00
    2.0599199459e-02    0.0000000000e+00
    2.0698999986e-02    0.0000000000e+00
    2.0800000057e-02    0.0000000000e+00
    2.0899700001e-02    0.0000000000e+00
    2.0999500528e-02    0.0000000000e+00
    2.1099299192e-02    0.0000000000e+00
    2.1198999137e-02    0.0000000000e+00
    2.1299999207e-02    0.0000000000e+00
    2.1399799734e-02    0.0000000000e+00
    2.1499499679e-02    0.0000000000e+00
    2.1599300206e-02    0.0000000000e+00
    2.1699000150e-02    0.0000000000e+00
    2.1798800677e-02    0.0000000000e+00
    2.1899800748e-02    0.0000000000e+00
    2.1999500692e-02    0.0000000000e+00
    2.2099299356e-02    0.0000000000e+00
    2.2198999301e-02    0.0000000000e+00
    2.2298799828e-02    0.0000000000e+00
    2.2399799898e-02    0.0000000000e+00
    2.2499499843e-02    0.0000000000e+00
    2.2599300370e-02    0.0000000000e+00
    2.2699100897e-02    0.0000000000e+00
    2.2798800841e-02    0.0000000000e+00
    2.2899800912e-02    0.0000000000e+00
    2.2999500856e-02    0.0000000000e+00
    2.3099299520e-02    0.0000000000e+00
    2.3198999465e-02    0.0000000000e+00
    2.3298799992e-02    0.0000000000e+00
    2.3399800062e-02    0.0000000000e+00
    2.3499500006e-02    0.0000000000e+00
    2.3599300534e-02    0.0000000000e+00
    2.3699000478e-02    0.0000000000e+00
    2.3798799142e-02    0.0000000000e+00
    2.3899799213e-02    0.0000000000e+00
    2.3999499157e-02    0.0000000000e+00
    2.4099199101e-02    0.0000000000e+00
    2.4198999628e-02    0.0000000000e+00
    2.4299999699e-02    0.0000000000e+00
    2.4399699643e-02    0.0000000000e+00
    2.4499500170e-02    0.0000000000e+00
    2.4599200115e-02    0.0000000000e+00
    2.4699000642e-02    0.0000000000e+00
    2.4800000712e-02    0.0000000000e+00
    2.4899700657e-02    0.0000000000e+00
    2.4999499321e-02    0.0000000000e+00
    2.5099199265e-02    0.0000000000e+00
    2.5198999792e-02    0.0000000000e+00
    2.5299899280e-02    0.0000000000e+00
    2.5399699807e-02    0.0000000000e+00
    2.5499399751e-02    0.0000000000e+00
    2.5599200279e-02    0.0000000000e+00
    2.5698900223e-02    0.0000000000e+00
    2.5799900293e-02    0.0000000000e+00
    2.5899700820e-02    0.0000000000e+00
    2.5999400765e-02    0.0000000000e+00
    2.6099199429e-02    0.0000000000e+00
    2.6198899373e-02    0.0000000000e+00
    2.6299899444e-02    0.0000000000e+00
    2.6399599388e-02    0.0000000000e+00
    2.6499399915e-02    0.0000000000e+00
    2.6599099860e-02    0.0000000000e+00
    2.6698900387e-02    0.0000000000e+00
    2.6799900457e-02    0.0000000000e+00
    2.6899600402e-02    0.0000000000e+00
    2.6999400929e-02    0.0000000000e+00
    2.7099100873e-02    0.0000000000e+00
    2.7198899537e-02    0.0000000000e+00
    2.7299899608e-02    0.0000000000e+00
    2.7399599552e-02    0.0000000000e+00
    2.7499400079e-02    0.0000000000e+00
    2.7599100024e-02    0.0000000000e+00
    2.7698900551e-02    0.0000000000e+00
    2.7799900621e-02    0.0000000000e+00
    2.7899600565e-02    0.0000000000e+00
    2.7999900281e-02    0.0000000000e+00
    2.8099799529e-02    0.0000000000e+00
    2.8199700639e-02    0.0000000000e+00
    2.8299899772e-02    0.0000000000e+00
    2.8399199247e-02    0.0000000000e+00
    2.8499500826e-02    0.0000000000e+00
    2.8599699959e-02    0.0000000000e+00
    2.8699500486e-02    0.0000000000e+00
    2.8799600899e-02    0.0000000000e+00
    2.8899500147e-02    0.0000000000e+00
    2.8999499977e-02    0.0000000000e+00
    2.9099799693e-02    0.0000000000e+00
    2.9199000448e-02    0.0000000000e+00
    2.9299300164e-02    0.0000000000e+00
    2.9399599880e-02    0.0000000000e+00
    2.9499800876e-02    0.0000000000e+00
    2.9599400237e-02    0.0000000000e+00
    2.9699599370e-02    0.0000000000e+00
    2.9799699783e-02    0.0000000000e+00
    2.9899999499e-02    0.0000000000e+00
    2.9999300838e-02    0.0000000000e+00
