       301
    0.0000000000e+00    0.0000000000e+00
    9.9796299764e-05    0.0000000000e+00
    1.9887600502e-04    6.6367400464e-09
    2.9988799361e-04    1.9843399812e-08
    3.9968400961e-04    3.3226399410e-08
    4.9947702792e-04    4.6431999579e-08
    5.9926800895e-04    5.9417899934e-08
    6.9905800046e-04    7.2086699276e-08
    7.9884601291e-04    8.4512400633e-08
    8.9984899387e-04    9.6907797342e-08
    9.9962996319e-04    1.0909800352e-07
    1.0993999895e-03    1.2101600078e-07
    1.1991600040e-03    1.3273999855e-07
    1.2989100069e-03    1.4455500263e-07
    1.3998800423e-03    1.5652000229e-07
    1.4996300451e-03    1.6820800397e-07
    1.5993700363e-03    1.7959500553e-07
    1.6991200391e-03    1.9106599325e-07
    1.7988500185e-03    2.0269300194e-07
    1.8997900188e-03    2.1425199748e-07
    1.9994999748e-03    2.2568499958e-07
    2.0991999190e-03    2.3732600596e-07
    2.1988900844e-03    2.4926799824e-07
    2.2997900378e-03    2.6162300060e-07
    2.3995400406e-03    2.7389000934e-07
    2.4993000552e-03    2.8626999438e-07
    2.5992700830e-03    2.9900999721e-07
    2.6996699162e-03    3.1224499253e-07
    2.7994900011e-03    3.2574300235e-07
    2.8998900671e-03    3.3944598954e-07
    2.9996300582e-03    3.5317100355e-07
    3.0994398985e-03    3.6704000195e-07
    3.1993100420e-03    3.8087699750e-07
    3.2999499235e-03    3.9460201151e-07
    3.3995499834e-03    4.0808600943e-07
    3.4996699542e-03    4.2164600700e-07
    3.5997999366e-03    4.3510598857e-07
    3.6997599527e-03    4.4830798629e-07
    3.7991800345e-03    4.6111401275e-07
    3.8993700873e-03    4.7367399247e-07
    3.9995699190e-03    4.8584598744e-07
    4.0997802280e-03    4.9743897534e-07
    4.1999998502e-03    5.0839099686e-07
    4.2992900126e-03    5.1857597327e-07
    4.3992600404e-03    5.2821297913e-07
    4.4999499805e-03    5.3743099215e-07
    4.5991698280e-03    5.4626400470e-07
    4.6993498690e-03    5.5504000329e-07
    4.7990898602e-03    5.6380400792e-07
    4.8996899277e-03    5.7275400422e-07
    4.9992701970e-03    5.8179102780e-07
    5.0999200903e-03    5.9115200202e-07
    5.1987902261e-03    6.0057101336e-07
    5.2995099686e-03    6.1028401888e-07
    5.3999400698e-03    6.1984297872e-07
    5.4991398938e-03    6.2893400354e-07
    5.5988300592e-03    6.3763599201e-07
    5.6996499188e-03    6.4597799110e-07
    5.7994299568e-03    6.5376502789e-07
    5.8994600549e-03    6.6122402131e-07
    5.9998598881e-03    6.6852601321e-07
    6.0994098894e-03    6.7570198325e-07
    6.1992402188e-03    6.8284600729e-07
    6.2998197973e-03    6.8988197199e-07
    6.3992901705e-03    6.9659000701e-07
    6.4996602014e-03    7.0300802690e-07
    6.5999901854e-03    7.0894299142e-07
    6.6996598616e-03    7.1425500892e-07
    6.7997798324e-03    7.1894601206e-07
    6.8995598704e-03    7.2298502118e-07
    6.9991000928e-03    7.2648998639e-07
    7.0992200635e-03    7.2954100006e-07
    7.1995500475e-03    7.3223702657e-07
    7.2996402159e-03    7.3481299978e-07
    7.3998300359e-03    7.3739897744e-07
    7.4999998324e-03    7.4005799888e-07
    7.5996601954e-03    7.4287902407e-07
    7.6997000724e-03    7.4597699040e-07
    7.7994498424e-03    7.4935900329e-07
    7.8996103257e-03    7.5284100376e-07
    7.9993298277e-03    7.5522797260e-07
    8.0994600430e-03    7.5814801903e-07
    8.1995604560e-03    7.6148501194e-07
    8.2997400314e-03    7.6351199141e-07
    8.3999903873e-03    7.6603402022e-07
    8.4990803152e-03    7.6936998994e-07
    8.5995299742e-03    7.7328002135e-07
    8.6994199082e-03    7.7703998613e-07
    8.7993303314e-03    7.8067199638e-07
    8.8993096724e-03    7.8416297811e-07
    8.9991297573e-03    7.8670598214e-07
    9.0993298218e-03    7.8736798059e-07
    9.1999899596e-03    7.8701600614e-07
    9.2999199405e-03    7.8638100831e-07
    9.3998499215e-03    7.8495202160e-07
    9.4993803650e-03    7.8335102671e-07
    9.5997201279e-03    7.8156699601e-07
    9.6995998174e-03    7.7923300523e-07
    9.7994804382e-03    7.7711700897e-07
    9.8999300972e-03    7.7583399616e-07
    9.9997995421e-03    7.7527897702e-07
    1.0099500418e-02    7.7540101984e-07
    1.0199800134e-02    7.7556700262e-07
    1.0300000198e-02    7.7540602206e-07
    1.0399599560e-02    7.7506297202e-07
    1.0499300435e-02    7.7491097272e-07
    1.0599499568e-02    7.7505899299e-07
    1.0699699633e-02    7.7556802580e-07
    1.0800000280e-02    7.7637201912e-07
    1.0899499990e-02    7.7714901181e-07
    1.0999700055e-02    7.7761802686e-07
    1.1099900119e-02    7.7771102269e-07
    1.1199399829e-02    7.7758397765e-07
    1.1299599893e-02    7.7753901451e-07
    1.1399899609e-02    7.7760597605e-07
    1.1499400251e-02    7.7775501950e-07
    1.1599600315e-02    7.7781299979e-07
    1.1699699797e-02    7.7765298556e-07
    1.1799899861e-02    7.7703202805e-07
    1.1899500154e-02    7.7591198533e-07
    1.1999700218e-02    7.7440000723e-07
    1.2099499814e-02    7.7270300380e-07
    1.2199699879e-02    7.7091101502e-07
    1.2299899943e-02    7.6889597267e-07
    1.2399599887e-02    7.6668800375e-07
    1.2499799952e-02    7.6440102248e-07
    1.2599299662e-02    7.6230298873e-07
    1.2699600309e-02    7.6047001585e-07
    1.2799399905e-02    7.5904898722e-07
    1.2899599969e-02    7.5796299370e-07
    1.2999599800e-02    7.5709300518e-07
    1.3099599630e-02    7.5620397411e-07
    1.3199199922e-02    7.5516197739e-07
    1.3299399987e-02    7.5391199061e-07
    1.3399399817e-02    7.5255400134e-07
    1.3499599881e-02    7.5102502706e-07
    1.3599299826e-02    7.4907501357e-07
    1.3699599542e-02    7.4691502050e-07
    1.3799699955e-02    7.4462002431e-07
    1.3899699785e-02    7.4217399515e-07
    1.3999800198e-02    7.3948598356e-07
    1.4099200256e-02    7.3688300972e-07
    1.4199799858e-02    7.3464400430e-07
    1.4299400151e-02    7.3274799206e-07
    1.4399499632e-02    7.3086999919e-07
    1.4499399811e-02    7.2892299841e-07
    1.4599899761e-02    7.2676499485e-07
    1.4699200168e-02    7.2412200325e-07
    1.4799199998e-02    7.2107599181e-07
    1.4899300411e-02    7.1801400736e-07
    1.4999699779e-02    7.1489597531e-07
    1.5099500306e-02    7.1163600524e-07
    1.5199500136e-02    7.0823597298e-07
    1.5299599618e-02    7.0478301950e-07
    1.5399799682e-02    7.0135502028e-07
    1.5499100089e-02    6.9811898129e-07
    1.5599300154e-02    6.9502999622e-07
    1.5699399635e-02    6.9213399456e-07
    1.5799500048e-02    6.8943802489e-07
    1.5899399295e-02    6.8688098054e-07
    1.5999300405e-02    6.8430597366e-07
    1.6099199653e-02    6.8154201927e-07
    1.6199599952e-02    6.7855302177e-07
    1.6299899668e-02    6.7552997507e-07
    1.6400000080e-02    6.7250300617e-07
    1.6499400139e-02    6.6947302457e-07
    1.6599100083e-02    6.6647697849e-07
    1.6699500382e-02    6.6354698447e-07
    1.6799800098e-02    6.6061801363e-07
    1.6899799928e-02    6.5758399614e-07
    1.6999499872e-02    6.5451598630e-07
    1.7099700868e-02    6.5163499130e-07
    1.7200000584e-02    6.4902201302e-07
    1.7300000414e-02    6.4653897880e-07
    1.7399100587e-02    6.4406498268e-07
    1.7499100417e-02    6.4148002821e-07
    1.7598899081e-02    6.3877598677e-07
    1.7699899152e-02    6.3588299781e-07
    1.7799599096e-02    6.3285801843e-07
    1.7899399623e-02    6.2966699943e-07
    1.7999099568e-02    6.2637201381e-07
    1.8098900095e-02    6.2304701487e-07
    1.8199799582e-02    6.1964499309e-07
    1.8299199641e-02    6.1624598402e-07
    1.8399199471e-02    6.1284697495e-07
    1.8499299884e-02    6.0955500203e-07
    1.8599700183e-02    6.0644600808e-07
    1.8699599430e-02    6.0348600073e-07
    1.8798999488e-02    6.0057300288e-07
    1.8899999559e-02    5.9770297867e-07
    1.8999699503e-02    5.9506197658e-07
    1.9099500030e-02    5.9238999484e-07
    1.9199199975e-02    5.8966202232e-07
    1.9299000502e-02    5.8700402406e-07
    1.9400000572e-02    5.8449097651e-07
    1.9499700516e-02    5.8207001530e-07
    1.9599400461e-02    5.7975699974e-07
    1.9699700177e-02    5.7751901750e-07
    1.9799599424e-02    5.7516302832e-07
    1.9899699837e-02    5.7267698139e-07
    1.9999500364e-02    5.7037402712e-07
    2.0099200308e-02    5.6830202766e-07
    2.0199000835e-02    5.6620797295e-07
    2.0300000906e-02    5.6399500181e-07
    2.0399700850e-02    5.6182301478e-07
    2.0499499515e-02    5.5965000456e-07
    2.0599199459e-02    5.5751098671e-07
    2.0698999986e-02    5.5552999356e-07
    2.0800000057e-02    5.5364597529e-07
    2.0899700001e-02    5.5176798242e-07
    2.0999500528e-02    5.4989698128e-07
    2.1099299192e-02    5.4813898487e-07
    2.1198999137e-02    5.4648398873e-07
    2.1299999207e-02    5.4487099987e-07
    2.1399799734e-02    5.4334901733e-07
    2.1499499679e-02    5.4181697351e-07
    2.1599300206e-02    5.4022098084e-07
    2.1699000150e-02    5.3865699101e-07
    2.1798800677e-02    5.3720901860e-07
    2.1899800748e-02    5.3585097248e-07
    2.1999500692e-02    5.3457597460e-07
    2.2099299356e-02    5.3333297956e-07
    2.2198999301e-02    5.3211601880e-07
    2.2298799828e-02    5.3094498753e-07
    2.2399799898e-02    5.2978401754e-07
    2.2499499843e-02    5.2862401390e-07
    2.2599300370e-02    5.2744701406e-07
    2.2699100897e-02    5.2628399771e-07
    2.2798800841e-02    5.2510301884e-07
    2.2899800912e-02    5.2383097682e-07
    2.2999500856e-02    5.2251897387e-07
    2.3099299520e-02    5.2117798077e-07
    2.3198999465e-02    5.1982101468e-07
    2.3298799992e-02    5.1841999493e-07
    2.3399800062e-02    5.1693598380e-07
    2.3499500006e-02    5.1546101076e-07
    2.3599300534e-02    5.1404998658e-07
    2.3699000478e-02    5.1273201507e-07
    2.3798799142e-02    5.1141898894e-07
    2.3899799213e-02    5.1003399903e-07
    2.3999499157e-02    5.0861700629e-07
    2.4099199101e-02    5.0707598120e-07
    2.4198999628e-02    5.0544798569e-07
    2.4299999699e-02    5.0374097782e-07
    2.4399699643e-02    5.0202697821e-07
    2.4499500170e-02    5.0015802344e-07
    2.4599200115e-02    4.9824200232e-07
    2.4699000642e-02    4.9636201993e-07
    2.4800000712e-02    4.9450000006e-07
    2.4899700657e-02    4.9275701031e-07
    2.4999499321e-02    4.9113998557e-07
    2.5099199265e-02    4.8958798970e-07
    2.5198999792e-02    4.8800501418e-07
    2.5299899280e-02    4.8635001804e-07
    2.5399699807e-02    4.8474697678e-07
    2.5499399751e-02    4.8321697932e-07
    2.5599200279e-02    4.8168197964e-07
    2.5698900223e-02    4.8011702347e-07
    2.5799900293e-02    4.7838602768e-07
    2.5899700820e-02    4.7642001277e-07
    2.5999400765e-02    4.7421499971e-07
    2.6099199429e-02    4.7190098940e-07
    2.6198899373e-02    4.6951200261e-07
    2.6299899444e-02    4.6695100764e-07
    2.6399599388e-02    4.6432299428e-07
    2.6499399915e-02    4.6168199219e-07
    2.6599099860e-02    4.5900199552e-07
    2.6698900387e-02    4.5627999157e-07
    2.6799900457e-02    4.5352101097e-07
    2.6899600402e-02    4.5080199129e-07
    2.6999400929e-02    4.4809598876e-07
    2.7099100873e-02    4.4539498845e-07
    2.7198899537e-02    4.4267900989e-07
    2.7299899608e-02    4.3986901233e-07
    2.7399599552e-02    4.3702900143e-07
    2.7499400079e-02    4.3416099516e-07
    2.7599100024e-02    4.3127599270e-07
    2.7698900551e-02    4.2837700676e-07
    2.7799900621e-02    4.2545698875e-07
    2.7899600565e-02    4.2259600264e-07
    2.7999900281e-02    4.1972799636e-07
    2.8099799529e-02    4.1687300723e-07
    2.8199700639e-02    4.1403001205e-07
    2.8299899772e-02    4.1119699290e-07
    2.8399199247e-02    4.0842400040e-07
    2.8499500826e-02    4.0569298676e-07
    2.8599699959e-02    4.0305599214e-07
    2.8699500486e-02    4.0051401129e-07
    2.8799600899e-02    3.9799098772e-07
    2.8899500147e-02    3.9546000608e-07
    2.8999499977e-02    3.9291600729e-07
    2.9099799693e-02    3.9032900645e-07
    2.9199000448e-02    3.8768300215e-07
    2.9299300164e-02    3.8496901311e-07
    2.9399599880e-02    3.8226400534e-07
    2.9499800876e-02    3.7954799836e-07
    2.9599400237e-02    3.7677799014e-07
    2.9699599370e-02    3.7402600128e-07
    2.9799699783e-02    3.7131900399e-07
    2.9899999499e-02    3.6863900732e-07
    2.9999300838e-02    3.6596600239e-07
