       301
    0.0000000000e+00    0.0000000000e+00
    9.9796299764e-05    1.6291500093e-10
    1.9887600502e-04    1.5944600307e-08
    2.9988799361e-04    3.8031998884e-08
    3.9968400961e-04    5.9836501975e-08
    4.9947702792e-04    8.1311000599e-08
    5.9926800895e-04    1.0246200333e-07
    6.9905800046e-04    1.2326900389e-07
    7.9884601291e-04    1.4366599999e-07
    8.9984899387e-04    1.6391899749e-07
    9.9962996319e-04    1.8344999830e-07
    1.0993999895e-03    2.0253199295e-07
    1.1991600040e-03    2.2114599574e-07
    1.2989100069e-03    2.3918900638e-07
    1.3998800423e-03    2.5685699256e-07
    1.4996300451e-03    2.7379300604e-07
    1.5993700363e-03    2.9017598990e-07
    1.6991200391e-03    3.0604999779e-07
    1.7988500185e-03    3.2138399320e-07
    1.8997900188e-03    3.3647199871e-07
    1.9994999748e-03    3.5092699591e-07
    2.0991999190e-03    3.6503499246e-07
    2.1988900844e-03    3.7875199155e-07
    2.2997900378e-03    3.9230098992e-07
    2.3995400406e-03    4.0553700842e-07
    2.4993000552e-03    4.1872098677e-07
    2.5992700830e-03    4.3194799559e-07
    2.6996699162e-03    4.4533700816e-07
    2.7994900011e-03    4.5878999799e-07
    2.8998900671e-03    4.7248400392e-07
    2.9996300582e-03    4.8622399618e-07
    3.0994398985e-03    5.0005002095e-07
    3.1993100420e-03    5.1400797929e-07
    3.2999499235e-03    5.2818899121e-07
    3.3995499834e-03    5.4232299362e-07
    3.4996699542e-03    5.5659802456e-07
    3.5997999366e-03    5.7091597228e-07
    3.6997599527e-03    5.8515200863e-07
    3.7991800345e-03    5.9912002826e-07
    3.8993700873e-03    6.1288000097e-07
    3.9995699190e-03    6.2630601860e-07
    4.0997802280e-03    6.3937000050e-07
    4.1999998502e-03    6.5201800226e-07
    4.2992900126e-03    6.6405601729e-07
    4.3992600404e-03    6.7564002393e-07
    4.4999499805e-03    6.8680202503e-07
    4.5991698280e-03    6.9741400921e-07
    4.6993498690e-03    7.0786200013e-07
    4.7990898602e-03    7.1813997238e-07
    4.8996899277e-03    7.2854601285e-07
    4.9992701970e-03    7.3903100883e-07
    5.0999200903e-03    7.4990299481e-07
    5.1987902261e-03    7.6088497281e-07
    5.2995099686e-03    7.7235000617e-07
    5.3999400698e-03    7.8394498360e-07
    5.4991398938e-03    7.9538699538e-07
    5.5988300592e-03    8.0672498370e-07
    5.6996499188e-03    8.1795798224e-07
    5.7994299568e-03    8.2879597585e-07
    5.8994600549e-03    8.3931900008e-07
    5.9998598881e-03    8.4945799017e-07
    6.0994098894e-03    8.5900398972e-07
    6.1992402188e-03    8.6800298504e-07
    6.2998197973e-03    8.7643400093e-07
    6.3992901705e-03    8.8413798949e-07
    6.4996602014e-03    8.9136699444e-07
    6.5999901854e-03    8.9821401161e-07
    6.6996598616e-03    9.0482700443e-07
    6.7997798324e-03    9.1141697567e-07
    6.8995598704e-03    9.1802797897e-07
    6.9991000928e-03    9.2470901336e-07
    7.0992200635e-03    9.3150100611e-07
    7.1995500475e-03    9.3833801884e-07
    7.2996402159e-03    9.4516502713e-07
    7.3998300359e-03    9.5197600558e-07
    7.4999998324e-03    9.5865300409e-07
    7.5996601954e-03    9.6494704849e-07
    7.6997000724e-03    9.7062797977e-07
    7.7994498424e-03    9.7539600574e-07
    7.8996103257e-03    9.8001100923e-07
    7.9993298277e-03    9.8244095170e-07
    8.0994600430e-03    9.8371401691e-07
    8.1995604560e-03    9.8440295915e-07
    8.2997400314e-03    9.8499401702e-07
    8.3999903873e-03    9.8540704130e-07
    8.4990803152e-03    9.8599002740e-07
    8.5995299742e-03    9.8666100712e-07
    8.6994199082e-03    9.8672103377e-07
    8.7993303314e-03    9.8634495771e-07
    8.8993096724e-03    9.8580005670e-07
    8.9991297573e-03    9.8521002201e-07
    9.0993298218e-03    9.8475902632e-07
    9.1999899596e-03    9.8457303466e-07
    9.2999199405e-03    9.8452301245e-07
    9.3998499215e-03    9.8436100870e-07
    9.4993803650e-03    9.8403700122e-07
    9.5997201279e-03    9.8367104329e-07
    9.6995998174e-03    9.8339796750e-07
    9.7994804382e-03    9.8322595932e-07
    9.8999300972e-03    9.8298005469e-07
    9.9997995421e-03    9.8265695669e-07
    1.0099500418e-02    9.8230498224e-07
    1.0199800134e-02    9.8202394838e-07
    1.0300000198e-02    9.8184398212e-07
    1.0399599560e-02    9.8166901807e-07
    1.0499300435e-02    9.8150303529e-07
    1.0599499568e-02    9.8136297311e-07
    1.0699699633e-02    9.8125701697e-07
    1.0800000280e-02    9.8119198810e-07
    1.0899499990e-02    9.8122905001e-07
    1.0999700055e-02    9.8129498838e-07
    1.1099900119e-02    9.8128396075e-07
    1.1199399829e-02    9.8115003766e-07
    1.1299599893e-02    9.8082398381e-07
    1.1399899609e-02    9.8024395356e-07
    1.1499400251e-02    9.7953704881e-07
    1.1599600315e-02    9.7886595540e-07
    1.1699699797e-02    9.7840495528e-07
    1.1799899861e-02    9.7820202427e-07
    1.1899500154e-02    9.7815404843e-07
    1.1999700218e-02    9.7813403954e-07
    1.2099499814e-02    9.7807401289e-07
    1.2199699879e-02    9.7795498277e-07
    1.2299899943e-02    9.7777194696e-07
    1.2399599887e-02    9.7748204553e-07
    1.2499799952e-02    9.7700194601e-07
    1.2599299662e-02    9.7633096630e-07
    1.2699600309e-02    9.7547797395e-07
    1.2799399905e-02    9.7451402326e-07
    1.2899599969e-02    9.7352904049e-07
    1.2999599800e-02    9.7259101040e-07
    1.3099599630e-02    9.7168503999e-07
    1.3199199922e-02    9.7078498129e-07
    1.3299399987e-02    9.6982603282e-07
    1.3399399817e-02    9.6883502465e-07
    1.3499599881e-02    9.6798794402e-07
    1.3599299826e-02    9.6727603704e-07
    1.3699599542e-02    9.6642600056e-07
    1.3799699955e-02    9.6536200545e-07
    1.3899699785e-02    9.6417704754e-07
    1.3999800198e-02    9.6299004326e-07
    1.4099200256e-02    9.6180599485e-07
    1.4199799858e-02    9.6060000487e-07
    1.4299400151e-02    9.5936195521e-07
    1.4399499632e-02    9.5807297384e-07
    1.4499399811e-02    9.5670395694e-07
    1.4599899761e-02    9.5526399946e-07
    1.4699200168e-02    9.5384200449e-07
    1.4799199998e-02    9.5236600828e-07
    1.4899300411e-02    9.5079701623e-07
    1.4999699779e-02    9.4906198456e-07
    1.5099500306e-02    9.4719001709e-07
    1.5199500136e-02    9.4525398708e-07
    1.5299599618e-02    9.4329101330e-07
    1.5399799682e-02    9.4123998906e-07
    1.5499100089e-02    9.3913899946e-07
    1.5599300154e-02    9.3696502290e-07
    1.5699399635e-02    9.3473801144e-07
    1.5799500048e-02    9.3242897492e-07
    1.5899399295e-02    9.3011402669e-07
    1.5999300405e-02    9.2784097205e-07
    1.6099199653e-02    9.2564897614e-07
    1.6199599952e-02    9.2349000624e-07
    1.6299899668e-02    9.2133700491e-07
    1.6400000080e-02    9.1914301947e-07
    1.6499400139e-02    9.1687400072e-07
    1.6599100083e-02    9.1452301376e-07
    1.6699500382e-02    9.1206300112e-07
    1.6799800098e-02    9.0952897835e-07
    1.6899799928e-02    9.0693299626e-07
    1.6999499872e-02    9.0429199417e-07
    1.7099700868e-02    9.0162001243e-07
    1.7200000584e-02    8.9896599320e-07
    1.7300000414e-02    8.9639297585e-07
    1.7399100587e-02    8.9390800895e-07
    1.7499100417e-02    8.9141099124e-07
    1.7598899081e-02    8.8890698180e-07
    1.7699899152e-02    8.8635999873e-07
    1.7799599096e-02    8.8382597596e-07
    1.7899399623e-02    8.8127302433e-07
    1.7999099568e-02    8.7874502697e-07
    1.8098900095e-02    8.7624499656e-07
    1.8199799582e-02    8.7369102175e-07
    1.8299199641e-02    8.7114801772e-07
    1.8399199471e-02    8.6859398607e-07
    1.8499299884e-02    8.6602398142e-07
    1.8599700183e-02    8.6344101646e-07
    1.8699599430e-02    8.6084099848e-07
    1.8798999488e-02    8.5822597384e-07
    1.8899999559e-02    8.5557502416e-07
    1.8999699503e-02    8.5302798425e-07
    1.9099500030e-02    8.5060099764e-07
    1.9199199975e-02    8.4820499069e-07
    1.9299000502e-02    8.4580500470e-07
    1.9400000572e-02    8.4339598061e-07
    1.9499700516e-02    8.4103902509e-07
    1.9599400461e-02    8.3867598732e-07
    1.9699700177e-02    8.3635001147e-07
    1.9799599424e-02    8.3410901652e-07
    1.9899699837e-02    8.3186199618e-07
    1.9999500364e-02    8.2961798853e-07
    2.0099200308e-02    8.2737398088e-07
    2.0199000835e-02    8.2515299482e-07
    2.0300000906e-02    8.2298902271e-07
    2.0399700850e-02    8.2094601339e-07
    2.0499499515e-02    8.1893102788e-07
    2.0599199459e-02    8.1688398268e-07
    2.0698999986e-02    8.1480601466e-07
    2.0800000057e-02    8.1268700569e-07
    2.0899700001e-02    8.1060301227e-07
    2.0999500528e-02    8.0850202266e-07
    2.1099299192e-02    8.0635800259e-07
    2.1198999137e-02    8.0415600223e-07
    2.1299999207e-02    8.0189698792e-07
    2.1399799734e-02    7.9967901456e-07
    2.1499499679e-02    7.9747502468e-07
    2.1599300206e-02    7.9524500052e-07
    2.1699000150e-02    7.9296597733e-07
    2.1798800677e-02    7.9065597447e-07
    2.1899800748e-02    7.8830800021e-07
    2.1999500692e-02    7.8598702657e-07
    2.2099299356e-02    7.8365297895e-07
    2.2198999301e-02    7.8127800407e-07
    2.2298799828e-02    7.7886397776e-07
    2.2399799898e-02    7.7639998608e-07
    2.2499499843e-02    7.7395401377e-07
    2.2599300370e-02    7.7149201161e-07
    2.2699100897e-02    7.6898697898e-07
    2.2798800841e-02    7.6641100577e-07
    2.2899800912e-02    7.6369997259e-07
    2.2999500856e-02    7.6090799439e-07
    2.3099299520e-02    7.5803200161e-07
    2.3198999465e-02    7.5512400599e-07
    2.3298799992e-02    7.5219702467e-07
    2.3399800062e-02    7.4920899351e-07
    2.3499500006e-02    7.4622499824e-07
    2.3599300534e-02    7.4320399790e-07
    2.3699000478e-02    7.4016702456e-07
    2.3798799142e-02    7.3714699056e-07
    2.3899799213e-02    7.3412701340e-07
    2.3999499157e-02    7.3122600952e-07
    2.4099199101e-02    7.2836002118e-07
    2.4198999628e-02    7.2546600904e-07
    2.4299999699e-02    7.2247399885e-07
    2.4399699643e-02    7.1945902391e-07
    2.4499500170e-02    7.1637600740e-07
    2.4599200115e-02    7.1320999950e-07
    2.4699000642e-02    7.0993701229e-07
    2.4800000712e-02    7.0653402418e-07
    2.4899700657e-02    7.0309499733e-07
    2.4999499321e-02    6.9961697591e-07
    2.5099199265e-02    6.9617198051e-07
    2.5198999792e-02    6.9277302828e-07
    2.5299899280e-02    6.8939402809e-07
    2.5399699807e-02    6.8608699166e-07
    2.5499399751e-02    6.8278700383e-07
    2.5599200279e-02    6.7947399884e-07
    2.5698900223e-02    6.7612597832e-07
    2.5799900293e-02    6.7268399562e-07
    2.5899700820e-02    6.6922001452e-07
    2.5999400765e-02    6.6567997692e-07
    2.6099199429e-02    6.6206797555e-07
    2.6198899373e-02    6.5841300056e-07
    2.6299899444e-02    6.5472397637e-07
    2.6399599388e-02    6.5113999881e-07
    2.6499399915e-02    6.4761502472e-07
    2.6599099860e-02    6.4412500933e-07
    2.6698900387e-02    6.4065699235e-07
    2.6799900457e-02    6.3716800014e-07
    2.6899600402e-02    6.3373698822e-07
    2.6999400929e-02    6.3029597186e-07
    2.7099100873e-02    6.2681601776e-07
    2.7198899537e-02    6.2328797412e-07
    2.7299899608e-02    6.1969302578e-07
    2.7399599552e-02    6.1614099423e-07
    2.7499400079e-02    6.1260999473e-07
    2.7599100024e-02    6.0911702349e-07
    2.7698900551e-02    6.0567498394e-07
    2.7799900621e-02    6.0224698473e-07
    2.7899600565e-02    5.9891198134e-07
    2.7999900281e-02    5.9560699128e-07
    2.8099799529e-02    5.9233798311e-07
    2.8199700639e-02    5.8905499145e-07
    2.8299899772e-02    5.8571600903e-07
    2.8399199247e-02    5.8236599898e-07
    2.8499500826e-02    5.7897301531e-07
    2.8599699959e-02    5.7560498590e-07
    2.8699500486e-02    5.7229402728e-07
    2.8799600899e-02    5.6901097878e-07
    2.8899500147e-02    5.6576300267e-07
    2.8999499977e-02    5.6252201830e-07
    2.9099799693e-02    5.5930098597e-07
    2.9199000448e-02    5.5615697647e-07
    2.9299300164e-02    5.5300597523e-07
    2.9399599880e-02    5.4990698573e-07
    2.9499800876e-02    5.4682902828e-07
    2.9599400237e-02    5.4378898540e-07
    2.9699599370e-02    5.4075798062e-07
    2.9799699783e-02    5.3779797327e-07
    2.9899999499e-02    5.3490100527e-07
    2.9999300838e-02    5.3208202644e-07
