       301
    0.0000000000e+00    0.0000000000e+00
    9.9796299764e-05    0.0000000000e+00
    1.9887600502e-04    2.3887800626e-09
    2.9988799361e-04    1.0791399774e-08
    3.9968400961e-04    1.9718699562e-08
    4.9947702792e-04    2.8462299184e-08
    5.9926800895e-04    3.6982100937e-08
    6.9905800046e-04    4.5164799900e-08
    7.9884601291e-04    5.3093401675e-08
    8.9984899387e-04    6.0961703241e-08
    9.9962996319e-04    6.8583503321e-08
    1.0993999895e-03    7.6072502964e-08
    1.1991600040e-03    8.3496097147e-08
    1.2989100069e-03    9.0779998629e-08
    1.3998800423e-03    9.7957197909e-08
    1.4996300451e-03    1.0493499758e-07
    1.5993700363e-03    1.1187500348e-07
    1.6991200391e-03    1.1858300297e-07
    1.7988500185e-03    1.2495100066e-07
    1.8997900188e-03    1.3129900367e-07
    1.9994999748e-03    1.3733800586e-07
    2.0991999190e-03    1.4333299703e-07
    2.1988900844e-03    1.4924400205e-07
    2.2997900378e-03    1.5516199880e-07
    2.3995400406e-03    1.6097800426e-07
    2.4993000552e-03    1.6680000670e-07
    2.5992700830e-03    1.7272100195e-07
    2.6996699162e-03    1.7865599489e-07
    2.7994900011e-03    1.8455199324e-07
    2.8998900671e-03    1.9070100166e-07
    2.9996300582e-03    1.9697000653e-07
    3.0994398985e-03    2.0335599515e-07
    3.1993100420e-03    2.0987799587e-07
    3.2999499235e-03    2.1655600335e-07
    3.3995499834e-03    2.2334600658e-07
    3.4996699542e-03    2.3041999953e-07
    3.5997999366e-03    2.3774599356e-07
    3.6997599527e-03    2.4535700049e-07
    3.7991800345e-03    2.5323100772e-07
    3.8993700873e-03    2.6151900556e-07
    3.9995699190e-03    2.7017298976e-07
    4.0997802280e-03    2.7912000178e-07
    4.1999998502e-03    2.8822199738e-07
    4.2992900126e-03    2.9724199635e-07
    4.3992600404e-03    3.0621899327e-07
    4.4999499805e-03    3.1508000120e-07
    4.5991698280e-03    3.2346699186e-07
    4.6993498690e-03    3.3135199828e-07
    4.7990898602e-03    3.3858398751e-07
    4.8996899277e-03    3.4517799463e-07
    4.9992701970e-03    3.5093299289e-07
    5.0999200903e-03    3.5607999394e-07
    5.1987902261e-03    3.6061800301e-07
    5.2995099686e-03    3.6481100096e-07
    5.3999400698e-03    3.6868999587e-07
    5.4991398938e-03    3.7230699945e-07
    5.5988300592e-03    3.7577498802e-07
    5.6996499188e-03    3.7910999140e-07
    5.7994299568e-03    3.8212800746e-07
    5.8994600549e-03    3.8478100350e-07
    5.9998598881e-03    3.8703001337e-07
    6.0994098894e-03    3.8889498910e-07
    6.1992402188e-03    3.9052798684e-07
    6.2998197973e-03    3.9203200686e-07
    6.3992901705e-03    3.9355199988e-07
    6.4996602014e-03    3.9526400997e-07
    6.5999901854e-03    3.9727498802e-07
    6.6996598616e-03    3.9967400767e-07
    6.7997798324e-03    4.0262199263e-07
    6.8995598704e-03    4.0612599150e-07
    6.9991000928e-03    4.1007999130e-07
    7.0992200635e-03    4.1427199449e-07
    7.1995500475e-03    4.1836599962e-07
    7.2996402159e-03    4.2207599904e-07
    7.3998300359e-03    4.2528898803e-07
    7.4999998324e-03    4.2794698629e-07
    7.5996601954e-03    4.2999300831e-07
    7.6997000724e-03    4.3146800977e-07
    7.7994498424e-03    4.3256400772e-07
    7.8996103257e-03    4.3359599999e-07
    7.9993298277e-03    4.3481401235e-07
    8.0994600430e-03    4.3520699933e-07
    8.1995604560e-03    4.3546100414e-07
    8.2997400314e-03    4.3624498858e-07
    8.3999903873e-03    4.3653199100e-07
    8.4990803152e-03    4.3583000320e-07
    8.5995299742e-03    4.3590199539e-07
    8.6994199082e-03    4.3608400802e-07
    8.7993303314e-03    4.3536499561e-07
    8.8993096724e-03    4.3352400780e-07
    8.9991297573e-03    4.3079000989e-07
    9.0993298218e-03    4.2764298769e-07
    9.1999899596e-03    4.2402399458e-07
    9.2999199405e-03    4.2177600790e-07
    9.3998499215e-03    4.2107001264e-07
    9.4993803650e-03    4.2060199235e-07
    9.5997201279e-03    4.1969900622e-07
    9.6995998174e-03    4.1873499868e-07
    9.7994804382e-03    4.1825501285e-07
    9.8999300972e-03    4.1850398702e-07
    9.9997995421e-03    4.1915899374e-07
    1.0099500418e-02    4.1954498897e-07
    1.0199800134e-02    4.1921600769e-07
    1.0300000198e-02    4.1830600139e-07
    1.0399599560e-02    4.1705700937e-07
    1.0499300435e-02    4.1569100517e-07
    1.0599499568e-02    4.1461601086e-07
    1.0699699633e-02    4.1395000494e-07
    1.0800000280e-02    4.1362000047e-07
    1.0899499990e-02    4.1345100499e-07
    1.0999700055e-02    4.1336599566e-07
    1.1099900119e-02    4.1343599833e-07
    1.1199399829e-02    4.1373900217e-07
    1.1299599893e-02    4.1410700646e-07
    1.1399899609e-02    4.1437800746e-07
    1.1499400251e-02    4.1455200517e-07
    1.1599600315e-02    4.1459000499e-07
    1.1699699797e-02    4.1459298927e-07
    1.1799899861e-02    4.1459000499e-07
    1.1899500154e-02    4.1463698608e-07
    1.1999700218e-02    4.1474999080e-07
    1.2099499814e-02    4.1475399826e-07
    1.2199699879e-02    4.1461299816e-07
    1.2299899943e-02    4.1436601350e-07
    1.2399599887e-02    4.1404899775e-07
    1.2499799952e-02    4.1370199710e-07
    1.2599299662e-02    4.1332398837e-07
    1.2699600309e-02    4.1288998887e-07
    1.2799399905e-02    4.1241798954e-07
    1.2899599969e-02    4.1179799837e-07
    1.2999599800e-02    4.1095699999e-07
    1.3099599630e-02    4.0986199679e-07
    1.3199199922e-02    4.0856099304e-07
    1.3299399987e-02    4.0705299398e-07
    1.3399399817e-02    4.0527399392e-07
    1.3499599881e-02    4.0332301410e-07
    1.3599299826e-02    4.0153199166e-07
    1.3699599542e-02    3.9969000909e-07
    1.3799699955e-02    3.9753498982e-07
    1.3899699785e-02    3.9526099727e-07
    1.3999800198e-02    3.9324399381e-07
    1.4099200256e-02    3.9141301045e-07
    1.4199799858e-02    3.8956099502e-07
    1.4299400151e-02    3.8780498812e-07
    1.4399499632e-02    3.8611401010e-07
    1.4499399811e-02    3.8418301074e-07
    1.4599899761e-02    3.8186900042e-07
    1.4699200168e-02    3.7952298726e-07
    1.4799199998e-02    3.7709298795e-07
    1.4899300411e-02    3.7442799794e-07
    1.4999699779e-02    3.7170499922e-07
    1.5099500306e-02    3.6904600620e-07
    1.5199500136e-02    3.6633198874e-07
    1.5299599618e-02    3.6351400468e-07
    1.5399799682e-02    3.6067800124e-07
    1.5499100089e-02    3.5786300145e-07
    1.5599300154e-02    3.5502699802e-07
    1.5699399635e-02    3.5228799788e-07
    1.5799500048e-02    3.4965299278e-07
    1.5899399295e-02    3.4705300322e-07
    1.5999300405e-02    3.4442399510e-07
    1.6099199653e-02    3.4176798636e-07
    1.6199599952e-02    3.3908500541e-07
    1.6299899668e-02    3.3636999319e-07
    1.6400000080e-02    3.3364500496e-07
    1.6499400139e-02    3.3090199736e-07
    1.6599100083e-02    3.2811300343e-07
    1.6699500382e-02    3.2525500160e-07
    1.6799800098e-02    3.2237801406e-07
    1.6899799928e-02    3.1944199463e-07
    1.6999499872e-02    3.1633300068e-07
    1.7099700868e-02    3.1300399428e-07
    1.7200000584e-02    3.0965600217e-07
    1.7300000414e-02    3.0648700999e-07
    1.7399100587e-02    3.0350798852e-07
    1.7499100417e-02    3.0057501021e-07
    1.7598899081e-02    2.9770700394e-07
    1.7699899152e-02    2.9476998975e-07
    1.7799599096e-02    2.9183800621e-07
    1.7899399623e-02    2.8899799531e-07
    1.7999099568e-02    2.8636100069e-07
    1.8098900095e-02    2.8384400252e-07
    1.8199799582e-02    2.8125501217e-07
    1.8299199641e-02    2.7861199214e-07
    1.8399199471e-02    2.7595299912e-07
    1.8499299884e-02    2.7340598763e-07
    1.8599700183e-02    2.7088501042e-07
    1.8699599430e-02    2.6839398970e-07
    1.8798999488e-02    2.6608398684e-07
    1.8899999559e-02    2.6375900575e-07
    1.8999699503e-02    2.6126099328e-07
    1.9099500030e-02    2.5868399689e-07
    1.9199199975e-02    2.5614900778e-07
    1.9299000502e-02    2.5366298928e-07
    1.9400000572e-02    2.5116099778e-07
    1.9499700516e-02    2.4884099048e-07
    1.9599400461e-02    2.4661500220e-07
    1.9699700177e-02    2.4442400104e-07
    1.9799599424e-02    2.4248700470e-07
    1.9899699837e-02    2.4082800110e-07
    1.9999500364e-02    2.3919901082e-07
    2.0099200308e-02    2.3752700429e-07
    2.0199000835e-02    2.3602099475e-07
    2.0300000906e-02    2.3462899890e-07
    2.0399700850e-02    2.3322999709e-07
    2.0499499515e-02    2.3193200605e-07
    2.0599199459e-02    2.3078699485e-07
    2.0698999986e-02    2.2965899404e-07
    2.0800000057e-02    2.2851899928e-07
    2.0899700001e-02    2.2752300310e-07
    2.0999500528e-02    2.2662800347e-07
    2.1099299192e-02    2.2569899727e-07
    2.1198999137e-02    2.2476200456e-07
    2.1299999207e-02    2.2390699428e-07
    2.1399799734e-02    2.2313599857e-07
    2.1499499679e-02    2.2241700037e-07
    2.1599300206e-02    2.2172000058e-07
    2.1699000150e-02    2.2099699493e-07
    2.1798800677e-02    2.2027199975e-07
    2.1899800748e-02    2.1952999418e-07
    2.1999500692e-02    2.1874700451e-07
    2.2099299356e-02    2.1788700622e-07
    2.2198999301e-02    2.1697799468e-07
    2.2298799828e-02    2.1606800260e-07
    2.2399799898e-02    2.1514699711e-07
    2.2499499843e-02    2.1421399765e-07
    2.2599300370e-02    2.1327099375e-07
    2.2699100897e-02    2.1233799430e-07
    2.2798800841e-02    2.1144799689e-07
    2.2899800912e-02    2.1062500366e-07
    2.2999500856e-02    2.0986000493e-07
    2.3099299520e-02    2.0915599919e-07
    2.3198999465e-02    2.0848500526e-07
    2.3298799992e-02    2.0778999499e-07
    2.3399800062e-02    2.0704800363e-07
    2.3499500006e-02    2.0632600695e-07
    2.3599300534e-02    2.0562799818e-07
    2.3699000478e-02    2.0489899555e-07
    2.3798799142e-02    2.0409800072e-07
    2.3899799213e-02    2.0324999639e-07
    2.3999499157e-02    2.0246000076e-07
    2.4099199101e-02    2.0182000071e-07
    2.4198999628e-02    2.0122899969e-07
    2.4299999699e-02    2.0062300621e-07
    2.4399699643e-02    2.0002200074e-07
    2.4499500170e-02    1.9955200514e-07
    2.4599200115e-02    1.9908499382e-07
    2.4699000642e-02    1.9862800116e-07
    2.4800000712e-02    1.9823100672e-07
    2.4899700657e-02    1.9779000127e-07
    2.4999499321e-02    1.9716100041e-07
    2.5099199265e-02    1.9633600346e-07
    2.5198999792e-02    1.9542399343e-07
    2.5299899280e-02    1.9448100375e-07
    2.5399699807e-02    1.9350000002e-07
    2.5499399751e-02    1.9251599781e-07
    2.5599200279e-02    1.9163999809e-07
    2.5698900223e-02    1.9082899883e-07
    2.5799900293e-02    1.9010100516e-07
    2.5899700820e-02    1.8950099445e-07
    2.5999400765e-02    1.8897900134e-07
    2.6099199429e-02    1.8841099347e-07
    2.6198899373e-02    1.8771800114e-07
    2.6299899444e-02    1.8692699655e-07
    2.6399599388e-02    1.8603699914e-07
    2.6499399915e-02    1.8500000465e-07
    2.6599099860e-02    1.8384200473e-07
    2.6698900387e-02    1.8255100542e-07
    2.6799900457e-02    1.8113300371e-07
    2.6899600402e-02    1.7972699595e-07
    2.6999400929e-02    1.7839599309e-07
    2.7099100873e-02    1.7715599654e-07
    2.7198899537e-02    1.7594599910e-07
    2.7299899608e-02    1.7468900637e-07
    2.7399599552e-02    1.7338500413e-07
    2.7499400079e-02    1.7196599345e-07
    2.7599100024e-02    1.7044099820e-07
    2.7698900551e-02    1.6882100340e-07
    2.7799900621e-02    1.6706499650e-07
    2.7899600565e-02    1.6519099688e-07
    2.7999900281e-02    1.6316700169e-07
    2.8099799529e-02    1.6101499511e-07
    2.8199700639e-02    1.5878100612e-07
    2.8299899772e-02    1.5652500451e-07
    2.8399199247e-02    1.5434500256e-07
    2.8499500826e-02    1.5224999572e-07
    2.8599699959e-02    1.5025500488e-07
    2.8699500486e-02    1.4833800321e-07
    2.8799600899e-02    1.4648199453e-07
    2.8899500147e-02    1.4468299980e-07
    2.8999499977e-02    1.4293499362e-07
    2.9099799693e-02    1.4123800440e-07
    2.9199000448e-02    1.3962899459e-07
    2.9299300164e-02    1.3801199827e-07
    2.9399599880e-02    1.3636800134e-07
    2.9499800876e-02    1.3477900040e-07
    2.9599400237e-02    1.3331299442e-07
    2.9699599370e-02    1.3182200576e-07
    2.9799699783e-02    1.3028099488e-07
    2.9899999499e-02    1.2868700594e-07
    2.9999300838e-02    1.2705599772e-07
