       301
    0.0000000000e+00    0.0000000000e+00
    9.9796299764e-05    0.0000000000e+00
    1.9887600502e-04    9.6513401715e-09
    2.9988799361e-04    2.5987999308e-08
    3.9968400961e-04    4.2294200142e-08
    4.9947702792e-04    5.8318800455e-08
    5.9926800895e-04    7.4105003023e-08
    6.9905800046e-04    8.9640998624e-08
    7.9884601291e-04    1.0493499758e-07
    8.9984899387e-04    1.2015800621e-07
    9.9962996319e-04    1.3494900486e-07
    1.0993999895e-03    1.4952300376e-07
    1.1991600040e-03    1.6388000290e-07
    1.2989100069e-03    1.7810799591e-07
    1.3998800423e-03    1.9231299575e-07
    1.4996300451e-03    2.0606300666e-07
    1.5993700363e-03    2.1949099960e-07
    1.6991200391e-03    2.3266899518e-07
    1.7988500185e-03    2.4553798994e-07
    1.8997900188e-03    2.5828100547e-07
    1.9994999748e-03    2.7059201102e-07
    2.0991999190e-03    2.8255999496e-07
    2.1988900844e-03    2.9420499459e-07
    2.2997900378e-03    3.0570001286e-07
    2.3995400406e-03    3.1665899769e-07
    2.4993000552e-03    3.2732398836e-07
    2.5992700830e-03    3.3772801089e-07
    2.6996699162e-03    3.4799299442e-07
    2.7994900011e-03    3.5804501408e-07
    2.8998900671e-03    3.6800298631e-07
    2.9996300582e-03    3.7785000018e-07
    3.0994398985e-03    3.8769701405e-07
    3.1993100420e-03    3.9753800252e-07
    3.2999499235e-03    4.0745899810e-07
    3.3995499834e-03    4.1729998657e-07
    3.4996699542e-03    4.2719798898e-07
    3.5997999366e-03    4.3712398679e-07
    3.6997599527e-03    4.4706101221e-07
    3.7991800345e-03    4.5698701001e-07
    3.8993700873e-03    4.6702601253e-07
    3.9995699190e-03    4.7709801265e-07
    4.0997802280e-03    4.8724797352e-07
    4.1999998502e-03    4.9753299436e-07
    4.2992900126e-03    5.0783199868e-07
    4.3992600404e-03    5.1827197467e-07
    4.4999499805e-03    5.2880301382e-07
    4.5991698280e-03    5.3916500065e-07
    4.6993498690e-03    5.4953397921e-07
    4.7990898602e-03    5.5967802837e-07
    4.8996899277e-03    5.6969298612e-07
    4.9992701970e-03    5.7941997511e-07
    5.0999200903e-03    5.8905402511e-07
    5.1987902261e-03    5.9832399302e-07
    5.2995099686e-03    6.0751398223e-07
    5.3999400698e-03    6.1641401317e-07
    5.4991398938e-03    6.2497798581e-07
    5.5988300592e-03    6.3333601474e-07
    5.6996499188e-03    6.4149298851e-07
    5.7994299568e-03    6.4928798338e-07
    5.8994600549e-03    6.5686100470e-07
    5.9998598881e-03    6.6422302325e-07
    6.0994098894e-03    6.7127001557e-07
    6.1992402188e-03    6.7804700166e-07
    6.2998197973e-03    6.8457097768e-07
    6.3992901705e-03    6.9075400688e-07
    6.4996602014e-03    6.9675502345e-07
    6.5999901854e-03    7.0258698770e-07
    6.6996598616e-03    7.0831799803e-07
    6.7997798324e-03    7.1403798074e-07
    6.8995598704e-03    7.1965297366e-07
    6.9991000928e-03    7.2509499205e-07
    7.0992200635e-03    7.3036898129e-07
    7.1995500475e-03    7.3540297763e-07
    7.2996402159e-03    7.4012399409e-07
    7.3998300359e-03    7.4448200849e-07
    7.4999998324e-03    7.4845002018e-07
    7.5996601954e-03    7.5196402349e-07
    7.6997000724e-03    7.5502697428e-07
    7.7994498424e-03    7.5761602147e-07
    7.8996103257e-03    7.5949799339e-07
    7.9993298277e-03    7.6098302770e-07
    8.0994600430e-03    7.6200200283e-07
    8.1995604560e-03    7.6234698554e-07
    8.2997400314e-03    7.6251598102e-07
    8.3999903873e-03    7.6305798302e-07
    8.4990803152e-03    7.6408002769e-07
    8.5995299742e-03    7.6476902677e-07
    8.6994199082e-03    7.6548002426e-07
    8.7993303314e-03    7.6604999322e-07
    8.8993096724e-03    7.6669601867e-07
    8.9991297573e-03    7.6759499734e-07
    9.0993298218e-03    7.6866899690e-07
    9.1999899596e-03    7.6977801200e-07
    9.2999199405e-03    7.7092300899e-07
    9.3998499215e-03    7.7200002124e-07
    9.4993803650e-03    7.7292202150e-07
    9.5997201279e-03    7.7372402529e-07
    9.6995998174e-03    7.7427000633e-07
    9.7994804382e-03    7.7469798043e-07
    9.8999300972e-03    7.7517000818e-07
    9.9997995421e-03    7.7567102608e-07
    1.0099500418e-02    7.7596200754e-07
    1.0199800134e-02    7.7600299164e-07
    1.0300000198e-02    7.7586798852e-07
    1.0399599560e-02    7.7562697243e-07
    1.0499300435e-02    7.7528500242e-07
    1.0599499568e-02    7.7482502547e-07
    1.0699699633e-02    7.7430001966e-07
    1.0800000280e-02    7.7377700336e-07
    1.0899499990e-02    7.7334499338e-07
    1.0999700055e-02    7.7306100366e-07
    1.1099900119e-02    7.7288501643e-07
    1.1199399829e-02    7.7264701304e-07
    1.1299599893e-02    7.7228901318e-07
    1.1399899609e-02    7.7176900959e-07
    1.1499400251e-02    7.7105397622e-07
    1.1599600315e-02    7.7016397881e-07
    1.1699699797e-02    7.6911999258e-07
    1.1799899861e-02    7.6795799941e-07
    1.1899500154e-02    7.6678298910e-07
    1.1999700218e-02    7.6558899309e-07
    1.2099499814e-02    7.6439499708e-07
    1.2199699879e-02    7.6330599086e-07
    1.2299899943e-02    7.6228400303e-07
    1.2399599887e-02    7.6123302506e-07
    1.2499799952e-02    7.6008097949e-07
    1.2599299662e-02    7.5886600825e-07
    1.2699600309e-02    7.5756901197e-07
    1.2799399905e-02    7.5621500173e-07
    1.2899599969e-02    7.5475998074e-07
    1.2999599800e-02    7.5324697946e-07
    1.3099599630e-02    7.5168497915e-07
    1.3199199922e-02    7.5003498523e-07
    1.3299399987e-02    7.4825402407e-07
    1.3399399817e-02    7.4644600545e-07
    1.3499599881e-02    7.4456698940e-07
    1.3599299826e-02    7.4253898674e-07
    1.3699599542e-02    7.4038899811e-07
    1.3799699955e-02    7.3815800761e-07
    1.3899699785e-02    7.3586897997e-07
    1.3999800198e-02    7.3341897178e-07
    1.4099200256e-02    7.3089302077e-07
    1.4199799858e-02    7.2832699516e-07
    1.4299400151e-02    7.2581400445e-07
    1.4399499632e-02    7.2331198453e-07
    1.4499399811e-02    7.2081098779e-07
    1.4599899761e-02    7.1821102665e-07
    1.4699200168e-02    7.1550499570e-07
    1.4799199998e-02    7.1281897362e-07
    1.4899300411e-02    7.1024902581e-07
    1.4999699779e-02    7.0773899097e-07
    1.5099500306e-02    7.0524498597e-07
    1.5199500136e-02    7.0272000130e-07
    1.5299599618e-02    7.0015801157e-07
    1.5399799682e-02    6.9757697929e-07
    1.5499100089e-02    6.9495297339e-07
    1.5599300154e-02    6.9223301580e-07
    1.5699399635e-02    6.8939601761e-07
    1.5799500048e-02    6.8641702455e-07
    1.5899399295e-02    6.8334401249e-07
    1.5999300405e-02    6.8020500521e-07
    1.6099199653e-02    6.7702399065e-07
    1.6199599952e-02    6.7375799517e-07
    1.6299899668e-02    6.7041497687e-07
    1.6400000080e-02    6.6706098778e-07
    1.6499400139e-02    6.6376799168e-07
    1.6599100083e-02    6.6052797365e-07
    1.6699500382e-02    6.5731597942e-07
    1.6799800098e-02    6.5410097250e-07
    1.6899799928e-02    6.5086999257e-07
    1.6999499872e-02    6.4766800278e-07
    1.7099700868e-02    6.4452598281e-07
    1.7200000584e-02    6.4146502154e-07
    1.7300000414e-02    6.3850501419e-07
    1.7399100587e-02    6.3563402364e-07
    1.7499100417e-02    6.3275098228e-07
    1.7598899081e-02    6.2983798443e-07
    1.7699899152e-02    6.2686598312e-07
    1.7799599096e-02    6.2394599354e-07
    1.7899399623e-02    6.2105402776e-07
    1.7999099568e-02    6.1810601437e-07
    1.8098900095e-02    6.1512599814e-07
    1.8199799582e-02    6.1218599967e-07
    1.8299199641e-02    6.0936400814e-07
    1.8399199471e-02    6.0650899059e-07
    1.8499299884e-02    6.0372002508e-07
    1.8599700183e-02    6.0104497379e-07
    1.8699599430e-02    5.9844802536e-07
    1.8798999488e-02    5.9584101564e-07
    1.8899999559e-02    5.9324298718e-07
    1.8999699503e-02    5.9075000536e-07
    1.9099500030e-02    5.8823400195e-07
    1.9199199975e-02    5.8568099348e-07
    1.9299000502e-02    5.8312298279e-07
    1.9400000572e-02    5.8053598195e-07
    1.9499700516e-02    5.7801202047e-07
    1.9599400461e-02    5.7562999700e-07
    1.9699700177e-02    5.7332698589e-07
    1.9799599424e-02    5.7104500684e-07
    1.9899699837e-02    5.6879798649e-07
    1.9999500364e-02    5.6660701375e-07
    2.0099200308e-02    5.6444298480e-07
    2.0199000835e-02    5.6229498568e-07
    2.0300000906e-02    5.6010799199e-07
    2.0399700850e-02    5.5793799447e-07
    2.0499499515e-02    5.5582199820e-07
    2.0599199459e-02    5.5379797459e-07
    2.0698999986e-02    5.5183602399e-07
    2.0800000057e-02    5.4987697240e-07
    2.0899700001e-02    5.4792798210e-07
    2.0999500528e-02    5.4601201782e-07
    2.1099299192e-02    5.4421502682e-07
    2.1198999137e-02    5.4257202464e-07
    2.1299999207e-02    5.4099700719e-07
    2.1399799734e-02    5.3945001355e-07
    2.1499499679e-02    5.3790301990e-07
    2.1599300206e-02    5.3640201259e-07
    2.1699000150e-02    5.3495801922e-07
    2.1798800677e-02    5.3352499663e-07
    2.1899800748e-02    5.3204001915e-07
    2.1999500692e-02    5.3049899407e-07
    2.2099299356e-02    5.2889299695e-07
    2.2198999301e-02    5.2727102684e-07
    2.2298799828e-02    5.2567099829e-07
    2.2399799898e-02    5.2408199736e-07
    2.2499499843e-02    5.2258201322e-07
    2.2599300370e-02    5.2115700555e-07
    2.2699100897e-02    5.1976900295e-07
    2.2798800841e-02    5.1840197557e-07
    2.2899800912e-02    5.1705501392e-07
    2.2999500856e-02    5.1579502269e-07
    2.3099299520e-02    5.1458800954e-07
    2.3198999465e-02    5.1338201956e-07
    2.3298799992e-02    5.1217301689e-07
    2.3399800062e-02    5.1095099707e-07
    2.3499500006e-02    5.0973198995e-07
    2.3599300534e-02    5.0848797173e-07
    2.3699000478e-02    5.0722002243e-07
    2.3798799142e-02    5.0592097978e-07
    2.3899799213e-02    5.0461301271e-07
    2.3999499157e-02    5.0322302059e-07
    2.4099199101e-02    5.0173701993e-07
    2.4198999628e-02    5.0025801102e-07
    2.4299999699e-02    4.9879099606e-07
    2.4399699643e-02    4.9732102525e-07
    2.4499500170e-02    4.9575999128e-07
    2.4599200115e-02    4.9413097258e-07
    2.4699000642e-02    4.9246699518e-07
    2.4800000712e-02    4.9071701369e-07
    2.4899700657e-02    4.8895702776e-07
    2.4999499321e-02    4.8715600087e-07
    2.5099199265e-02    4.8522997531e-07
    2.5198999792e-02    4.8316297807e-07
    2.5299899280e-02    4.8092897487e-07
    2.5399699807e-02    4.7868502406e-07
    2.5499399751e-02    4.7646400958e-07
    2.5599200279e-02    4.7427099048e-07
    2.5698900223e-02    4.7208499154e-07
    2.5799900293e-02    4.6984999358e-07
    2.5899700820e-02    4.6759600991e-07
    2.5999400765e-02    4.6533901354e-07
    2.6099199429e-02    4.6308099400e-07
    2.6198899373e-02    4.6079799176e-07
    2.6299899444e-02    4.5841400720e-07
    2.6399599388e-02    4.5593699838e-07
    2.6499399915e-02    4.5336199150e-07
    2.6599099860e-02    4.5074199306e-07
    2.6698900387e-02    4.4811099542e-07
    2.6799900457e-02    4.4546598588e-07
    2.6899600402e-02    4.4285300760e-07
    2.6999400929e-02    4.4024400836e-07
    2.7099100873e-02    4.3766300450e-07
    2.7198899537e-02    4.3512901016e-07
    2.7299899608e-02    4.3260300231e-07
    2.7399599552e-02    4.3011999651e-07
    2.7499400079e-02    4.2761999453e-07
    2.7599100024e-02    4.2510299636e-07
    2.7698900551e-02    4.2255399535e-07
    2.7799900621e-02    4.1993499167e-07
    2.7899600565e-02    4.1732698719e-07
    2.7999900281e-02    4.1467700385e-07
    2.8099799529e-02    4.1198600798e-07
    2.8199700639e-02    4.0922898847e-07
    2.8299899772e-02    4.0639099552e-07
    2.8399199247e-02    4.0354200337e-07
    2.8499500826e-02    4.0068300677e-07
    2.8599699959e-02    3.9786499428e-07
    2.8699500486e-02    3.9509799876e-07
    2.8799600899e-02    3.9231400706e-07
    2.8899500147e-02    3.8952799741e-07
    2.8999499977e-02    3.8674301095e-07
    2.9099799693e-02    3.8392698798e-07
    2.9199000448e-02    3.8112401057e-07
    2.9299300164e-02    3.7836900901e-07
    2.9399599880e-02    3.7564700506e-07
    2.9499800876e-02    3.7291201238e-07
    2.9599400237e-02    3.7020700461e-07
    2.9699599370e-02    3.6750100207e-07
    2.9799699783e-02    3.6481500842e-07
    2.9899999499e-02    3.6213600652e-07
    2.9999300838e-02    3.5947499555e-07
