       301
    0.0000000000e+00    0.0000000000e+00
    9.9796299764e-05    0.0000000000e+00
    1.9887600502e-04    3.6486600408e-09
    2.9988799361e-04    1.3722099901e-08
    3.9968400961e-04    2.4187100323e-08
    4.9947702792e-04    3.4429000095e-08
    5.9926800895e-04    4.4473601690e-08
    6.9905800046e-04    5.4246498848e-08
    7.9884601291e-04    6.3820799312e-08
    8.9984899387e-04    7.3320897798e-08
    9.9962996319e-04    8.2529098222e-08
    1.0993999895e-03    9.1684000836e-08
    1.1991600040e-03    1.0079200052e-07
    1.2989100069e-03    1.0976000198e-07
    1.3998800423e-03    1.1864800342e-07
    1.4996300451e-03    1.2727200271e-07
    1.5993700363e-03    1.3583400005e-07
    1.6991200391e-03    1.4417399541e-07
    1.7988500185e-03    1.5234799378e-07
    1.8997900188e-03    1.6057799712e-07
    1.9994999748e-03    1.6861299912e-07
    2.0991999190e-03    1.7664399365e-07
    2.1988900844e-03    1.8453700079e-07
    2.2997900378e-03    1.9243300642e-07
    2.3995400406e-03    2.0027900405e-07
    2.4993000552e-03    2.0812200319e-07
    2.5992700830e-03    2.1581500675e-07
    2.6996699162e-03    2.2327900240e-07
    2.7994900011e-03    2.3048700371e-07
    2.8998900671e-03    2.3760699719e-07
    2.9996300582e-03    2.4443900770e-07
    3.0994398985e-03    2.5093700629e-07
    3.1993100420e-03    2.5717500307e-07
    3.2999499235e-03    2.6322601343e-07
    3.3995499834e-03    2.6893098948e-07
    3.4996699542e-03    2.7433299010e-07
    3.5997999366e-03    2.7946799719e-07
    3.6997599527e-03    2.8443500355e-07
    3.7991800345e-03    2.8924401363e-07
    3.8993700873e-03    2.9391898693e-07
    3.9995699190e-03    2.9838599858e-07
    4.0997802280e-03    3.0267500506e-07
    4.1999998502e-03    3.0682400620e-07
    4.2992900126e-03    3.1084300645e-07
    4.3992600404e-03    3.1481201290e-07
    4.4999499805e-03    3.1871701367e-07
    4.5991698280e-03    3.2246600767e-07
    4.6993498690e-03    3.2617600709e-07
    4.7990898602e-03    3.2985900589e-07
    4.8996899277e-03    3.3364099750e-07
    4.9992701970e-03    3.3753099160e-07
    5.0999200903e-03    3.4161101325e-07
    5.1987902261e-03    3.4572099139e-07
    5.2995099686e-03    3.5000701359e-07
    5.3999400698e-03    3.5440200463e-07
    5.4991398938e-03    3.5884400518e-07
    5.5988300592e-03    3.6336498965e-07
    5.6996499188e-03    3.6791701064e-07
    5.7994299568e-03    3.7235000150e-07
    5.8994600549e-03    3.7669900621e-07
    5.9998598881e-03    3.8094398747e-07
    6.0994098894e-03    3.8502901134e-07
    6.1992402188e-03    3.8897599097e-07
    6.2998197973e-03    3.9276798702e-07
    6.3992901705e-03    3.9629199478e-07
    6.4996602014e-03    3.9957399167e-07
    6.5999901854e-03    4.0256401235e-07
    6.6996598616e-03    4.0522900235e-07
    6.7997798324e-03    4.0757899455e-07
    6.8995598704e-03    4.0960600245e-07
    6.9991000928e-03    4.1131099238e-07
    7.0992200635e-03    4.1273099782e-07
    7.1995500475e-03    4.1391700734e-07
    7.2996402159e-03    4.1496801373e-07
    7.3998300359e-03    4.1593199285e-07
    7.4999998324e-03    4.1681198582e-07
    7.5996601954e-03    4.1765099468e-07
    7.6997000724e-03    4.1849099830e-07
    7.7994498424e-03    4.1929999384e-07
    7.8996103257e-03    4.2011399159e-07
    7.9993298277e-03    4.2076800355e-07
    8.0994600430e-03    4.2113001086e-07
    8.1995604560e-03    4.2126799826e-07
    8.2997400314e-03    4.2120399257e-07
    8.3999903873e-03    4.2098500330e-07
    8.4990803152e-03    4.2092298713e-07
    8.5995299742e-03    4.2130400857e-07
    8.6994199082e-03    4.2168900904e-07
    8.7993303314e-03    4.2189500959e-07
    8.8993096724e-03    4.2196100480e-07
    8.9991297573e-03    4.2191999228e-07
    9.0993298218e-03    4.2207699380e-07
    9.1999899596e-03    4.2219699026e-07
    9.2999199405e-03    4.2213900997e-07
    9.3998499215e-03    4.2209200046e-07
    9.4993803650e-03    4.2183000915e-07
    9.5997201279e-03    4.2132799649e-07
    9.6995998174e-03    4.2088399255e-07
    9.7994804382e-03    4.2079699369e-07
    9.8999300972e-03    4.2112000642e-07
    9.9997995421e-03    4.2166701064e-07
    1.0099500418e-02    4.2230900021e-07
    1.0199800134e-02    4.2280299795e-07
    1.0300000198e-02    4.2310000481e-07
    1.0399599560e-02    4.2320499460e-07
    1.0499300435e-02    4.2309500259e-07
    1.0599499568e-02    4.2269098799e-07
    1.0699699633e-02    4.2195298988e-07
    1.0800000280e-02    4.2088800001e-07
    1.0899499990e-02    4.1955598817e-07
    1.0999700055e-02    4.1818799446e-07
    1.1099900119e-02    4.1707801302e-07
    1.1199399829e-02    4.1621498781e-07
    1.1299599893e-02    4.1548199192e-07
    1.1399899609e-02    4.1485299107e-07
    1.1499400251e-02    4.1425900577e-07
    1.1599600315e-02    4.1364600634e-07
    1.1699699797e-02    4.1305199261e-07
    1.1799899861e-02    4.1255398742e-07
    1.1899500154e-02    4.1206300239e-07
    1.1999700218e-02    4.1149399976e-07
    1.2099499814e-02    4.1080099322e-07
    1.2199699879e-02    4.0993501216e-07
    1.2299899943e-02    4.0896600240e-07
    1.2399599887e-02    4.0801501200e-07
    1.2499799952e-02    4.0709699078e-07
    1.2599299662e-02    4.0622398956e-07
    1.2699600309e-02    4.0533200263e-07
    1.2799399905e-02    4.0438598603e-07
    1.2899599969e-02    4.0334600726e-07
    1.2999599800e-02    4.0227399722e-07
    1.3099599630e-02    4.0122299083e-07
    1.3199199922e-02    4.0017201286e-07
    1.3299399987e-02    3.9899100557e-07
    1.3399399817e-02    3.9753200554e-07
    1.3499599881e-02    3.9593498968e-07
    1.3599299826e-02    3.9437000510e-07
    1.3699599542e-02    3.9271799324e-07
    1.3799699955e-02    3.9090198811e-07
    1.3899699785e-02    3.8907799649e-07
    1.3999800198e-02    3.8740898844e-07
    1.4099200256e-02    3.8574100358e-07
    1.4199799858e-02    3.8393798718e-07
    1.4299400151e-02    3.8220099441e-07
    1.4399499632e-02    3.8053300955e-07
    1.4499399811e-02    3.7873900283e-07
    1.4599899761e-02    3.7667300035e-07
    1.4699200168e-02    3.7459599866e-07
    1.4799199998e-02    3.7243199813e-07
    1.4899300411e-02    3.7003201214e-07
    1.4999699779e-02    3.6745498733e-07
    1.5099500306e-02    3.6479400478e-07
    1.5199500136e-02    3.6203800846e-07
    1.5299599618e-02    3.5920700725e-07
    1.5399799682e-02    3.5639300222e-07
    1.5499100089e-02    3.5365499684e-07
    1.5599300154e-02    3.5088700656e-07
    1.5699399635e-02    3.4814701166e-07
    1.5799500048e-02    3.4543700167e-07
    1.5899399295e-02    3.4274501104e-07
    1.5999300405e-02    3.4007200611e-07
    1.6099199653e-02    3.3744601069e-07
    1.6199599952e-02    3.3479500416e-07
    1.6299899668e-02    3.3203801308e-07
    1.6400000080e-02    3.2918600823e-07
    1.6499400139e-02    3.2631200497e-07
    1.6599100083e-02    3.2341299061e-07
    1.6699500382e-02    3.2048399135e-07
    1.6799800098e-02    3.1760600905e-07
    1.6899799928e-02    3.1477298990e-07
    1.6999499872e-02    3.1191399330e-07
    1.7099700868e-02    3.0896700309e-07
    1.7200000584e-02    3.0601000844e-07
    1.7300000414e-02    3.0312500598e-07
    1.7399100587e-02    3.0032398968e-07
    1.7499100417e-02    2.9750199815e-07
    1.7598899081e-02    2.9463100759e-07
    1.7699899152e-02    2.9165599358e-07
    1.7799599096e-02    2.8864698720e-07
    1.7899399623e-02    2.8560000942e-07
    1.7999099568e-02    2.8261800367e-07
    1.8098900095e-02    2.7973899819e-07
    1.8199799582e-02    2.7692999538e-07
    1.8299199641e-02    2.7428001204e-07
    1.8399199471e-02    2.7187400065e-07
    1.8499299884e-02    2.6962101174e-07
    1.8599700183e-02    2.6741199122e-07
    1.8699599430e-02    2.6531199637e-07
    1.8798999488e-02    2.6339000669e-07
    1.8899999559e-02    2.6142799925e-07
    1.8999699503e-02    2.5934500059e-07
    1.9099500030e-02    2.5725600494e-07
    1.9199199975e-02    2.5527600656e-07
    1.9299000502e-02    2.5327000230e-07
    1.9400000572e-02    2.5115699032e-07
    1.9499700516e-02    2.4913899210e-07
    1.9599400461e-02    2.4720699798e-07
    1.9699700177e-02    2.4540500476e-07
    1.9799599424e-02    2.4385801112e-07
    1.9899699837e-02    2.4252099706e-07
    1.9999500364e-02    2.4126299536e-07
    2.0099200308e-02    2.3998399001e-07
    2.0199000835e-02    2.3871498911e-07
    2.0300000906e-02    2.3744800615e-07
    2.0399700850e-02    2.3620100364e-07
    2.0499499515e-02    2.3496799884e-07
    2.0599199459e-02    2.3368200175e-07
    2.0698999986e-02    2.3231500279e-07
    2.0800000057e-02    2.3090899504e-07
    2.0899700001e-02    2.2956599821e-07
    2.0999500528e-02    2.2829300406e-07
    2.1099299192e-02    2.2711999748e-07
    2.1198999137e-02    2.2604399419e-07
    2.1299999207e-02    2.2502699437e-07
    2.1399799734e-02    2.2401199828e-07
    2.1499499679e-02    2.2296900681e-07
    2.1599300206e-02    2.2196499572e-07
    2.1699000150e-02    2.2102200603e-07
    2.1798800677e-02    2.2006699396e-07
    2.1899800748e-02    2.1904899938e-07
    2.1999500692e-02    2.1802000560e-07
    2.2099299356e-02    2.1701799824e-07
    2.2198999301e-02    2.1606200562e-07
    2.2298799828e-02    2.1516800075e-07
    2.2399799898e-02    2.1435199926e-07
    2.2499499843e-02    2.1360699520e-07
    2.2599300370e-02    2.1288400376e-07
    2.2699100897e-02    2.1217499580e-07
    2.2798800841e-02    2.1148899521e-07
    2.2899800912e-02    2.1079900137e-07
    2.2999500856e-02    2.1009999784e-07
    2.3099299520e-02    2.0937099521e-07
    2.3198999465e-02    2.0859700101e-07
    2.3298799992e-02    2.0778699650e-07
    2.3399800062e-02    2.0694399439e-07
    2.3499500006e-02    2.0609199680e-07
    2.3599300534e-02    2.0522300304e-07
    2.3699000478e-02    2.0434799808e-07
    2.3798799142e-02    2.0345200369e-07
    2.3899799213e-02    2.0242200094e-07
    2.3999499157e-02    2.0139600565e-07
    2.4099199101e-02    2.0041800042e-07
    2.4198999628e-02    1.9942500273e-07
    2.4299999699e-02    1.9840399546e-07
    2.4399699643e-02    1.9738300239e-07
    2.4499500170e-02    1.9640799565e-07
    2.4599200115e-02    1.9550699903e-07
    2.4699000642e-02    1.9466600065e-07
    2.4800000712e-02    1.9389599970e-07
    2.4899700657e-02    1.9317100453e-07
    2.4999499321e-02    1.9233600312e-07
    2.5099199265e-02    1.9142899532e-07
    2.5198999792e-02    1.9047099897e-07
    2.5299899280e-02    1.8945699765e-07
    2.5399699807e-02    1.8839600102e-07
    2.5499399751e-02    1.8730999329e-07
    2.5599200279e-02    1.8620899311e-07
    2.5698900223e-02    1.8509099675e-07
    2.5799900293e-02    1.8397099666e-07
    2.5899700820e-02    1.8294200288e-07
    2.5999400765e-02    1.8197700058e-07
    2.6099199429e-02    1.8102599597e-07
    2.6198899373e-02    1.8007300184e-07
    2.6299899444e-02    1.7909199812e-07
    2.6399599388e-02    1.7808500274e-07
    2.6499399915e-02    1.7702599564e-07
    2.6599099860e-02    1.7594000212e-07
    2.6698900387e-02    1.7483600345e-07
    2.6799900457e-02    1.7367800353e-07
    2.6899600402e-02    1.7247499784e-07
    2.6999400929e-02    1.7124699525e-07
    2.7099100873e-02    1.7003100083e-07
    2.7198899537e-02    1.6882499665e-07
    2.7299899608e-02    1.6758400534e-07
    2.7399599552e-02    1.6631200594e-07
    2.7499400079e-02    1.6495499722e-07
    2.7599100024e-02    1.6352099408e-07
    2.7698900551e-02    1.6205700604e-07
    2.7799900621e-02    1.6056300467e-07
    2.7899600565e-02    1.5908000250e-07
    2.7999900281e-02    1.5757099447e-07
    2.8099799529e-02    1.5603500003e-07
    2.8199700639e-02    1.5447800195e-07
    2.8299899772e-02    1.5291500688e-07
    2.8399199247e-02    1.5138199672e-07
    2.8499500826e-02    1.4985199925e-07
    2.8599699959e-02    1.4827600125e-07
    2.8699500486e-02    1.4666200343e-07
    2.8799600899e-02    1.4500299983e-07
    2.8899500147e-02    1.4327200404e-07
    2.8999499977e-02    1.4146900185e-07
    2.9099799693e-02    1.3966300116e-07
    2.9199000448e-02    1.3789500031e-07
    2.9299300164e-02    1.3603400362e-07
    2.9399599880e-02    1.3411799671e-07
    2.9499800876e-02    1.3222999939e-07
    2.9599400237e-02    1.3041099578e-07
    2.9699599370e-02    1.2858400567e-07
    2.9799699783e-02    1.2671100080e-07
    2.9899999499e-02    1.2480100509e-07
    2.9999300838e-02    1.2291600626e-07
