       301
    0.0000000000e+00    0.0000000000e+00
    9.9796299764e-05    0.0000000000e+00
    1.9887600502e-04    5.1854998073e-10
    2.9988799361e-04    5.9862101942e-09
    3.9968400961e-04    1.2627800139e-08
    4.9947702792e-04    1.9138100882e-08
    5.9926800895e-04    2.5455699770e-08
    6.9905800046e-04    3.1551099511e-08
    7.9884601291e-04    3.7419599863e-08
    8.9984899387e-04    4.3122998505e-08
    9.9962996319e-04    4.8732299973e-08
    1.0993999895e-03    5.4295000496e-08
    1.1991600040e-03    5.9680701270e-08
    1.2989100069e-03    6.4855399273e-08
    1.3998800423e-03    6.9863801855e-08
    1.4996300451e-03    7.4487303436e-08
    1.5993700363e-03    7.8724099239e-08
    1.6991200391e-03    8.2891503439e-08
    1.7988500185e-03    8.6995896709e-08
    1.8997900188e-03    9.0912301687e-08
    1.9994999748e-03    9.4513801230e-08
    2.0991999190e-03    9.7819601308e-08
    2.1988900844e-03    1.0094500169e-07
    2.2997900378e-03    1.0404699680e-07
    2.3995400406e-03    1.0687300289e-07
    2.4993000552e-03    1.0945800000e-07
    2.5992700830e-03    1.1180200232e-07
    2.6996699162e-03    1.1398199717e-07
    2.7994900011e-03    1.1591699689e-07
    2.8998900671e-03    1.1756399942e-07
    2.9996300582e-03    1.1901200025e-07
    3.0994398985e-03    1.2043699371e-07
    3.1993100420e-03    1.2174000119e-07
    3.2999499235e-03    1.2289200413e-07
    3.3995499834e-03    1.2390900395e-07
    3.4996699542e-03    1.2485999434e-07
    3.5997999366e-03    1.2571000241e-07
    3.6997599527e-03    1.2644200353e-07
    3.7991800345e-03    1.2707100439e-07
    3.8993700873e-03    1.2760800416e-07
    3.9995699190e-03    1.2794099291e-07
    4.0997802280e-03    1.2806900429e-07
    4.1999998502e-03    1.2803999994e-07
    4.2992900126e-03    1.2786600223e-07
    4.3992600404e-03    1.2752700229e-07
    4.4999499805e-03    1.2700999719e-07
    4.5991698280e-03    1.2628399304e-07
    4.6993498690e-03    1.2530399829e-07
    4.7990898602e-03    1.2409699934e-07
    4.8996899277e-03    1.2264899851e-07
    4.9992701970e-03    1.2094800184e-07
    5.0999200903e-03    1.1892500140e-07
    5.1987902261e-03    1.1664999988e-07
    5.2995099686e-03    1.1409800038e-07
    5.3999400698e-03    1.1137900202e-07
    5.4991398938e-03    1.0857500143e-07
    5.5988300592e-03    1.0564900066e-07
    5.6996499188e-03    1.0255799765e-07
    5.7994299568e-03    9.9362701178e-08
    5.8994600549e-03    9.6065200239e-08
    5.9998598881e-03    9.2715801259e-08
    6.0994098894e-03    8.9370900014e-08
    6.1992402188e-03    8.6030496504e-08
    6.2998197973e-03    8.2724497474e-08
    6.3992901705e-03    7.9562298083e-08
    6.4996602014e-03    7.6507397750e-08
    6.5999901854e-03    7.3636698517e-08
    6.6996598616e-03    7.0993699808e-08
    6.7997798324e-03    6.8555600308e-08
    6.8995598704e-03    6.6308700752e-08
    6.9991000928e-03    6.4204698447e-08
    7.0992200635e-03    6.2233603160e-08
    7.1995500475e-03    6.0437898242e-08
    7.2996402159e-03    5.8778798717e-08
    7.3998300359e-03    5.7175199686e-08
    7.4999998324e-03    5.5559098655e-08
    7.5996601954e-03    5.3887099227e-08
    7.6997000724e-03    5.2130101125e-08
    7.7994498424e-03    5.0311001587e-08
    7.8996103257e-03    4.8408001163e-08
    7.9993298277e-03    4.6552401045e-08
    8.0994600430e-03    4.4857099368e-08
    8.1995604560e-03    4.3079701584e-08
    8.2997400314e-03    4.0963399783e-08
    8.3999903873e-03    3.8682898662e-08
    8.4990803152e-03    3.6562301631e-08
    8.5995299742e-03    3.4521601577e-08
    8.6994199082e-03    3.2598698851e-08
    8.7993303314e-03    3.0536700280e-08
    8.8993096724e-03    2.8272099328e-08
    8.9991297573e-03    2.6029800537e-08
    9.0993298218e-03    2.3852399167e-08
    9.1999899596e-03    2.1740300227e-08
    9.2999199405e-03    1.9826499553e-08
    9.3998499215e-03    1.7925099627e-08
    9.4993803650e-03    1.6007900783e-08
    9.5997201279e-03    1.4173799912e-08
    9.6995998174e-03    1.2428899687e-08
    9.7994804382e-03    1.0498600211e-08
    9.8999300972e-03    8.2698603521e-09
    9.9997995421e-03    6.0527800549e-09
    1.0099500418e-02    3.9911798311e-09
    1.0199800134e-02    2.1112100956e-09
    1.0300000198e-02    3.7862599167e-10
    1.0399599560e-02    0.0000000000e+00
    1.0499300435e-02    0.0000000000e+00
    1.0599499568e-02    0.0000000000e+00
    1.0699699633e-02    0.0000000000e+00
    1.0800000280e-02    0.0000000000e+00
    1.0899499990e-02    0.0000000000e+00
    1.0999700055e-02    0.0000000000e+00
    1.1099900119e-02    0.0000000000e+00
    1.1199399829e-02    0.0000000000e+00
    1.1299599893e-02    0.0000000000e+00
    1.1399899609e-02    0.0000000000e+00
    1.1499400251e-02    0.0000000000e+00
    1.1599600315e-02    0.0000000000e+00
    1.1699699797e-02    0.0000000000e+00
    1.1799899861e-02    0.0000000000e+00
    1.1899500154e-02    0.0000000000e+00
    1.1999700218e-02    0.0000000000e+00
    1.2099499814e-02    0.0000000000e+00
    1.2199699879e-02    0.0000000000e+00
    1.2299899943e-02    0.0000000000e+00
    1.2399599887e-02    0.0000000000e+00
    1.2499799952e-02    0.0000000000e+00
    1.2599299662e-02    0.0000000000e+00
    1.2699600309e-02    0.0000000000e+00
    1.2799399905e-02    0.0000000000e+00
    1.2899599969e-02    0.0000000000e+00
    1.2999599800e-02    0.0000000000e+00
    1.3099599630e-02    0.0000000000e+00
    1.3199199922e-02    0.0000000000e+00
    1.3299399987e-02    0.0000000000e+00
    1.3399399817e-02    0.0000000000e+00
    1.3499599881e-02    0.0000000000e+00
    1.3599299826e-02    0.0000000000e+00
    1.3699599542e-02    0.0000000000e+00
    1.3799699955e-02    0.0000000000e+00
    1.3899699785e-02    0.0000000000e+00
    1.3999800198e-02    0.0000000000e+00
    1.4099200256e-02    0.0000000000e+00
    1.4199799858e-02    0.0000000000e+00
    1.4299400151e-02    0.0000000000e+00
    1.4399499632e-02    0.0000000000e+00
    1.4499399811e-02    0.0000000000e+00
    1.4599899761e-02    0.0000000000e+00
    1.4699200168e-02    0.0000000000e+00
    1.4799199998e-02    0.0000000000e+00
    1.4899300411e-02    0.0000000000e+00
    1.4999699779e-02    0.0000000000e+00
    1.5099500306e-02    0.0000000000e+00
    1.5199500136e-02    0.0000000000e+00
    1.5299599618e-02    0.0000000000e+00
    1.5399799682e-02    0.0000000000e+00
    1.5499100089e-02    0.0000000000e+00
    1.5599300154e-02    0.0000000000e+00
    1.5699399635e-02    0.0000000000e+00
    1.5799500048e-02    0.0000000000e+00
    1.5899399295e-02    0.0000000000e+00
    1.5999300405e-02    0.0000000000e+00
    1.6099199653e-02    0.0000000000e+00
    1.6199599952e-02    0.0000000000e+00
    1.6299899668e-02    0.0000000000e+00
    1.6400000080e-02    0.0000000000e+00
    1.6499400139e-02    0.0000000000e+00
    1.6599100083e-02    0.0000000000e+00
    1.6699500382e-02    0.0000000000e+00
    1.6799800098e-02    0.0000000000e+00
    1.6899799928e-02    0.0000000000e+00
    1.6999499872e-02    0.0000000000e+00
    1.7099700868e-02    0.0000000000e+00
    1.7200000584e-02    0.0000000000e+00
    1.7300000414e-02    0.0000000000e+00
    1.7399100587e-02    0.0000000000e+00
    1.7499100417e-02    0.0000000000e+00
    1.7598899081e-02    0.0000000000e+00
    1.7699899152e-02    0.0000000000e+00
    1.7799599096e-02    0.0000000000e+00
    1.7899399623e-02    0.0000000000e+00
    1.7999099568e-02    0.0000000000e+00
    1.8098900095e-02    0.0000000000e+00
    1.8199799582e-02    0.0000000000e+00
    1.8299199641e-02    0.0000000000e+00
    1.8399199471e-02    0.0000000000e+00
    1.8499299884e-02    0.0000000000e+00
    1.8599700183e-02    0.0000000000e+00
    1.8699599430e-02    0.0000000000e+00
    1.8798999488e-02    0.0000000000e+00
    1.8899999559e-02    0.0000000000e+00
    1.8999699503e-02    0.0000000000e+00
    1.9099500030e-02    0.0000000000e+00
    1.9199199975e-02    0.0000000000e+00
    1.9299000502e-02    0.0000000000e+00
    1.9400000572e-02    0.0000000000e+00
    1.9499700516e-02    0.0000000000e+00
    1.9599400461e-02    0.0000000000e+00
    1.9699700177e-02    0.0000000000e+00
    1.9799599424e-02    0.0000000000e+00
    1.9899699837e-02    0.0000000000e+00
    1.9999500364e-02    0.0000000000e+00
    2.0099200308e-02    0.0000000000e+00
    2.0199000835e-02    0.0000000000e+00
    2.0300000906e-02    0.0000000000e+00
    2.0399700850e-02    0.0000000000e+00
    2.0499499515e-02    0.0000000000e+00
    2.0599199459e-02    0.0000000000e+00
    2.0698999986e-02    0.0000000000e+00
    2.0800000057e-02    0.0000000000e+00
    2.0899700001e-02    0.0000000000e+00
    2.0999500528e-02    0.0000000000e+00
    2.1099299192e-02    0.0000000000e+00
    2.1198999137e-02    0.0000000000e+00
    2.1299999207e-02    0.0000000000e+00
    2.1399799734e-02    0.0000000000e+00
    2.1499499679e-02    0.0000000000e+00
    2.1599300206e-02    0.0000000000e+00
    2.1699000150e-02    0.0000000000e+00
    2.1798800677e-02    0.0000000000e+00
    2.1899800748e-02    0.0000000000e+00
    2.1999500692e-02    0.0000000000e+00
    2.2099299356e-02    0.0000000000e+00
    2.2198999301e-02    0.0000000000e+00
    2.2298799828e-02    0.0000000000e+00
    2.2399799898e-02    0.0000000000e+00
    2.2499499843e-02    0.0000000000e+00
    2.2599300370e-02    0.0000000000e+00
    2.2699100897e-02    0.0000000000e+00
    2.2798800841e-02    0.0000000000e+00
    2.2899800912e-02    0.0000000000e+00
    2.2999500856e-02    0.0000000000e+00
    2.3099299520e-02    0.0000000000e+00
    2.3198999465e-02    0.0000000000e+00
    2.3298799992e-02    0.0000000000e+00
    2.3399800062e-02    0.0000000000e+00
    2.3499500006e-02    0.0000000000e+00
    2.3599300534e-02    0.0000000000e+00
    2.3699000478e-02    0.0000000000e+00
    2.3798799142e-02    0.0000000000e+00
    2.3899799213e-02    0.0000000000e+00
    2.3999499157e-02    0.0000000000e+00
    2.4099199101e-02    0.0000000000e+00
    2.4198999628e-02    0.0000000000e+00
    2.4299999699e-02    0.0000000000e+00
    2.4399699643e-02    0.0000000000e+00
    2.4499500170e-02    0.0000000000e+00
    2.4599200115e-02    0.0000000000e+00
    2.4699000642e-02    0.0000000000e+00
    2.4800000712e-02    0.0000000000e+00
    2.4899700657e-02    0.0000000000e+00
    2.4999499321e-02    0.0000000000e+00
    2.5099199265e-02    0.0000000000e+00
    2.5198999792e-02    0.0000000000e+00
    2.5299899280e-02    0.0000000000e+00
    2.5399699807e-02    0.0000000000e+00
    2.5499399751e-02    0.0000000000e+00
    2.5599200279e-02    0.0000000000e+00
    2.5698900223e-02    0.0000000000e+00
    2.5799900293e-02    0.0000000000e+00
    2.5899700820e-02    0.0000000000e+00
    2.5999400765e-02    0.0000000000e+00
    2.6099199429e-02    0.0000000000e+00
    2.6198899373e-02    0.0000000000e+00
    2.6299899444e-02    0.0000000000e+00
    2.6399599388e-02    0.0000000000e+00
    2.6499399915e-02    0.0000000000e+00
    2.6599099860e-02    0.0000000000e+00
    2.6698900387e-02    0.0000000000e+00
    2.6799900457e-02    0.0000000000e+00
    2.6899600402e-02    0.0000000000e+00
    2.6999400929e-02    0.0000000000e+00
    2.7099100873e-02    0.0000000000e+00
    2.7198899537e-02    0.0000000000e+00
    2.7299899608e-02    0.0000000000e+00
    2.7399599552e-02    0.0000000000e+00
    2.7499400079e-02    0.0000000000e+00
    2.7599100024e-02    0.0000000000e+00
    2.7698900551e-02    0.0000000000e+00
    2.7799900621e-02    0.0000000000e+00
    2.7899600565e-02    0.0000000000e+00
    2.7999900281e-02    0.0000000000e+00
    2.8099799529e-02    0.0000000000e+00
    2.8199700639e-02    0.0000000000e+00
    2.8299899772e-02    0.0000000000e+00
    2.8399199247e-02    0.0000000000e+00
    2.8499500826e-02    0.0000000000e+00
    2.8599699959e-02    0.0000000000e+00
    2.8699500486e-02    0.0000000000e+00
    2.8799600899e-02    0.0000000000e+00
    2.8899500147e-02    0.0000000000e+00
    2.8999499977e-02    0.0000000000e+00
    2.9099799693e-02    0.0000000000e+00
    2.9199000448e-02    0.0000000000e+00
    2.9299300164e-02    0.0000000000e+00
    2.9399599880e-02    0.0000000000e+00
    2.9499800876e-02    0.0000000000e+00
    2.9599400237e-02    0.0000000000e+00
    2.9699599370e-02    0.0000000000e+00
    2.9799699783e-02    0.0000000000e+00
    2.9899999499e-02    0.0000000000e+00
    2.9999300838e-02    0.0000000000e+00
