       301
    0.0000000000e+00    0.0000000000e+00
    9.9796299764e-05    0.0000000000e+00
    1.9959300698e-04    0.0000000000e+00
    2.9938900843e-04    0.0000000000e+00
    3.9918499533e-04    3.3761100582e-09
    4.9898098223e-04    1.3882400118e-08
    5.9999397490e-04    2.6896600502e-08
    6.9978897227e-04    4.0423500991e-08
    7.9958298011e-04    5.4059800192e-08
    8.9937698795e-04    6.7647199842e-08
    9.9917000625e-04    8.1165403287e-08
    1.0989600560e-03    9.4592799371e-08
    1.1999700218e-03    1.0807799811e-07
    1.2997599551e-03    1.2131600613e-07
    1.3995500049e-03    1.3446499736e-07
    1.4993400546e-03    1.4750899879e-07
    1.5991199762e-03    1.6054900698e-07
    1.6989000142e-03    1.7355699811e-07
    1.7998799449e-03    1.8661600620e-07
    1.8996499712e-03    1.9940499385e-07
    1.9994201139e-03    2.1211999979e-07
    2.0991899073e-03    2.2474600314e-07
    2.1989499219e-03    2.3723100639e-07
    2.2999299690e-03    2.4975199153e-07
    2.3996899836e-03    2.6205501058e-07
    2.4994399864e-03    2.7426901283e-07
    2.5991899893e-03    2.8638399385e-07
    2.6989199687e-03    2.9845799077e-07
    2.7998699807e-03    3.1060400829e-07
    2.8995999601e-03    3.2254999383e-07
    2.9993299395e-03    3.3442199765e-07
    3.0990599189e-03    3.4623300849e-07
    3.1999899074e-03    3.5817700450e-07
    3.2997101080e-03    3.6991599472e-07
    3.3994300757e-03    3.8156400706e-07
    3.4991300199e-03    3.9307400357e-07
    3.5988299642e-03    4.0451899963e-07
    3.6997399293e-03    4.1607600565e-07
    3.7994401064e-03    4.2741899620e-07
    3.8991300389e-03    4.3866501187e-07
    3.9988299832e-03    4.4987800152e-07
    4.0997401811e-03    4.6122400477e-07
    4.1994298808e-03    4.7239001333e-07
    4.2991200462e-03    4.8348698556e-07
    4.3988102116e-03    4.9455201179e-07
    4.4997199439e-03    5.0572100463e-07
    4.5994101092e-03    5.1668297374e-07
    4.6990998089e-03    5.2755200386e-07
    4.7988002189e-03    5.3836498637e-07
    4.8997099511e-03    5.4928000282e-07
    4.9994001165e-03    5.5999902315e-07
    5.0991098396e-03    5.7062300129e-07
    5.1988200285e-03    5.8118001789e-07
    5.2997400053e-03    5.9183497569e-07
    5.3994599730e-03    6.0233998056e-07
    5.4991799407e-03    6.1279502006e-07
    5.5989101529e-03    6.2320202687e-07
    5.6998599321e-03    6.3368997871e-07
    5.7995901443e-03    6.4397602273e-07
    5.8993301354e-03    6.5416298867e-07
    5.9990799055e-03    6.6427901402e-07
    6.0988301411e-03    6.7434501716e-07
    6.1997999437e-03    6.8447201329e-07
    6.2995702028e-03    6.9438897299e-07
    6.3993399963e-03    7.0422601084e-07
    6.4991000108e-03    7.1401302648e-07
    6.5988698043e-03    7.2374399451e-07
    6.6998600960e-03    7.3352697427e-07
    6.7996298894e-03    7.4312299603e-07
    6.8994001485e-03    7.5264500765e-07
    6.9991801865e-03    7.6207498978e-07
    7.0989499800e-03    7.7142101418e-07
    7.1999500506e-03    7.8081001220e-07
    7.2997300886e-03    7.9001597442e-07
    7.3995101266e-03    7.9913502304e-07
    7.4992999434e-03    8.0816300851e-07
    7.5990799814e-03    8.1711499433e-07
    7.6988600194e-03    8.2599098050e-07
    7.7998600900e-03    8.3489800318e-07
    7.8991502523e-03    8.4360101482e-07
    7.9999295995e-03    8.5240100134e-07
    8.0993101001e-03    8.6109497488e-07
    8.1990603358e-03    8.7007100547e-07
    8.2996403798e-03    8.7800998472e-07
    8.3988504484e-03    8.8448501856e-07
    8.4992796183e-03    8.9128997161e-07
    8.5991695523e-03    8.9884701993e-07
    8.6993398145e-03    9.0350101800e-07
    8.7995100766e-03    9.0689098897e-07
    8.8993404061e-03                 nan
    8.9996103197e-03                 nan
    9.0998802334e-03                 nan
    9.1987904161e-03                 nan
    9.2990603298e-03                 nan
    9.3993302435e-03                 nan
    9.4996001571e-03                 nan
    9.5998598263e-03                 nan
    9.6987802535e-03                 nan
    9.7990501672e-03                 nan
    9.8993098363e-03                 nan
    9.9995797500e-03                 nan
    1.0099899955e-02                 nan
    1.0198799893e-02                 nan
    1.0298999958e-02                 nan
    1.0399299674e-02                 nan
    1.0499600321e-02                 nan
    1.0599800386e-02                 nan
    1.0698799975e-02                 nan
    1.0799000040e-02                 nan
    1.0899299756e-02                 nan
    1.0999600403e-02                 nan
    1.1099799536e-02                 nan
    1.1198700406e-02                 nan
    1.1299000122e-02                 nan
    1.1399299838e-02                 nan
    1.1499499902e-02                 nan
    1.1599799618e-02                 nan
    1.1698699556e-02                 nan
    1.1799000204e-02                 nan
    1.1899299920e-02                 nan
    1.1999499984e-02                 nan
    1.2099799700e-02                 nan
    1.2198699638e-02                 nan
    1.2299000286e-02                 nan
    1.2399300002e-02                 nan
    1.2499500066e-02                 nan
    1.2599799782e-02                 nan
    1.2698699720e-02                 nan
    1.2799000368e-02                 nan
    1.2899200432e-02                 nan
    1.2999500148e-02                 nan
    1.3099799864e-02                 nan
    1.3198699802e-02                 nan
    1.3299000449e-02                 nan
    1.3399199583e-02                 nan
    1.3499500230e-02                 nan
    1.3599799946e-02                 nan
    1.3698699884e-02                 nan
    1.3798999600e-02                 nan
    1.3899199665e-02                 nan
    1.3999500312e-02                 nan
    1.4099800028e-02                 nan
    1.4198699966e-02                 nan
    1.4298900031e-02                 nan
    1.4399199747e-02                 nan
    1.4499500394e-02                 nan
    1.4599700458e-02                 nan
    1.4698700048e-02                 nan
    1.4798900113e-02                 nan
    1.4899199829e-02                 nan
    1.4999499545e-02                 nan
    1.5099699609e-02                 nan
    1.5198599547e-02                 nan
    1.5298900194e-02                 nan
    1.5399199910e-02                 nan
    1.5499499626e-02                 nan
    1.5599699691e-02                 nan
    1.5699999407e-02                 nan
    1.5798900276e-02                 nan
    1.5899199992e-02                 nan
    1.5999399126e-02                 nan
    1.6099700704e-02                 nan
    1.6200000420e-02                 nan
    1.6298899427e-02                 nan
    1.6399199143e-02                 nan
    1.6499400139e-02                 nan
    1.6599699855e-02                 nan
    1.6699999571e-02                 nan
    1.6798900440e-02                 nan
    1.6899200156e-02                 nan
    1.6999399289e-02                 nan
    1.7099700868e-02                 nan
    1.7200000584e-02                 nan
    1.7298899591e-02                 nan
    1.7399100587e-02                 nan
    1.7499400303e-02                 nan
    1.7599700019e-02                 nan
    1.7699899152e-02                 nan
    1.7798900604e-02                 nan
    1.7899099737e-02                 nan
    1.7999399453e-02                 nan
    1.8099699169e-02                 nan
    1.8199900165e-02                 nan
    1.8298799172e-02                 nan
    1.8399100751e-02                 nan
    1.8499400467e-02                 nan
    1.8599700183e-02                 nan
    1.8699899316e-02                 nan
    1.8798800185e-02                 nan
    1.8899099901e-02                 nan
    1.8999399617e-02                 nan
    1.9099600613e-02                 nan
    1.9199900329e-02                 nan
    1.9298799336e-02                 nan
    1.9399100915e-02                 nan
    1.9499400631e-02                 nan
    1.9599599764e-02                 nan
    1.9699899480e-02                 nan
    1.9798800349e-02                 nan
    1.9899100065e-02                 nan
    1.9999299198e-02                 nan
    2.0099600777e-02                 nan
    2.0199900493e-02                 nan
    2.0298799500e-02                 nan
    2.0399099216e-02                 nan
    2.0499300212e-02                 nan
    2.0599599928e-02                 nan
    2.0699899644e-02                 nan
    2.0798800513e-02                 nan
    2.0899100229e-02                 nan
    2.0999299362e-02                 nan
    2.1099599078e-02                 nan
    2.1199900657e-02                 nan
    2.1298799664e-02                 nan
    2.1399000660e-02                 nan
    2.1499300376e-02                 nan
    2.1599600092e-02                 nan
    2.1699899808e-02                 nan
    2.1798800677e-02                 nan
    2.1898999810e-02                 nan
    2.1999299526e-02                 nan
    2.2099599242e-02                 nan
    2.2199800238e-02                 nan
    2.2298799828e-02                 nan
    2.2399000823e-02                 nan
    2.2499300539e-02                 nan
    2.2599600255e-02                 nan
    2.2699799389e-02                 nan
    2.2798700258e-02                 nan
    2.2898999974e-02                 nan
    2.2999299690e-02                 nan
    2.3099500686e-02                 nan
    2.3199800402e-02                 nan
    2.3298699409e-02                 nan
    2.3398999125e-02                 nan
    2.3499300703e-02                 nan
    2.3599499837e-02                 nan
    2.3699799553e-02                 nan
    2.3798700422e-02                 nan
    2.3899000138e-02                 nan
    2.3999299854e-02                 nan
    2.4099500850e-02                 nan
    2.4199800566e-02                 nan
    2.4298699573e-02                 nan
    2.4398999289e-02                 nan
    2.4499200284e-02                 nan
    2.4599500000e-02                 nan
    2.4699799716e-02                 nan
    2.4798700586e-02                 nan
    2.4899000302e-02                 nan
    2.4999199435e-02                 nan
    2.5099499151e-02                 nan
    2.5199800730e-02                 nan
    2.5298699737e-02                 nan
    2.5398999453e-02                 nan
    2.5499200448e-02                 nan
    2.5599500164e-02                 nan
    2.5699799880e-02                 nan
    2.5798700750e-02                 nan
    2.5898899883e-02                 nan
    2.5999199599e-02                 nan
    2.6099499315e-02                 nan
    2.6199700311e-02                 nan
    2.6298699901e-02                 nan
    2.6398900896e-02                 nan
    2.6499200612e-02                 nan
    2.6599500328e-02                 nan
    2.6699699461e-02                 nan
    2.6798600331e-02                 nan
    2.6898900047e-02                 nan
    2.6999199763e-02                 nan
    2.7099499479e-02                 nan
    2.7199700475e-02                 nan
    2.7300000191e-02                 nan
    2.7398899198e-02                 nan
    2.7499200776e-02                 nan
    2.7599399909e-02                 nan
    2.7699699625e-02                 nan
    2.7799999341e-02                 nan
    2.7898900211e-02                 nan
    2.7999199927e-02                 nan
    2.8099400923e-02                 nan
    2.8199700639e-02                 nan
    2.8300000355e-02                 nan
    2.8398899361e-02                 nan
    2.8499100357e-02                 nan
    2.8599400073e-02                 nan
    2.8699699789e-02                 nan
    2.8799999505e-02                 nan
    2.8898900375e-02                 nan
    2.8999099508e-02                 nan
    2.9099399224e-02                 nan
    2.9199700803e-02                 nan
    2.9299899936e-02                 nan
    2.9398899525e-02                 nan
    2.9499100521e-02                 nan
    2.9599400237e-02                 nan
    2.9699699953e-02                 nan
    2.9799899086e-02                 nan
    2.9898799956e-02                 nan
    2.9999099672e-02                 nan
