       301
    0.0000000000e+00    0.0000000000e+00
    9.9796299764e-05    0.0000000000e+00
    1.9923200307e-04    6.9439702034e+00
    2.9902800452e-04    6.9439702034e+00
    3.9882300189e-04    6.9439601898e+00
    4.9983500503e-04    6.9439501762e+00
    5.9963000240e-04    6.9439401627e+00
    6.9942302071e-04    6.9439201355e+00
    7.9921598081e-04    6.9439001083e+00
    8.9900899911e-04    6.9438800812e+00
    9.9880003836e-04    6.9438600540e+00
    1.0998100042e-03    6.9438300133e+00
    1.1996000540e-03    6.9437999725e+00
    1.2993899873e-03    6.9437499046e+00
    1.3991700253e-03    6.9437098503e+00
    1.4989400515e-03    6.9436697960e+00
    1.5999299940e-03    6.9436202049e+00
    1.6997000203e-03    6.9435701370e+00
    1.7994700465e-03    6.9434900284e+00
    1.8992299447e-03    6.9433999062e+00
    1.9990000874e-03    6.9432997704e+00
    2.0999799017e-03    6.9431900978e+00
    2.1997399163e-03    6.9430899620e+00
    2.2994899191e-03    6.9429798126e+00
    2.3992399219e-03    6.9428501129e+00
    2.4989699014e-03    6.9427099228e+00
    2.5999199133e-03    6.9425301552e+00
    2.6996498927e-03    6.9423298836e+00
    2.7993801050e-03    6.9421200752e+00
    2.8991100844e-03    6.9418997765e+00
    2.9988300521e-03    6.9416499138e+00
    3.0997600406e-03    6.9413599968e+00
    3.1994699966e-03    6.9410500526e+00
    3.2991799526e-03    6.9407200813e+00
    3.3988798968e-03    6.9403600693e+00
    3.4988799598e-03    6.9399800301e+00
    3.5997300874e-03    6.9395599365e+00
    3.6994200200e-03    6.9390997887e+00
    3.7991199642e-03    6.9385900497e+00
    3.8988098968e-03    6.9380397797e+00
    3.9997198619e-03    6.9374499321e+00
    4.0994100273e-03    6.9368600845e+00
    4.1998499073e-03    6.9362301826e+00
    4.2995400727e-03    6.9355502129e+00
    4.3992297724e-03    6.9348001480e+00
    4.4997301884e-03    6.9339699745e+00
    4.5994301327e-03    6.9330801964e+00
    4.6991198324e-03    6.9321398735e+00
    4.7991098836e-03    0.0000000000e+00
    4.8991697840e-03    0.0000000000e+00
    4.9989097752e-03    0.0000000000e+00
    5.0995298661e-03    0.0000000000e+00
    5.1992097870e-03    0.0000000000e+00
    5.2994498983e-03    0.0000000000e+00
    5.3996299393e-03    0.0000000000e+00
    5.4993601516e-03    0.0000000000e+00
    5.5995602161e-03    0.0000000000e+00
    5.6999400258e-03    0.0000000000e+00
    5.7998499833e-03    0.0000000000e+00
    5.8988300152e-03    0.0000000000e+00
    5.9998501092e-03    0.0000000000e+00
    6.0998299159e-03    0.0000000000e+00
    6.1999601312e-03    0.0000000000e+00
    6.2991799787e-03    0.0000000000e+00
    6.3993800431e-03    0.0000000000e+00
    6.4995200373e-03    0.0000000000e+00
    6.5998598002e-03    0.0000000000e+00
    6.6990898922e-03    0.0000000000e+00
    6.7999497987e-03    6.8922901154e+00
    6.8994001485e-03    6.8906297684e+00
    6.9994498044e-03    6.8889698982e+00
    7.0998999290e-03    0.0000000000e+00
    7.1988701820e-03    0.0000000000e+00
    7.2998302057e-03    6.8825201988e+00
    7.3992698453e-03    6.8801598549e+00
    7.4999900535e-03    6.8781800270e+00
    7.5999400578e-03    6.8762698174e+00
    7.6996101998e-03    6.8743100166e+00
    7.7994000167e-03    6.8725099564e+00
    7.8994100913e-03    6.8706998825e+00
    7.9989396036e-03    6.8688502312e+00
    8.0998800695e-03    6.8668699265e+00
    8.1994403154e-03    6.8647398949e+00
    8.2994299009e-03    6.8626999855e+00
    8.3999102935e-03    0.0000000000e+00
    8.4998002276e-03    0.0000000000e+00
    8.5998801515e-03    0.0000000000e+00
    8.6998296902e-03    0.0000000000e+00
    8.7989196181e-03    0.0000000000e+00
    8.8992901146e-03    0.0000000000e+00
    8.9999595657e-03    0.0000000000e+00
    9.0990196913e-03    0.0000000000e+00
    9.1994898394e-03    0.0000000000e+00
    9.2997802421e-03    0.0000000000e+00
    9.3998499215e-03    0.0000000000e+00
    9.4996597618e-03    0.0000000000e+00
    9.5994602889e-03    0.0000000000e+00
    9.6996696666e-03    6.8253898621e+00
    9.7995502874e-03    6.8243598938e+00
    9.8998798057e-03    6.8236799240e+00
    9.9994000047e-03    6.8232002258e+00
    1.0099600069e-02    6.8227000237e+00
    1.0199200362e-02    6.8221597672e+00
    1.0299299844e-02    6.8214201927e+00
    1.0399599560e-02    6.8205299377e+00
    1.0499699973e-02    6.8196802139e+00
    1.0599800386e-02    6.8188900948e+00
    1.0700000450e-02    6.8181500435e+00
    1.0799500160e-02    6.8174600601e+00
    1.0899400339e-02    6.8168702126e+00
    1.0999600403e-02    6.8166399002e+00
    1.1099499650e-02    6.8170299530e+00
    1.1199899949e-02    6.8181099892e+00
    1.1299300008e-02    6.8196702003e+00
    1.1399899609e-02    6.8215498924e+00
    1.1499200016e-02    6.8235301971e+00
    1.1599300429e-02    6.8254899979e+00
    1.1699199677e-02    6.8273801804e+00
    1.1799300089e-02    6.8292999268e+00
    1.1899099685e-02    6.8312897682e+00
    1.1999900453e-02    6.8333702087e+00
    1.2099999934e-02    6.8354902267e+00
    1.2199499644e-02    6.8376698494e+00
    1.2299699709e-02    6.8398799896e+00
    1.2399899773e-02    6.8419299126e+00
    1.2500000186e-02    6.8438501358e+00
    1.2599799782e-02    6.8457698822e+00
    1.2699400075e-02    6.8478398323e+00
    1.2799600139e-02    6.8500800133e+00
    1.2899300084e-02    6.8524198532e+00
    1.2999599800e-02    6.8548002243e+00
    1.3099400327e-02    6.8571500778e+00
    1.3199600391e-02    6.8594698906e+00
    1.3299800456e-02    6.8617300987e+00
    1.3399999589e-02    6.8639597893e+00
    1.3499500230e-02    6.8662199974e+00
    1.3599700294e-02    6.8685297966e+00
    1.3699599542e-02    6.8707799911e+00
    1.3799100183e-02    6.8729300499e+00
    1.3899699785e-02    6.8750000000e+00
    1.3999599963e-02    6.8769698143e+00
    1.4099899679e-02    6.8788299561e+00
    1.4199499972e-02    6.8806099892e+00
    1.4299900271e-02    6.8823499680e+00
    1.4399800450e-02    6.8840398788e+00
    1.4499899931e-02    6.8856301308e+00
    1.4600000344e-02    6.8871102333e+00
    1.4699099585e-02    6.8884401321e+00
    1.4799499884e-02    6.8896899223e+00
    1.4899699949e-02    6.8908500671e+00
    1.4999800362e-02    6.8919501305e+00
    1.5099899843e-02    6.8929901123e+00
    1.5200000256e-02    6.8940100670e+00
    1.5298999846e-02    6.8949999809e+00
    1.5399799682e-02    6.8959698677e+00
    1.5499699861e-02    6.8968801498e+00
    1.5599399805e-02    6.8977599144e+00
    1.5699600801e-02    6.8986201286e+00
    1.5799500048e-02    6.8994598389e+00
    1.5899799764e-02    6.9002599716e+00
    1.5999399126e-02    0.0000000000e+00
    1.6099600121e-02    0.0000000000e+00
    1.6199499369e-02    0.0000000000e+00
    1.6299700364e-02    0.0000000000e+00
    1.6399899498e-02    0.0000000000e+00
    1.6499800608e-02    0.0000000000e+00
    1.6599699855e-02    0.0000000000e+00
    1.6699599102e-02    0.0000000000e+00
    1.6799600795e-02    0.0000000000e+00
    1.6899300739e-02    0.0000000000e+00
    1.6999099404e-02    0.0000000000e+00
    1.7098799348e-02    0.0000000000e+00
    1.7200000584e-02    0.0000000000e+00
    1.7299300060e-02    0.0000000000e+00
    1.7400000244e-02    0.0000000000e+00
    1.7499800771e-02    0.0000000000e+00
    1.7599599436e-02    0.0000000000e+00
    1.7699299380e-02    0.0000000000e+00
    1.7798999324e-02    0.0000000000e+00
    1.7898799852e-02    0.0000000000e+00
    1.7999300733e-02    0.0000000000e+00
    1.8099799752e-02    0.0000000000e+00
    1.8199900165e-02    0.0000000000e+00
    1.8299600109e-02    0.0000000000e+00
    1.8399400637e-02    0.0000000000e+00
    1.8499199301e-02    0.0000000000e+00
    1.8598899245e-02    0.0000000000e+00
    1.8699899316e-02    0.0000000000e+00
    1.8799500540e-02    0.0000000000e+00
    1.8899299204e-02    0.0000000000e+00
    1.8998999149e-02    0.0000000000e+00
    1.9099500030e-02    0.0000000000e+00
    1.9199199975e-02    0.0000000000e+00
    1.9299000502e-02    0.0000000000e+00
    1.9400000572e-02    0.0000000000e+00
    1.9499700516e-02    0.0000000000e+00
    1.9599499181e-02    0.0000000000e+00
    1.9699299708e-02    0.0000000000e+00
    1.9798999652e-02    0.0000000000e+00
    1.9898800179e-02    0.0000000000e+00
    1.9999800250e-02    0.0000000000e+00
    2.0099600777e-02    0.0000000000e+00
    2.0199300721e-02    0.0000000000e+00
    2.0299099386e-02    0.0000000000e+00
    2.0398899913e-02    0.0000000000e+00
    2.0499899983e-02    0.0000000000e+00
    2.0599599928e-02    0.0000000000e+00
    2.0699400455e-02    0.0000000000e+00
    2.0799199119e-02    0.0000000000e+00
    2.0898999646e-02    0.0000000000e+00
    2.0999899134e-02    0.0000000000e+00
    2.1099699661e-02    0.0000000000e+00
    2.1199500188e-02    0.0000000000e+00
    2.1299300715e-02    0.0000000000e+00
    2.1399000660e-02    0.0000000000e+00
    2.1498799324e-02    0.0000000000e+00
    2.1599799395e-02    0.0000000000e+00
    2.1699599922e-02    0.0000000000e+00
    2.1799400449e-02    0.0000000000e+00
    2.1899100393e-02    0.0000000000e+00
    2.1998900920e-02    0.0000000000e+00
    2.2099899128e-02    0.0000000000e+00
    2.2199699655e-02    0.0000000000e+00
    2.2299399599e-02    0.0000000000e+00
    2.2399200127e-02    0.0000000000e+00
    2.2499000654e-02    0.0000000000e+00
    2.2600000724e-02    0.0000000000e+00
    2.2699799389e-02    0.0000000000e+00
    2.2799499333e-02    0.0000000000e+00
    2.2899299860e-02    0.0000000000e+00
    2.2999100387e-02    0.0000000000e+00
    2.3098800331e-02    0.0000000000e+00
    2.3199800402e-02    0.0000000000e+00
    2.3299600929e-02    0.0000000000e+00
    2.3399399593e-02    0.0000000000e+00
    2.3499200121e-02    0.0000000000e+00
    2.3598900065e-02    0.0000000000e+00
    2.3699900135e-02    0.0000000000e+00
    2.3799799383e-02    0.0000000000e+00
    2.3899100721e-02    0.0000000000e+00
    2.3998999968e-02    0.0000000000e+00
    2.4099500850e-02    0.0000000000e+00
    2.4199299514e-02    0.0000000000e+00
    2.4299500510e-02    0.0000000000e+00
    2.4399299175e-02    0.0000000000e+00
    2.4499099702e-02    0.0000000000e+00
    2.4598799646e-02    0.0000000000e+00
    2.4699799716e-02    0.0000000000e+00
    2.4799600244e-02    0.0000000000e+00
    2.4899400771e-02    0.0000000000e+00
    2.4999199435e-02    0.0000000000e+00
    2.5098999962e-02    0.0000000000e+00
    2.5200000033e-02    0.0000000000e+00
    2.5299699977e-02    0.0000000000e+00
    2.5399699807e-02    0.0000000000e+00
    2.5499500334e-02    0.0000000000e+00
    2.5599200279e-02    0.0000000000e+00
    2.5699000806e-02    0.0000000000e+00
    2.5798799470e-02    0.0000000000e+00
    2.5900000706e-02    0.0000000000e+00
    2.5999600068e-02    0.0000000000e+00
    2.6099100709e-02    0.0000000000e+00
    2.6199400425e-02    0.0000000000e+00
    2.6299299672e-02    0.0000000000e+00
    2.6399500668e-02    0.0000000000e+00
    2.6499699801e-02    0.0000000000e+00
    2.6599600911e-02    0.0000000000e+00
    2.6699300855e-02    0.0000000000e+00
    2.6799799874e-02    0.0000000000e+00
    2.6899699122e-02    0.0000000000e+00
    2.6999600232e-02    0.0000000000e+00
    2.7099799365e-02    0.0000000000e+00
    2.7200000361e-02    0.0000000000e+00
    2.7299499139e-02    0.0000000000e+00
    2.7399700135e-02    0.0000000000e+00
    2.7499899268e-02    0.0000000000e+00
    2.7599500492e-02    0.0000000000e+00
    2.7699800208e-02    0.0000000000e+00
    2.7799399570e-02    0.0000000000e+00
    2.7899600565e-02    0.0000000000e+00
    2.7999799699e-02    0.0000000000e+00
    2.8099300340e-02    0.0000000000e+00
    2.8199499473e-02    0.0000000000e+00
    2.8299400583e-02    0.0000000000e+00
    2.8399700299e-02    0.0000000000e+00
    2.8499500826e-02    0.0000000000e+00
    2.8599699959e-02    0.0000000000e+00
    2.8699999675e-02    0.0000000000e+00
    2.8799800202e-02    0.0000000000e+00
    2.8899600729e-02    0.0000000000e+00
    2.8999200091e-02    0.0000000000e+00
    2.9099300504e-02    0.0000000000e+00
    2.9199600220e-02    0.0000000000e+00
    2.9299799353e-02    0.0000000000e+00
    2.9399100691e-02    0.0000000000e+00
    2.9499899596e-02    0.0000000000e+00
    2.9599599540e-02    0.0000000000e+00
    2.9699800536e-02    0.0000000000e+00
    2.9799800366e-02    0.0000000000e+00
    2.9899699613e-02    0.0000000000e+00
    2.9999900609e-02    0.0000000000e+00
