       301
    0.0000000000e+00    0.0000000000e+00
    9.9796299764e-05    0.0000000000e+00
    1.9923200307e-04    1.0986600074e-08
    2.9902800452e-04    2.8353399628e-08
    3.9882300189e-04    4.6235001605e-08
    4.9983500503e-04    6.4334997774e-08
    5.9963000240e-04    8.2199797191e-08
    6.9942302071e-04    9.9998899827e-08
    7.9921598081e-04    1.1776899811e-07
    8.9900899911e-04    1.3572200430e-07
    9.9880003836e-04    1.5382100571e-07
    1.0998100042e-03    1.7230800609e-07
    1.1996000540e-03    1.9086600389e-07
    1.2993899873e-03    2.0979899773e-07
    1.3991700253e-03    2.2904200137e-07
    1.4989400515e-03    2.4874398719e-07
    1.5999299940e-03    2.6898800343e-07
    1.6997000203e-03    2.8942301356e-07
    1.7994700465e-03    3.1042299042e-07
    1.8992299447e-03    3.3201598626e-07
    1.9990000874e-03    3.5411599697e-07
    2.0999799017e-03    3.7691899024e-07
    2.1997399163e-03    3.9970498733e-07
    2.2994899191e-03    4.2252599997e-07
    2.3992399219e-03    4.4504301400e-07
    2.4989699014e-03    4.6704400347e-07
    2.5999199133e-03    4.8868400881e-07
    2.6996498927e-03    5.0928298378e-07
    2.7993801050e-03    5.2895802582e-07
    2.8991100844e-03    5.4762102764e-07
    2.9988300521e-03    5.6529501080e-07
    3.0997600406e-03    5.8216801335e-07
    3.1994699966e-03    5.9793597984e-07
    3.2991799526e-03    6.1291399334e-07
    3.3988798968e-03    6.2730799755e-07
    3.4988799598e-03    6.4137498157e-07
    3.5997300874e-03    6.5526097615e-07
    3.6994200200e-03    6.6873400328e-07
    3.7991199642e-03    6.8209101300e-07
    3.8988098968e-03    6.9556398330e-07
    3.9997198619e-03    7.0961800702e-07
    4.0994100273e-03    7.2411097563e-07
    4.1998499073e-03    7.3958500479e-07
    4.2995400727e-03    7.5600098626e-07
    4.3992297724e-03    7.7351899108e-07
    4.4997301884e-03    7.9216999893e-07
    4.5994301327e-03    8.1145401509e-07
    4.6991198324e-03    8.3125502215e-07
    4.7991098836e-03    8.5128800720e-07
    4.8991697840e-03    8.7088602641e-07
    4.9989097752e-03    8.8939697207e-07
    5.0995298661e-03    9.0670897634e-07
    5.1992097870e-03    9.2237797844e-07
    5.2994498983e-03    9.3668398904e-07
    5.3996299393e-03    9.4972699571e-07
    5.4993601516e-03    9.6180201581e-07
    5.5995602161e-03    9.7348197414e-07
    5.6999400258e-03    9.8504995094e-07
    5.7998499833e-03    9.9580995538e-07
    5.8988300152e-03    7.8384197998e+02
    5.9998501092e-03    8.6378997803e+02
    6.0998299159e-03    2.9495599365e+02
    6.1999601312e-03    9.9903104456e-07
    6.2991799787e-03    9.9649105323e-07
    6.3993800431e-03    9.9352496363e-07
    6.4995200373e-03    9.9005103493e-07
    6.5998598002e-03    9.8657096714e-07
    6.6990898922e-03    9.8251700820e-07
    6.7999497987e-03    9.7846202607e-07
    6.8994001485e-03    9.7394502063e-07
    6.9994498044e-03    9.6884696177e-07
    7.0998999290e-03    9.6355199730e-07
    7.1988701820e-03    9.5798804978e-07
    7.2998302057e-03    9.5215597185e-07
    7.3992698453e-03    9.4632599712e-07
    7.4999900535e-03    9.3973102366e-07
    7.5999400578e-03    9.3369999377e-07
    7.6996101998e-03    9.2867600188e-07
    7.7994000167e-03    9.2419998055e-07
    7.8994100913e-03    9.2046900591e-07
    7.9989396036e-03    9.1746198905e-07
    8.0998800695e-03    9.1445298267e-07
    8.1994403154e-03    9.1155101245e-07
    8.2994299009e-03    9.0813398401e-07
    8.3999102935e-03    9.0413101361e-07
    8.4998002276e-03    9.0042897227e-07
    8.5998801515e-03    8.9759100774e-07
    8.6998296902e-03    8.9537701342e-07
    8.7989196181e-03    8.9355398813e-07
    8.8992901146e-03    8.9200602815e-07
    8.9999595657e-03    8.9049399321e-07
    9.0990196913e-03    8.8896899797e-07
    9.1994898394e-03    8.8725602154e-07
    9.2997802421e-03    8.8492498662e-07
    9.3998499215e-03    8.8184901870e-07
    9.4996597618e-03    8.7814697736e-07
    9.5994602889e-03    8.7403299176e-07
    9.6996696666e-03    8.7003598992e-07
    9.7995502874e-03    8.6667699861e-07
    9.8998798057e-03    8.6376201125e-07
    9.9994000047e-03    8.6138697952e-07
    1.0099600069e-02    8.5975699449e-07
    1.0199200362e-02    8.5892401103e-07
    1.0299299844e-02    8.5859198862e-07
    1.0399599560e-02    8.5846397724e-07
    1.0499699973e-02    8.5847602804e-07
    1.0599800386e-02    8.5844300202e-07
    1.0700000450e-02    8.5838797759e-07
    1.0799500160e-02    8.5850098230e-07
    1.0899400339e-02    8.5889899992e-07
    1.0999600403e-02    8.5968099484e-07
    1.1099499650e-02    8.6091802132e-07
    1.1199899949e-02    8.6241198005e-07
    1.1299300008e-02    8.6393401943e-07
    1.1399899609e-02    8.6523999698e-07
    1.1499200016e-02    8.6624902451e-07
    1.1599300429e-02    8.6686799250e-07
    1.1699199677e-02    8.6691898105e-07
    1.1799300089e-02    8.6651300535e-07
    1.1899099685e-02    8.6596702431e-07
    1.1999900453e-02    8.6547800038e-07
    1.2099999934e-02    8.6522101128e-07
    1.2199499644e-02    8.6530297949e-07
    1.2299699709e-02    8.6550102196e-07
    1.2399899773e-02    8.6570997837e-07
    1.2500000186e-02    8.6589301418e-07
    1.2599799782e-02    8.6596998017e-07
    1.2699400075e-02    8.6594900495e-07
    1.2799600139e-02    8.6588897830e-07
    1.2899300084e-02    8.6590199544e-07
    1.2999599800e-02    8.6603802174e-07
    1.3099400327e-02    8.6618598516e-07
    1.3199600391e-02    8.6629700036e-07
    1.3299800456e-02    8.6650697995e-07
    1.3399999589e-02    8.6704199020e-07
    1.3499500230e-02    8.6794801746e-07
    1.3599700294e-02    8.6908602270e-07
    1.3699599542e-02    8.7020401907e-07
    1.3799100183e-02    8.7126397830e-07
    1.3899699785e-02    8.7235099500e-07
    1.3999599963e-02    8.7348200850e-07
    1.4099899679e-02    8.7460801979e-07
    1.4199499972e-02    8.7557697270e-07
    1.4299900271e-02    8.7634799684e-07
    1.4399800450e-02    8.7693399564e-07
    1.4499899931e-02    8.7747599764e-07
    1.4600000344e-02    8.7800998472e-07
    1.4699099585e-02    8.7844898644e-07
    1.4799499884e-02    8.7873399934e-07
    1.4899699949e-02    8.7884802724e-07
    1.4999800362e-02    8.7886098754e-07
    1.5099899843e-02    8.7881500122e-07
    1.5200000256e-02    8.7875099553e-07
    1.5298999846e-02    8.7867800858e-07
    1.5399799682e-02    8.7855300990e-07
    1.5499699861e-02    8.7835900331e-07
    1.5599399805e-02    8.7811400817e-07
    1.5699600801e-02    8.7784297875e-07
    1.5799500048e-02    8.7759298140e-07
    1.5899799764e-02    8.7739601895e-07
    1.5999399126e-02    8.7730501264e-07
    1.6099600121e-02    8.7733701548e-07
    1.6199499369e-02    8.7746900590e-07
    1.6299700364e-02    8.7765897661e-07
    1.6399899498e-02    8.7776101054e-07
    1.6499800608e-02    8.7765300805e-07
    1.6599699855e-02    8.7726397169e-07
    1.6699599102e-02    8.7662698434e-07
    1.6799600795e-02    8.7577302565e-07
    1.6899300739e-02    8.7472699306e-07
    1.6999099404e-02    8.7349098976e-07
    1.7098799348e-02    8.7213300048e-07
    1.7200000584e-02    8.7065302523e-07
    1.7299300060e-02    8.6916702458e-07
    1.7400000244e-02    8.6770097596e-07
    1.7499800771e-02    8.6626397433e-07
    1.7599599436e-02    8.6478399908e-07
    1.7699299380e-02    8.6319897719e-07
    1.7798999324e-02    8.6146201284e-07
    1.7898799852e-02    8.5956600060e-07
    1.7999300733e-02    8.5750298240e-07
    1.8099799752e-02    8.5525300619e-07
    1.8199900165e-02    8.5280800022e-07
    1.8299600109e-02    8.5020997176e-07
    1.8399400637e-02    8.4753799001e-07
    1.8499199301e-02    8.4485901652e-07
    1.8598899245e-02    8.4220999952e-07
    1.8699899316e-02    8.3957701236e-07
    1.8799500540e-02    8.3702298070e-07
    1.8899299204e-02    8.3449401700e-07
    1.8998999149e-02    8.3198699485e-07
    1.9099500030e-02    8.2949100033e-07
    1.9199199975e-02    8.2702200643e-07
    1.9299000502e-02    8.2448900685e-07
    1.9400000572e-02    8.2180400796e-07
    1.9499700516e-02    8.1902402371e-07
    1.9599499181e-02    8.1613700331e-07
    1.9699299708e-02    8.1315499756e-07
    1.9798999652e-02    8.1006498931e-07
    1.9898800179e-02    8.0684401382e-07
    1.9999800250e-02    8.0346001141e-07
    2.0099600777e-02    8.0003900393e-07
    2.0199300721e-02    7.9658798313e-07
    2.0299099386e-02    7.9315100265e-07
    2.0398899913e-02    7.8976802342e-07
    2.0499899983e-02    7.8643302004e-07
    2.0599599928e-02    7.8325297181e-07
    2.0699400455e-02    7.8022998196e-07
    2.0799199119e-02    7.7739201743e-07
    2.0898999646e-02    7.7472498106e-07
    2.0999899134e-02    7.7212200722e-07
    2.1099699661e-02    7.6955899431e-07
    2.1199500188e-02    7.6691702589e-07
    2.1299300715e-02    7.6410799466e-07
    2.1399000660e-02    7.6111297176e-07
    2.1498799324e-02    7.5798197940e-07
    2.1599799395e-02    7.5479800898e-07
    2.1699599922e-02    7.5174500580e-07
    2.1799400449e-02    7.4882797207e-07
    2.1899100393e-02    7.4604400879e-07
    2.1998900920e-02    7.4336401212e-07
    2.2099899128e-02    7.4070300116e-07
    2.2199699655e-02    7.3806597811e-07
    2.2299399599e-02    7.3536102718e-07
    2.2399200127e-02    7.3254102517e-07
    2.2499000654e-02    7.2957601560e-07
    2.2600000724e-02    7.2640699500e-07
    2.2699799389e-02    7.2314600175e-07
    2.2799499333e-02    7.1985300565e-07
    2.2899299860e-02    7.1662600476e-07
    2.2999100387e-02    7.1354702413e-07
    2.3098800331e-02    7.1067097451e-07
    2.3199800402e-02    7.0799598006e-07
    2.3299600929e-02    7.0557899789e-07
    2.3399399593e-02    7.0335801183e-07
    2.3499200121e-02    7.0127902063e-07
    2.3598900065e-02    6.9930098334e-07
    2.3699900135e-02    6.9735801844e-07
    2.3799799383e-02    6.9545399128e-07
    2.3899100721e-02    6.9358702603e-07
    2.3998999968e-02    6.9178099693e-07
    2.4099500850e-02    6.9008399350e-07
    2.4199299514e-02    6.8853597668e-07
    2.4299500510e-02    6.8708698109e-07
    2.4399299175e-02    6.8570000167e-07
    2.4499099702e-02    6.8432501621e-07
    2.4598799646e-02    6.8291501520e-07
    2.4699799716e-02    6.8143202725e-07
    2.4799600244e-02    6.7991101105e-07
    2.4899400771e-02    6.7834099582e-07
    2.4999199435e-02    6.7672800697e-07
    2.5098999962e-02    6.7507698986e-07
    2.5200000033e-02    6.7341699150e-07
    2.5299699977e-02    6.7188398134e-07
    2.5399699807e-02    6.7053900921e-07
    2.5499500334e-02    6.6943198362e-07
    2.5599200279e-02    6.6855102432e-07
    2.5699000806e-02    6.6784400587e-07
    2.5798799470e-02    6.6724800263e-07
    2.5900000706e-02    6.6668502541e-07
    2.5999600068e-02    6.6612801675e-07
    2.6099100709e-02    6.6554900968e-07
    2.6199400425e-02    6.6492799533e-07
    2.6299299672e-02    6.6426702006e-07
    2.6399500668e-02    6.6356000161e-07
    2.6499699801e-02    6.6284400191e-07
    2.6599600911e-02    6.6220400186e-07
    2.6699300855e-02    6.6170900936e-07
    2.6799799874e-02    6.6139801902e-07
    2.6899699122e-02    6.6128200160e-07
    2.6999600232e-02    6.6127000764e-07
    2.7099799365e-02    6.6127398668e-07
    2.7200000361e-02    6.6126597176e-07
    2.7299499139e-02    6.6120298925e-07
    2.7399700135e-02    6.6107298835e-07
    2.7499899268e-02    6.6088301764e-07
    2.7599500492e-02    6.6068997739e-07
    2.7699800208e-02    6.6053297587e-07
    2.7799399570e-02    6.6044498226e-07
    2.7899600565e-02    6.6043401148e-07
    2.7999799699e-02    6.6045100766e-07
    2.8099300340e-02    6.6055099524e-07
    2.8199499473e-02    6.6068997739e-07
    2.8299400583e-02    6.6080497163e-07
    2.8399700299e-02    6.6082498051e-07
    2.8499500826e-02    6.6075199356e-07
    2.8599699959e-02    6.6059902792e-07
    2.8699999675e-02    6.6040001911e-07
    2.8799800202e-02    6.6019197220e-07
    2.8899600729e-02    6.6000501420e-07
    2.8999200091e-02    6.5987700282e-07
    2.9099300504e-02    6.5978900921e-07
    2.9199600220e-02    6.5973500796e-07
    2.9299799353e-02    6.5965099338e-07
    2.9399100691e-02    6.5951599026e-07
    2.9499899596e-02    6.5931999416e-07
    2.9599599540e-02    6.5905197744e-07
    2.9699800536e-02    6.5869602395e-07
    2.9799800366e-02    6.5827401841e-07
    2.9899699613e-02    6.5781199510e-07
    2.9999900609e-02    6.5735900989e-07
