       301
    0.0000000000e+00    0.0000000000e+00
    9.9796299764e-05    0.0000000000e+00
    1.9923200307e-04    2.1406999784e-10
    2.9902800452e-04    4.6328199055e-09
    3.9882300189e-04    1.0615499590e-08
    4.9983500503e-04    1.6739800657e-08
    5.9963000240e-04    2.2709899739e-08
    6.9942302071e-04    2.8574799416e-08
    7.9921598081e-04    3.4323399234e-08
    8.9900899911e-04    3.9950499797e-08
    9.9880003836e-04    4.5438099505e-08
    1.0998100042e-03    5.0833200760e-08
    1.1996000540e-03    5.6084800804e-08
    1.2993899873e-03    6.1328201184e-08
    1.3991700253e-03    6.6589400660e-08
    1.4989400515e-03    7.1806702806e-08
    1.5999299940e-03    7.7010902544e-08
    1.6997000203e-03    8.1965701781e-08
    1.7994700465e-03    8.6748201511e-08
    1.8992299447e-03    9.1374602107e-08
    1.9990000874e-03    9.5814598922e-08
    2.0999799017e-03    1.0009600260e-07
    2.1997399163e-03    1.0419000063e-07
    2.2994899191e-03    1.0822199670e-07
    2.3992399219e-03    1.1223600183e-07
    2.4989699014e-03    1.1615200179e-07
    2.5999199133e-03    1.1984499793e-07
    2.6996498927e-03    1.2314100672e-07
    2.7993801050e-03    1.2626499313e-07
    2.8991100844e-03    1.2930699711e-07
    2.9988300521e-03    1.3215999672e-07
    3.0997600406e-03    1.3478199890e-07
    3.1994699966e-03    1.3720000425e-07
    3.2991799526e-03    1.3953099653e-07
    3.3988798968e-03    1.4170800000e-07
    3.4988799598e-03    1.4371100576e-07
    3.5997300874e-03    1.4565199535e-07
    3.6994200200e-03    1.4760199463e-07
    3.7991199642e-03    1.4958099825e-07
    3.8988098968e-03    1.5160699718e-07
    3.9997198619e-03    1.5373599638e-07
    4.0994100273e-03    1.5592699754e-07
    4.1998499073e-03    1.5813300536e-07
    4.2995400727e-03    1.6021699878e-07
    4.3992297724e-03    1.6210300657e-07
    4.4997301884e-03    1.6370900369e-07
    4.5994301327e-03    1.6494999500e-07
    4.6991198324e-03    1.6575700101e-07
    4.7991098836e-03    1.6597199703e-07
    4.8991697840e-03    1.6560400695e-07
    4.9989097752e-03    1.6474000120e-07
    5.0995298661e-03    1.6346800180e-07
    5.1992097870e-03    1.6186000096e-07
    5.2994498983e-03    1.5996900515e-07
    5.3996299393e-03    1.5781100160e-07
    5.4993601516e-03    1.5542799758e-07
    5.5995602161e-03    1.5284899746e-07
    5.6999400258e-03    1.5014400390e-07
    5.7998499833e-03    1.4734899878e-07
    5.8988300152e-03    1.4435799756e-07
    5.9998501092e-03    1.4125500059e-07
    6.0998299159e-03    1.3858600312e-07
    6.1999601312e-03    1.3625300710e-07
    6.2991799787e-03    1.3399299803e-07
    6.3993800431e-03    1.3095099405e-07
    6.4995200373e-03    1.2753099554e-07
    6.5998598002e-03    1.2545399386e-07
    6.6990898922e-03    1.2309999420e-07
    6.7999497987e-03    1.2311799935e-07
    6.8994001485e-03    1.2521300619e-07
    6.9994498044e-03    1.2660399307e-07
    7.0998999290e-03    1.2607300448e-07
    7.1988701820e-03    1.2455599574e-07
    7.2998302057e-03    1.2367499380e-07
    7.3992698453e-03    1.2470400179e-07
    7.4999900535e-03    1.2712999364e-07
    7.5999400578e-03    1.2977000097e-07
    7.6996101998e-03    1.3212999761e-07
    7.7994000167e-03    1.3472499916e-07
    7.8994100913e-03    1.3739699511e-07
    7.9989396036e-03    1.3957199485e-07
    8.0998800695e-03    1.4094500500e-07
    8.1994403154e-03    1.4155800443e-07
    8.2994299009e-03    1.4183399344e-07
    8.3999102935e-03    1.4121600600e-07
    8.4998002276e-03    1.3885299666e-07
    8.5998801515e-03    1.3566899781e-07
    8.6998296902e-03    1.3279999678e-07
    8.7989196181e-03    1.2994800613e-07
    8.8992901146e-03    1.2654500381e-07
    8.9999595657e-03    1.2270099603e-07
    9.0990196913e-03    1.1913400044e-07
    9.1994898394e-03    1.1572799963e-07
    9.2997802421e-03    1.1208400252e-07
    9.3998499215e-03    1.0811100282e-07
    9.4996597618e-03    1.0469800316e-07
    9.5994602889e-03    1.0291999786e-07
    9.6996696666e-03    1.0299299902e-07
    9.7995502874e-03    1.0436200171e-07
    9.8998798057e-03    1.0642200010e-07
    9.9994000047e-03    1.0864199851e-07
    1.0099600069e-02    1.1062199690e-07
    1.0199200362e-02    1.1222199703e-07
    1.0299299844e-02    1.1327600191e-07
    1.0399599560e-02    1.1375099973e-07
    1.0499699973e-02    1.1393200339e-07
    1.0599800386e-02    1.1403899691e-07
    1.0700000450e-02    1.1408700118e-07
    1.0799500160e-02    1.1411000145e-07
    1.0899400339e-02    1.1413199985e-07
    1.0999600403e-02    1.1457100157e-07
    1.1099499650e-02    1.1602399752e-07
    1.1199899949e-02    1.1862900351e-07
    1.1299300008e-02    1.2206800193e-07
    1.1399899609e-02    1.2600800403e-07
    1.1499200016e-02    1.2995499787e-07
    1.1599300429e-02    1.3365000484e-07
    1.1699199677e-02    1.3710200619e-07
    1.1799300089e-02    1.4059500586e-07
    1.1899099685e-02    1.4416899319e-07
    1.1999900453e-02    1.4777600654e-07
    1.2099999934e-02    1.5136500053e-07
    1.2199499644e-02    1.5505399631e-07
    1.2299699709e-02    1.5875599502e-07
    1.2399899773e-02    1.6207499698e-07
    1.2500000186e-02    1.6502599465e-07
    1.2599799782e-02    1.6801999436e-07
    1.2699400075e-02    1.7144799358e-07
    1.2799600139e-02    1.7548599374e-07
    1.2899300084e-02    1.7997699331e-07
    1.2999599800e-02    1.8471300223e-07
    1.3099400327e-02    1.8951500635e-07
    1.3199600391e-02    1.9437500498e-07
    1.3299800456e-02    1.9920200600e-07
    1.3399999589e-02    2.0403099654e-07
    1.3499500230e-02    2.0902500353e-07
    1.3599700294e-02    2.1429700325e-07
    1.3699599542e-02    2.1956699925e-07
    1.3799100183e-02    2.2456700322e-07
    1.3899699785e-02    2.2927500254e-07
    1.3999599963e-02    2.3359200441e-07
    1.4099899679e-02    2.3759800172e-07
    1.4199499972e-02    2.4135800913e-07
    1.4299900271e-02    2.4504799967e-07
    1.4399800450e-02    2.4860500503e-07
    1.4499899931e-02    2.5187699748e-07
    1.4600000344e-02    2.5467500109e-07
    1.4699099585e-02    2.5695101158e-07
    1.4799499884e-02    2.5883400667e-07
    1.4899699949e-02    2.6039398904e-07
    1.4999800362e-02    2.6169800549e-07
    1.5099899843e-02    2.6282299359e-07
    1.5200000256e-02    2.6387598950e-07
    1.5298999846e-02    2.6487299465e-07
    1.5399799682e-02    2.6574699064e-07
    1.5499699861e-02    2.6644698892e-07
    1.5599399805e-02    2.6705799883e-07
    1.5699600801e-02    2.6761199479e-07
    1.5799500048e-02    2.6797800956e-07
    1.5899799764e-02    2.6811099474e-07
    1.5999399126e-02    2.6808700682e-07
    1.6099600121e-02    2.6790200991e-07
    1.6199499369e-02    2.6753400562e-07
    1.6299700364e-02    2.6694200983e-07
    1.6399899498e-02    2.6614799253e-07
    1.6499800608e-02    2.6528098829e-07
    1.6599699855e-02    2.6445201229e-07
    1.6699599102e-02    2.6367999340e-07
    1.6799600795e-02    2.6295398925e-07
    1.6899300739e-02    2.6223099781e-07
    1.6999099404e-02    2.6142399179e-07
    1.7098799348e-02    2.6040399348e-07
    1.7200000584e-02    2.5911100465e-07
    1.7299300060e-02    2.5771001333e-07
    1.7400000244e-02    2.5635100087e-07
    1.7499800771e-02    2.5511300805e-07
    1.7599599436e-02    2.5388800395e-07
    1.7699299380e-02    2.5255201308e-07
    1.7798999324e-02    2.5108900559e-07
    1.7898799852e-02    2.4959601319e-07
    1.7999300733e-02    2.4820801059e-07
    1.8099799752e-02    2.4704098678e-07
    1.8199900165e-02    2.4616301175e-07
    1.8299600109e-02    2.4556700851e-07
    1.8399400637e-02    2.4517800057e-07
    1.8499199301e-02    2.4487900419e-07
    1.8598899245e-02    2.4460601367e-07
    1.8699899316e-02    2.4434399393e-07
    1.8799500540e-02    2.4407299293e-07
    1.8899299204e-02    2.4372400276e-07
    1.8998999149e-02    2.4324299375e-07
    1.9099500030e-02    2.4262399734e-07
    1.9199199975e-02    2.4187801273e-07
    1.9299000502e-02    2.4095101026e-07
    1.9400000572e-02    2.3981900199e-07
    1.9499700516e-02    2.3859101361e-07
    1.9599499181e-02    2.3737000276e-07
    1.9699299708e-02    2.3621099388e-07
    1.9798999652e-02    2.3504999547e-07
    1.9898800179e-02    2.3377900504e-07
    1.9999800250e-02    2.3224700385e-07
    2.0099600777e-02    2.3038400343e-07
    2.0199300721e-02    2.2813999578e-07
    2.0299099386e-02    2.2558100454e-07
    2.0398899913e-02    2.2282699774e-07
    2.0499899983e-02    2.1990099697e-07
    2.0599599928e-02    2.1682700435e-07
    2.0699400455e-02    2.1350399493e-07
    2.0799199119e-02    2.0994500005e-07
    2.0898999646e-02    2.0621699548e-07
    2.0999899134e-02    2.0232400288e-07
    2.1099699661e-02    1.9841900212e-07
    2.1199500188e-02    1.9455700340e-07
    2.1299300715e-02    1.9083499581e-07
    2.1399000660e-02    1.8727600093e-07
    2.1498799324e-02    1.8380899292e-07
    2.1599799395e-02    1.8032000071e-07
    2.1699599922e-02    1.7682900477e-07
    2.1799400449e-02    1.7323300483e-07
    2.1899100393e-02    1.6946499670e-07
    2.1998900920e-02    1.6546300685e-07
    2.2099899128e-02    1.6117199664e-07
    2.2199699655e-02    1.5672999609e-07
    2.2299399599e-02    1.5208199500e-07
    2.2399200127e-02    1.4720200170e-07
    2.2499000654e-02    1.4210199595e-07
    2.2600000724e-02    1.3676300625e-07
    2.2699799389e-02    1.3137500332e-07
    2.2799499333e-02    1.2592900589e-07
    2.2899299860e-02    1.2048799647e-07
    2.2999100387e-02    1.1509300180e-07
    2.3098800331e-02    1.0972500064e-07
    2.3199800402e-02    1.0427500285e-07
    2.3299600929e-02    9.8878402355e-08
    2.3399399593e-02    9.3549800795e-08
    2.3499200121e-02    8.8430496703e-08
    2.3598900065e-02    8.3634496661e-08
    2.3699900135e-02    7.9123900321e-08
    2.3799799383e-02    7.4943500294e-08
    2.3899100721e-02    7.0947102415e-08
    2.3998999968e-02    6.6962797973e-08
    2.4099500850e-02    6.2939498946e-08
    2.4199299514e-02    5.8960800686e-08
    2.4299500510e-02    5.5046701419e-08
    2.4399299175e-02    5.1243500110e-08
    2.4499099702e-02    4.7466500064e-08
    2.4598799646e-02    4.3633800573e-08
    2.4699799716e-02    3.9651698813e-08
    2.4799600244e-02    3.5626499084e-08
    2.4899400771e-02    3.1594201033e-08
    2.4999199435e-02    2.7662700575e-08
    2.5098999962e-02    2.3930500248e-08
    2.5200000033e-02    2.0438500670e-08
    2.5299699977e-02    1.7300699540e-08
    2.5399699807e-02    1.4457899766e-08
    2.5499500334e-02    1.1894599972e-08
    2.5599200279e-02    9.5804404410e-09
    2.5699000806e-02    7.4720700738e-09
    2.5798799470e-02    5.5148001721e-09
    2.5900000706e-02    3.6325600306e-09
    2.5999600068e-02    1.8477399610e-09
    2.6099100709e-02    1.0196000294e-10
    2.6199400425e-02    0.0000000000e+00
    2.6299299672e-02    0.0000000000e+00
    2.6399500668e-02    0.0000000000e+00
    2.6499699801e-02    0.0000000000e+00
    2.6599600911e-02    0.0000000000e+00
    2.6699300855e-02    0.0000000000e+00
    2.6799799874e-02    0.0000000000e+00
    2.6899699122e-02    0.0000000000e+00
    2.6999600232e-02    0.0000000000e+00
    2.7099799365e-02    0.0000000000e+00
    2.7200000361e-02    0.0000000000e+00
    2.7299499139e-02    0.0000000000e+00
    2.7399700135e-02    0.0000000000e+00
    2.7499899268e-02    0.0000000000e+00
    2.7599500492e-02    0.0000000000e+00
    2.7699800208e-02    0.0000000000e+00
    2.7799399570e-02    0.0000000000e+00
    2.7899600565e-02    0.0000000000e+00
    2.7999799699e-02    0.0000000000e+00
    2.8099300340e-02    0.0000000000e+00
    2.8199499473e-02    0.0000000000e+00
    2.8299400583e-02    0.0000000000e+00
    2.8399700299e-02    0.0000000000e+00
    2.8499500826e-02    0.0000000000e+00
    2.8599699959e-02    0.0000000000e+00
    2.8699999675e-02    0.0000000000e+00
    2.8799800202e-02    0.0000000000e+00
    2.8899600729e-02    0.0000000000e+00
    2.8999200091e-02    0.0000000000e+00
    2.9099300504e-02    0.0000000000e+00
    2.9199600220e-02    0.0000000000e+00
    2.9299799353e-02    0.0000000000e+00
    2.9399100691e-02    0.0000000000e+00
    2.9499899596e-02    0.0000000000e+00
    2.9599599540e-02    0.0000000000e+00
    2.9699800536e-02    0.0000000000e+00
    2.9799800366e-02    0.0000000000e+00
    2.9899699613e-02    0.0000000000e+00
    2.9999900609e-02    0.0000000000e+00
