       301
    0.0000000000e+00    0.0000000000e+00
    9.9796299764e-05    1.6406799530e-10
    1.9923200307e-04    1.6101999734e-08
    2.9902800452e-04    3.8146101389e-08
    3.9882300189e-04    6.0324403250e-08
    4.9983500503e-04    8.2577898297e-08
    5.9963000240e-04    1.0437999975e-07
    6.9942302071e-04    1.2597399746e-07
    7.9921598081e-04    1.4731199371e-07
    8.9900899911e-04    1.6842099626e-07
    9.9880003836e-04    1.8922399647e-07
    1.0998100042e-03    2.0998699313e-07
    1.1996000540e-03    2.3021399898e-07
    1.2993899873e-03    2.5009398996e-07
    1.3991700253e-03    2.6955200383e-07
    1.4989400515e-03    2.8859500389e-07
    1.5999299940e-03    3.0736998724e-07
    1.6997000203e-03    3.2550300944e-07
    1.7994700465e-03    3.4320999021e-07
    1.8992299447e-03    3.6058901287e-07
    1.9990000874e-03    3.7764098693e-07
    2.0999799017e-03    3.9463199641e-07
    2.1997399163e-03    4.1116700800e-07
    2.2994899191e-03    4.2751901219e-07
    2.3992399219e-03    4.4377799213e-07
    2.4989699014e-03    4.6005700938e-07
    2.5999199133e-03    4.7658400604e-07
    2.6996498927e-03    4.9303702099e-07
    2.7993801050e-03    5.0966002618e-07
    2.8991100844e-03    5.2646402082e-07
    2.9988300521e-03    5.4344798173e-07
    3.0997600406e-03    5.6075299426e-07
    3.1994699966e-03    5.7801702269e-07
    3.2991799526e-03    5.9545197928e-07
    3.3988798968e-03    6.1307099486e-07
    3.4988799598e-03    6.3088901925e-07
    3.5997300874e-03    6.4896602225e-07
    3.6994200200e-03    6.6683099931e-07
    3.7991199642e-03    6.8453800850e-07
    3.8988098968e-03    7.0196898605e-07
    3.9997198619e-03    7.1930600143e-07
    4.0994100273e-03    7.3610499385e-07
    4.1998499073e-03    7.5266200383e-07
    4.2995400727e-03    7.6865200072e-07
    4.3992297724e-03    7.8416201177e-07
    4.4997301884e-03    7.9936000930e-07
    4.5994301327e-03    8.1413202224e-07
    4.6991198324e-03    8.2872799112e-07
    4.7991098836e-03    8.4331497874e-07
    4.8991697840e-03    8.5799399585e-07
    4.9989097752e-03    8.7288100303e-07
    5.0995298661e-03    8.8825100875e-07
    5.1992097870e-03    9.0386902230e-07
    5.2994498983e-03    9.1994098739e-07
    5.3996299393e-03    9.3626800890e-07
    5.4993601516e-03    9.5260099897e-07
    5.5995602161e-03    9.6893802493e-07
    5.6999400258e-03    9.8481405075e-07
    5.7998499833e-03    9.9742601378e-07
    5.8988300152e-03    1.0651600342e+03
    5.9998501092e-03    1.0001599731e+03
    6.0998299159e-03    9.9998396763e-07
    6.1999601312e-03    9.9712599422e-07
    6.2991799787e-03    9.9402404885e-07
    6.3993800431e-03    9.9100202533e-07
    6.4995200373e-03    9.8798295767e-07
    6.5998598002e-03    9.8516602520e-07
    6.6990898922e-03    9.8222699307e-07
    6.7999497987e-03    9.7929205367e-07
    6.8994001485e-03    9.7596205251e-07
    6.9994498044e-03    9.7229496987e-07
    7.0998999290e-03    9.6894405033e-07
    7.1988701820e-03    9.6584699349e-07
    7.2998302057e-03    9.6259304883e-07
    7.3992698453e-03    9.5925202004e-07
    7.4999900535e-03    9.5599796168e-07
    7.5999400578e-03    9.5290198487e-07
    7.6996101998e-03    9.4961399100e-07
    7.7994000167e-03    9.4614597401e-07
    7.8994100913e-03    9.4278698271e-07
    7.9989396036e-03    9.3961199354e-07
    8.0998800695e-03    9.3637498821e-07
    8.1994403154e-03    9.3301900961e-07
    8.2994299009e-03    9.2961101927e-07
    8.3999102935e-03    9.2632501492e-07
    8.4998002276e-03    9.2310597211e-07
    8.5998801515e-03    9.1999601182e-07
    8.6998296902e-03    9.1706601779e-07
    8.7989196181e-03    9.1432002591e-07
    8.8992901146e-03    9.1175900252e-07
    8.9999595657e-03    9.0959400723e-07
    9.0990196913e-03    9.0763700200e-07
    9.1994898394e-03    9.0562798505e-07
    9.2997802421e-03    9.0359100113e-07
    9.3998499215e-03    9.0185102408e-07
    9.4996597618e-03    9.0042499323e-07
    9.5994602889e-03    8.9915602075e-07
    9.6996696666e-03    8.9807798531e-07
    9.7995502874e-03    8.9711500095e-07
    9.8998798057e-03    8.9629901368e-07
    9.9994000047e-03    8.9570499995e-07
    1.0099600069e-02    8.9531698677e-07
    1.0199200362e-02    8.9508500878e-07
    1.0299299844e-02    8.9499502565e-07
    1.0399599560e-02    8.9497098088e-07
    1.0499699973e-02    8.9492800726e-07
    1.0599800386e-02    8.9482801968e-07
    1.0700000450e-02    8.9468301212e-07
    1.0799500160e-02    8.9456000296e-07
    1.0899400339e-02    8.9446700713e-07
    1.0999600403e-02    8.9435701511e-07
    1.1099499650e-02    8.9409797965e-07
    1.1199899949e-02    8.9373099854e-07
    1.1299300008e-02    8.9334099584e-07
    1.1399899609e-02    8.9290699634e-07
    1.1499200016e-02    8.9255297553e-07
    1.1599300429e-02    8.9235800260e-07
    1.1699199677e-02    8.9231099309e-07
    1.1799300089e-02    8.9244997525e-07
    1.1899099685e-02    8.9281900273e-07
    1.1999900453e-02    8.9343001264e-07
    1.2099999934e-02    8.9411702220e-07
    1.2199499644e-02    8.9476702669e-07
    1.2299699709e-02    8.9538701786e-07
    1.2399899773e-02    8.9595499730e-07
    1.2500000186e-02    8.9646698598e-07
    1.2599799782e-02    8.9683999249e-07
    1.2699400075e-02    8.9701899242e-07
    1.2799600139e-02    8.9709300255e-07
    1.2899300084e-02    8.9721902441e-07
    1.2999599800e-02    8.9752001031e-07
    1.3099400327e-02    8.9803501169e-07
    1.3199600391e-02    8.9874498599e-07
    1.3299800456e-02    8.9954801297e-07
    1.3399999589e-02    9.0037201517e-07
    1.3499500230e-02    9.0118197704e-07
    1.3599700294e-02    9.0193702817e-07
    1.3699599542e-02    9.0258902219e-07
    1.3799100183e-02    9.0310498990e-07
    1.3899699785e-02    9.0348299864e-07
    1.3999599963e-02    9.0369002237e-07
    1.4099899679e-02    9.0376801154e-07
    1.4199499972e-02    9.0377699280e-07
    1.4299900271e-02    9.0374101092e-07
    1.4399800450e-02    9.0370997441e-07
    1.4499899931e-02    9.0375601758e-07
    1.4600000344e-02    9.0391597496e-07
    1.4699099585e-02    9.0418501486e-07
    1.4799499884e-02    9.0456501312e-07
    1.4899699949e-02    9.0503601768e-07
    1.4999800362e-02    9.0554499366e-07
    1.5099899843e-02    9.0604197567e-07
    1.5200000256e-02    9.0652702056e-07
    1.5298999846e-02    9.0699501243e-07
    1.5399799682e-02    9.0742798875e-07
    1.5499699861e-02    9.0776001116e-07
    1.5599399805e-02    9.0795401775e-07
    1.5699600801e-02    9.0800102726e-07
    1.5799500048e-02    9.0788398666e-07
    1.5899799764e-02    9.0760801186e-07
    1.5999399126e-02    9.0721397328e-07
    1.6099600121e-02    9.0673000841e-07
    1.6199499369e-02    9.0620801529e-07
    1.6299700364e-02    9.0565902156e-07
    1.6399899498e-02    9.0506500783e-07
    1.6499800608e-02    9.0438402367e-07
    1.6599699855e-02    9.0357798399e-07
    1.6699599102e-02    9.0263699803e-07
    1.6799600795e-02    9.0157499244e-07
    1.6899300739e-02    9.0046597734e-07
    1.6999099404e-02    8.9933598701e-07
    1.7098799348e-02    8.9818399829e-07
    1.7200000584e-02    8.9696300165e-07
    1.7299300060e-02    8.9571801709e-07
    1.7400000244e-02    8.9440101192e-07
    1.7499800771e-02    8.9304700168e-07
    1.7599599436e-02    8.9166400130e-07
    1.7699299380e-02    8.9028497996e-07
    1.7798999324e-02    8.8892198846e-07
    1.7898799852e-02    8.8752301508e-07
    1.7999300733e-02    8.8601899506e-07
    1.8099799752e-02    8.8438298462e-07
    1.8199900165e-02    8.8259497488e-07
    1.8299600109e-02    8.8062000714e-07
    1.8399400637e-02    8.7845000962e-07
    1.8499199301e-02    8.7611397248e-07
    1.8598899245e-02    8.7365600621e-07
    1.8699899316e-02    8.7105399871e-07
    1.8799500540e-02    8.6835501634e-07
    1.8899299204e-02    8.6552500989e-07
    1.8998999149e-02    8.6262701871e-07
    1.9099500030e-02    8.5968599706e-07
    1.9199199975e-02    8.5678999540e-07
    1.9299000502e-02    8.5393998006e-07
    1.9400000572e-02    8.5110599457e-07
    1.9499700516e-02    8.4832998937e-07
    1.9599499181e-02    8.4554500290e-07
    1.9699299708e-02    8.4273398215e-07
    1.9798999652e-02    8.3988101096e-07
    1.9898800179e-02    8.3696198772e-07
    1.9999800250e-02    8.3393297245e-07
    2.0099600777e-02    8.3091498482e-07
    2.0199300721e-02    8.2792598732e-07
    2.0299099386e-02    8.2497399490e-07
    2.0398899913e-02    8.2202700469e-07
    2.0499899983e-02    8.1899997895e-07
    2.0599599928e-02    8.1593702816e-07
    2.0699400455e-02    8.1280597897e-07
    2.0799199119e-02    8.0962399807e-07
    2.0898999646e-02    8.0643201272e-07
    2.0999899134e-02    8.0321501628e-07
    2.1099699661e-02    8.0003098901e-07
    2.1199500188e-02    7.9682598653e-07
    2.1299300715e-02    7.9361097960e-07
    2.1399000660e-02    7.9043098822e-07
    2.1498799324e-02    7.8733000919e-07
    2.1599799395e-02    7.8429002315e-07
    2.1699599922e-02    7.8137901482e-07
    2.1799400449e-02    7.7854201663e-07
    2.1899100393e-02    7.7574600255e-07
    2.1998900920e-02    7.7296800782e-07
    2.2099899128e-02    7.7016397881e-07
    2.2199699655e-02    7.6741798694e-07
    2.2299399599e-02    7.6470701060e-07
    2.2399200127e-02    7.6204401012e-07
    2.2499000654e-02    7.5943898992e-07
    2.2600000724e-02    7.5685801448e-07
    2.2699799389e-02    7.5436599900e-07
    2.2799499333e-02    7.5192099303e-07
    2.2899299860e-02    7.4951600482e-07
    2.2999100387e-02    7.4715899245e-07
    2.3098800331e-02    7.4486200674e-07
    2.3199800402e-02    7.4261902228e-07
    2.3299600929e-02    7.4049597742e-07
    2.3399399593e-02    7.3847098747e-07
    2.3499200121e-02    7.3652597621e-07
    2.3598900065e-02    7.3462797445e-07
    2.3699900135e-02    7.3271399970e-07
    2.3799799383e-02    7.3080298080e-07
    2.3899100721e-02    7.2889497460e-07
    2.3998999968e-02    7.2699600651e-07
    2.4099500850e-02    7.2512801808e-07
    2.4199299514e-02    7.2333597245e-07
    2.4299500510e-02    7.2161401476e-07
    2.4399299175e-02    7.1998300655e-07
    2.4499099702e-02    7.1845101957e-07
    2.4598799646e-02    7.1703499316e-07
    2.4699799716e-02    7.1573902005e-07
    2.4799600244e-02    7.1459697892e-07
    2.4899400771e-02    7.1356299713e-07
    2.4999199435e-02    7.1258301659e-07
    2.5098999962e-02    7.1159502113e-07
    2.5200000033e-02    7.1053801776e-07
    2.5299699977e-02    7.0942797947e-07
    2.5399699807e-02    7.0828099297e-07
    2.5499500334e-02    7.0715702805e-07
    2.5599200279e-02    7.0610298053e-07
    2.5699000806e-02    7.0513601713e-07
    2.5798799470e-02    7.0425602416e-07
    2.5900000706e-02    7.0345902259e-07
    2.5999600068e-02    7.0278298381e-07
    2.6099100709e-02    7.0221602755e-07
    2.6199400425e-02    7.0174399980e-07
    2.6299299672e-02    7.0135700980e-07
    2.6399500668e-02    7.0102197469e-07
    2.6499699801e-02    7.0070899483e-07
    2.6599600911e-02    7.0039499178e-07
    2.6699300855e-02    7.0006797159e-07
    2.6799799874e-02    6.9971997618e-07
    2.6899699122e-02    6.9935498459e-07
    2.6999600232e-02    6.9899101618e-07
    2.7099799365e-02    6.9865097885e-07
    2.7200000361e-02    6.9838398531e-07
    2.7299499139e-02    6.9821902571e-07
    2.7399700135e-02    6.9813802384e-07
    2.7499899268e-02    6.9810397463e-07
    2.7599500492e-02    6.9810499781e-07
    2.7699800208e-02    6.9814302606e-07
    2.7799399570e-02    6.9820100634e-07
    2.7899600565e-02    6.9826700155e-07
    2.7999799699e-02    6.9831901328e-07
    2.8099300340e-02    6.9834800343e-07
    2.8199499473e-02    6.9834197802e-07
    2.8299400583e-02    6.9827700599e-07
    2.8399700299e-02    6.9814001336e-07
    2.8499500826e-02    6.9793799184e-07
    2.8599699959e-02    6.9768202593e-07
    2.8699999675e-02    6.9740099207e-07
    2.8799800202e-02    6.9710597472e-07
    2.8899600729e-02    6.9678901582e-07
    2.8999200091e-02    6.9643499501e-07
    2.9099300504e-02    6.9605198405e-07
    2.9199600220e-02    6.9567499850e-07
    2.9299799353e-02    6.9532399039e-07
    2.9399100691e-02    6.9500799782e-07
    2.9499899596e-02    6.9471502684e-07
    2.9599599540e-02    6.9443399298e-07
    2.9699800536e-02    6.9414102200e-07
    2.9799800366e-02    6.9382298307e-07
    2.9899699613e-02    6.9346498321e-07
    2.9999900609e-02    6.9306798878e-07
