       301
    0.0000000000e+00    0.0000000000e+00
    9.9796299764e-05    0.0000000000e+00
    1.9923200307e-04    2.4616100269e-09
    2.9902800452e-04    1.0966400232e-08
    3.9882300189e-04    2.0254400823e-08
    4.9983500503e-04    2.9647599931e-08
    5.9963000240e-04    3.8867401742e-08
    6.9942302071e-04    4.7907498413e-08
    7.9921598081e-04    5.6833499684e-08
    8.9900899911e-04    6.5722701947e-08
    9.9880003836e-04    7.4578402121e-08
    1.0998100042e-03    8.3401602069e-08
    1.1996000540e-03    9.2042398592e-08
    1.2993899873e-03    1.0067400069e-07
    1.3991700253e-03    1.0933899830e-07
    1.4989400515e-03    1.1806100275e-07
    1.5999299940e-03    1.2675799610e-07
    1.6997000203e-03    1.3525099973e-07
    1.7994700465e-03    1.4377799573e-07
    1.8992299447e-03    1.5237600337e-07
    1.9990000874e-03    1.6081600052e-07
    2.0999799017e-03    1.6926800583e-07
    2.1997399163e-03    1.7760599746e-07
    2.2994899191e-03    1.8602699470e-07
    2.3992399219e-03    1.9450000366e-07
    2.4989699014e-03    2.0302799442e-07
    2.5999199133e-03    2.1181699594e-07
    2.6996498927e-03    2.2071100148e-07
    2.7993801050e-03    2.2978299796e-07
    2.8991100844e-03    2.3906301294e-07
    2.9988300521e-03    2.4860099757e-07
    3.0997600406e-03    2.5849999474e-07
    3.1994699966e-03    2.6854499424e-07
    3.2991799526e-03    2.7869899100e-07
    3.3988798968e-03    2.8901899896e-07
    3.4988799598e-03    2.9973799087e-07
    3.5997300874e-03    3.1088001151e-07
    3.6994200200e-03    3.2220899016e-07
    3.7991199642e-03    3.3387999565e-07
    3.8988098968e-03    3.4598099319e-07
    3.9997198619e-03    3.5865400605e-07
    4.0994100273e-03    3.7150400090e-07
    4.1998499073e-03    3.8471600305e-07
    4.2995400727e-03    3.9795199314e-07
    4.3992297724e-03    4.1111800897e-07
    4.4997301884e-03    4.2418199087e-07
    4.5994301327e-03    4.3681998818e-07
    4.6991198324e-03    4.4896799523e-07
    4.7991098836e-03    4.6054199743e-07
    4.8991697840e-03    4.7137200454e-07
    4.9989097752e-03    4.8141799880e-07
    5.0995298661e-03    4.9097599231e-07
    5.1992097870e-03    5.0002398666e-07
    5.2994498983e-03    5.0878099955e-07
    5.3996299393e-03    5.1735901252e-07
    5.4993601516e-03    5.2580901411e-07
    5.5995602161e-03    5.3425901569e-07
    5.6999400258e-03    5.4267098903e-07
    5.7998499833e-03    5.5088901263e-07
    5.8988300152e-03    5.5914802033e-07
    5.9998501092e-03    5.6797500747e-07
    6.0998299159e-03    5.7550198562e-07
    6.1999601312e-03    5.8157002059e-07
    6.2991799787e-03    5.8668598513e-07
    6.3993800431e-03    5.9148999298e-07
    6.4995200373e-03    5.9818597720e-07
    6.5998598002e-03    6.0521301748e-07
    6.6990898922e-03    6.1115400740e-07
    6.7999497987e-03    6.1657601691e-07
    6.8994001485e-03    6.2222301267e-07
    6.9994498044e-03    6.2880900487e-07
    7.0998999290e-03    6.3489301283e-07
    7.1988701820e-03    6.4241601194e-07
    7.2998302057e-03    6.5194700483e-07
    7.3992698453e-03    6.6168297508e-07
    7.4999900535e-03    6.7072801357e-07
    7.5999400578e-03    6.7888800004e-07
    7.6996101998e-03    6.8739598191e-07
    7.7994000167e-03    6.9705998840e-07
    7.8994100913e-03    7.0755601200e-07
    7.9989396036e-03    7.1741999363e-07
    8.0998800695e-03    7.2629302394e-07
    8.1994403154e-03    7.3393101729e-07
    8.2994299009e-03    7.3999302685e-07
    8.3999102935e-03    7.4441197739e-07
    8.4998002276e-03    7.4741001299e-07
    8.5998801515e-03    7.4953999274e-07
    8.6998296902e-03    7.5143702816e-07
    8.7989196181e-03    7.5326602200e-07
    8.8992901146e-03    7.5543397315e-07
    8.9999595657e-03    7.5867700389e-07
    9.0990196913e-03    7.6315899378e-07
    9.1994898394e-03    7.6859498677e-07
    9.2997802421e-03    7.7437800883e-07
    9.3998499215e-03    7.8033900763e-07
    9.4996597618e-03    7.8647502733e-07
    9.5994602889e-03    7.9262099462e-07
    9.6996696666e-03    7.9851099599e-07
    9.7995502874e-03    8.0370000433e-07
    9.8998798057e-03    8.0790101720e-07
    9.9994000047e-03    8.1138801988e-07
    1.0099600069e-02    8.1498001236e-07
    1.0199200362e-02    8.1873702129e-07
    1.0299299844e-02    8.2226000586e-07
    1.0399599560e-02    8.2498598886e-07
    1.0499699973e-02    8.2680998048e-07
    1.0599800386e-02    8.2797299683e-07
    1.0700000450e-02    8.2867398987e-07
    1.0799500160e-02    8.2914800714e-07
    1.0899400339e-02    8.2974599991e-07
    1.0999600403e-02    8.3050900912e-07
    1.1099499650e-02    8.3126201389e-07
    1.1199899949e-02    8.3185500444e-07
    1.1299300008e-02    8.3214598590e-07
    1.1399899609e-02    8.3225700109e-07
    1.1499200016e-02    8.3242798610e-07
    1.1599300429e-02    8.3257498318e-07
    1.1699199677e-02    8.3259601524e-07
    1.1799300089e-02    8.3222602143e-07
    1.1899099685e-02    8.3125001993e-07
    1.1999900453e-02    8.2972502469e-07
    1.2099999934e-02    8.2794497303e-07
    1.2199499644e-02    8.2608897856e-07
    1.2299699709e-02    8.2417500380e-07
    1.2399899773e-02    8.2211499830e-07
    1.2500000186e-02    8.1994397760e-07
    1.2599799782e-02    8.1770298266e-07
    1.2699400075e-02    8.1530600937e-07
    1.2799600139e-02    8.1260702700e-07
    1.2899300084e-02    8.0961501681e-07
    1.2999599800e-02    8.0640899114e-07
    1.3099400327e-02    8.0313600392e-07
    1.3199600391e-02    8.0000097569e-07
    1.3299800456e-02    7.9711600165e-07
    1.3399999589e-02    7.9438200373e-07
    1.3499500230e-02    7.9159298139e-07
    1.3599700294e-02    7.8866298736e-07
    1.3699599542e-02    7.8580899299e-07
    1.3799100183e-02    7.8321102137e-07
    1.3899699785e-02    7.8081001220e-07
    1.3999599963e-02    7.7864001469e-07
    1.4099899679e-02    7.7665799836e-07
    1.4199499972e-02    7.7482798133e-07
    1.4299900271e-02    7.7297801226e-07
    1.4399800450e-02    7.7100702356e-07
    1.4499899931e-02    7.6886300349e-07
    1.4600000344e-02    7.6652702319e-07
    1.4699099585e-02    7.6395002679e-07
    1.4799499884e-02    7.6099098578e-07
    1.4899699949e-02    7.5778700648e-07
    1.4999800362e-02    7.5450998338e-07
    1.5099899843e-02    7.5128997423e-07
    1.5200000256e-02    7.4826698437e-07
    1.5298999846e-02    7.4556697882e-07
    1.5399799682e-02    7.4320001886e-07
    1.5499699861e-02    7.4122300475e-07
    1.5599399805e-02    7.3958500479e-07
    1.5699600801e-02    7.3829698977e-07
    1.5799500048e-02    7.3735100159e-07
    1.5899799764e-02    7.3669497169e-07
    1.5999399126e-02    7.3624801189e-07
    1.6099600121e-02    7.3582600635e-07
    1.6199499369e-02    7.3527297673e-07
    1.6299700364e-02    7.3454901894e-07
    1.6399899498e-02    7.3367402820e-07
    1.6499800608e-02    7.3265397305e-07
    1.6599699855e-02    7.3146202340e-07
    1.6699599102e-02    7.3013501378e-07
    1.6799600795e-02    7.2872302326e-07
    1.6899300739e-02    7.2729102385e-07
    1.6999099404e-02    7.2589801903e-07
    1.7098799348e-02    7.2457100941e-07
    1.7200000584e-02    7.2320199251e-07
    1.7299300060e-02    7.2168700171e-07
    1.7400000244e-02    7.1988699801e-07
    1.7499800771e-02    7.1781397537e-07
    1.7599599436e-02    7.1553500902e-07
    1.7699299380e-02    7.1315901096e-07
    1.7798999324e-02    7.1075999131e-07
    1.7898799852e-02    7.0838001420e-07
    1.7999300733e-02    7.0606898817e-07
    1.8099799752e-02    7.0385897288e-07
    1.8199900165e-02    7.0173700806e-07
    1.8299600109e-02    6.9967501304e-07
    1.8399400637e-02    6.9770800337e-07
    1.8499199301e-02    6.9586502605e-07
    1.8598899245e-02    6.9409099979e-07
    1.8699899316e-02    6.9233402655e-07
    1.8799500540e-02    6.9059097996e-07
    1.8899299204e-02    6.8879802484e-07
    1.8998999149e-02    6.8697397637e-07
    1.9099500030e-02    6.8511002382e-07
    1.9199199975e-02    6.8325499569e-07
    1.9299000502e-02    6.8140900567e-07
    1.9400000572e-02    6.7952800009e-07
    1.9499700516e-02    6.7762397293e-07
    1.9599499181e-02    6.7562598360e-07
    1.9699299708e-02    6.7353602162e-07
    1.9798999652e-02    6.7137199267e-07
    1.9898800179e-02    6.6909399266e-07
    1.9999800250e-02    6.6666200382e-07
    2.0099600777e-02    6.6414798994e-07
    2.0199300721e-02    6.6151301326e-07
    2.0299099386e-02    6.5878600708e-07
    2.0398899913e-02    6.5602898758e-07
    2.0499899983e-02    6.5328902110e-07
    2.0599599928e-02    6.5070400979e-07
    2.0699400455e-02    6.4831897362e-07
    2.0799199119e-02    6.4623600338e-07
    2.0898999646e-02    6.4450898662e-07
    2.0999899134e-02    6.4311899450e-07
    2.1099699661e-02    6.4206199113e-07
    2.1199500188e-02    6.4125902099e-07
    2.1299300715e-02    6.4063300442e-07
    2.1399000660e-02    6.4011499035e-07
    2.1498799324e-02    6.3963500452e-07
    2.1599799395e-02    6.3912597170e-07
    2.1699599922e-02    6.3861898525e-07
    2.1799400449e-02    6.3814798068e-07
    2.1899100393e-02    6.3774598402e-07
    2.1998900920e-02    6.3741902068e-07
    2.2099899128e-02    6.3712997189e-07
    2.2199699655e-02    6.3681898155e-07
    2.2299399599e-02    6.3641897441e-07
    2.2399200127e-02    6.3590300670e-07
    2.2499000654e-02    6.3530097805e-07
    2.2600000724e-02    6.3464801769e-07
    2.2699799389e-02    6.3395998495e-07
    2.2799499333e-02    6.3320101162e-07
    2.2899299860e-02    6.3232397451e-07
    2.2999100387e-02    6.3132398509e-07
    2.3098800331e-02    6.3026101316e-07
    2.3199800402e-02    6.2922600819e-07
    2.3299600929e-02    6.2835198378e-07
    2.3399399593e-02    6.2767600184e-07
    2.3499200121e-02    6.2717498395e-07
    2.3598900065e-02    6.2683102442e-07
    2.3699900135e-02    6.2665998257e-07
    2.3799799383e-02    6.2666498479e-07
    2.3899100721e-02    6.2681198187e-07
    2.3998999968e-02    6.2701099068e-07
    2.4099500850e-02    6.2716298999e-07
    2.4199299514e-02    6.2715400873e-07
    2.4299500510e-02    6.2685398916e-07
    2.4399299175e-02    6.2616499008e-07
    2.4499099702e-02    6.2505199594e-07
    2.4598799646e-02    6.2354502006e-07
    2.4699799716e-02    6.2166702719e-07
    2.4799600244e-02    6.1953102204e-07
    2.4899400771e-02    6.1722101918e-07
    2.4999199435e-02    6.1485002334e-07
    2.5098999962e-02    6.1250500494e-07
    2.5200000033e-02    6.1023200715e-07
    2.5299699977e-02    6.0813698610e-07
    2.5399699807e-02    6.0619498754e-07
    2.5499500334e-02    6.0438100036e-07
    2.5599200279e-02    6.0264898138e-07
    2.5699000806e-02    6.0096101606e-07
    2.5798799470e-02    5.9928800056e-07
    2.5900000706e-02    5.9756899873e-07
    2.5999600068e-02    5.9580401057e-07
    2.6099100709e-02    5.9393499896e-07
    2.6199400425e-02    5.9194297819e-07
    2.6299299672e-02    5.8987001239e-07
    2.6399500668e-02    5.8772400280e-07
    2.6499699801e-02    5.8553200688e-07
    2.6599600911e-02    5.8330101638e-07
    2.6699300855e-02    5.8098299860e-07
    2.6799799874e-02    5.7849001678e-07
    2.6899699122e-02    5.7584298929e-07
    2.6999600232e-02    5.7304998791e-07
    2.7099799365e-02    5.7015500943e-07
    2.7200000361e-02    5.6722501540e-07
    2.7299499139e-02    5.6431798612e-07
    2.7399700135e-02    5.6142800986e-07
    2.7499899268e-02    5.5859101167e-07
    2.7599500492e-02    5.5583399217e-07
    2.7699800208e-02    5.5311897995e-07
    2.7799399570e-02    5.5051697245e-07
    2.7899600565e-02    5.4801898841e-07
    2.7999799699e-02    5.4562701735e-07
    2.8099300340e-02    5.4337397160e-07
    2.8199499473e-02    5.4122199344e-07
    2.8299400583e-02    5.3916801335e-07
    2.8399700299e-02    5.3717002402e-07
    2.8499500826e-02    5.3523098131e-07
    2.8599699959e-02    5.3330398941e-07
    2.8699999675e-02    5.3135801181e-07
    2.8799800202e-02    5.2939901707e-07
    2.8899600729e-02    5.2737402712e-07
    2.8999200091e-02    5.2520897498e-07
    2.9099300504e-02    5.2278898011e-07
    2.9199600220e-02    5.2007800377e-07
    2.9299799353e-02    5.1708502724e-07
    2.9399100691e-02    5.1390998124e-07
    2.9499899596e-02    5.1055502581e-07
    2.9599599540e-02    5.0719501132e-07
    2.9699800536e-02    5.0386199746e-07
    2.9799800366e-02    5.0064801371e-07
    2.9899699613e-02    4.9756698672e-07
    2.9999900609e-02    4.9461999652e-07
