       301
    0.0000000000e+00    0.0000000000e+00
    9.9796299764e-05    0.0000000000e+00
    1.9923200307e-04    6.7598802111e-09
    2.9902800452e-04    2.0086499575e-08
    3.9882300189e-04    3.3896000673e-08
    4.9983500503e-04    4.7845798434e-08
    5.9963000240e-04    6.1559596531e-08
    6.9942302071e-04    7.5111302067e-08
    7.9921598081e-04    8.8576300072e-08
    8.9900899911e-04    1.0202099787e-07
    9.9880003836e-04    1.1556399926e-07
    1.0998100042e-03    1.2919799985e-07
    1.1996000540e-03    1.4263299875e-07
    1.2993899873e-03    1.5619299631e-07
    1.3991700253e-03    1.6977000428e-07
    1.4989400515e-03    1.8336599794e-07
    1.5999299940e-03    1.9716699740e-07
    1.6997000203e-03    2.1101399739e-07
    1.7994700465e-03    2.2498799979e-07
    1.8992299447e-03    2.3895898948e-07
    1.9990000874e-03    2.5313599394e-07
    2.0999799017e-03    2.6782299756e-07
    2.1997399163e-03    2.8257301210e-07
    2.2994899191e-03    2.9759200970e-07
    2.3992399219e-03    3.1283900626e-07
    2.4989699014e-03    3.2830200780e-07
    2.5999199133e-03    3.4432301277e-07
    2.6996498927e-03    3.6054998986e-07
    2.7993801050e-03    3.7717799728e-07
    2.8991100844e-03    3.9410301156e-07
    2.9988300521e-03    4.1107298898e-07
    3.0997600406e-03    4.2829000790e-07
    3.1994699966e-03    4.4529801357e-07
    3.2991799526e-03    4.6226500672e-07
    3.3988798968e-03    4.7917399115e-07
    3.4988799598e-03    4.9599100294e-07
    3.5997300874e-03    5.1281301694e-07
    3.6994200200e-03    5.2934399264e-07
    3.7991199642e-03    5.4561502338e-07
    3.8988098968e-03    5.6150497585e-07
    3.9997198619e-03    5.7724099634e-07
    4.0994100273e-03    5.9236697325e-07
    4.1998499073e-03    6.0707401417e-07
    4.2995400727e-03    6.2111001853e-07
    4.3992297724e-03    6.3469400402e-07
    4.4997301884e-03    6.4808500611e-07
    4.5994301327e-03    6.6120497877e-07
    4.6991198324e-03    6.7420199912e-07
    4.7991098836e-03    6.8732799718e-07
    4.8991697840e-03    7.0070899483e-07
    4.9989097752e-03    7.1434499205e-07
    5.0995298661e-03    7.2834302500e-07
    5.1992097870e-03    7.4240898584e-07
    5.2994498983e-03    7.5665900567e-07
    5.3996299393e-03    7.7080801475e-07
    5.4993601516e-03    7.8458498365e-07
    5.5995602161e-03    7.9806000031e-07
    5.6999400258e-03    8.1121299900e-07
    5.7998499833e-03    8.2420399394e-07
    5.8988300152e-03    8.3661802819e-07
    5.9998501092e-03    8.4764002395e-07
    6.0998299159e-03    8.5630597368e-07
    6.1999601312e-03    8.6399899146e-07
    6.2991799787e-03    8.7328197651e-07
    6.3993800431e-03    8.8469300863e-07
    6.4995200373e-03    8.9723300789e-07
    6.5998598002e-03    9.0979398237e-07
    6.6990898922e-03    9.2146098041e-07
    6.7999497987e-03    9.3135298584e-07
    6.8994001485e-03    9.3952701263e-07
    6.9994498044e-03    9.4694701147e-07
    7.0998999290e-03    9.5440202585e-07
    7.1988701820e-03    9.6213398137e-07
    7.2998302057e-03    9.6829694485e-07
    7.3992698453e-03    9.7394899967e-07
    7.4999900535e-03    9.7936197108e-07
    7.5999400578e-03    9.8385794445e-07
    7.6996101998e-03    9.8714497199e-07
    7.7994000167e-03    9.8935299775e-07
    7.8994100913e-03    9.9119802144e-07
    7.9989396036e-03    9.9266299003e-07
    8.0998800695e-03    9.9336898529e-07
    8.1994403154e-03    9.9334101833e-07
    8.2994299009e-03    9.9308203971e-07
    8.3999102935e-03    9.9364899597e-07
    8.4998002276e-03    9.9486703675e-07
    8.5998801515e-03    9.9644000784e-07
    8.6998296902e-03    9.9832197975e-07
    8.7989196181e-03    1.0597899628e+02
    8.8992901146e-03    3.0405398560e+02
    8.9999595657e-03    3.6825000000e+02
    9.0990196913e-03    4.1347601318e+02
    9.1994898394e-03    4.4621200562e+02
    9.2997802421e-03    4.3141699219e+02
    9.3998499215e-03    3.3317001343e+02
    9.4996597618e-03    2.1836700439e+02
    9.5994602889e-03    2.0012199402e+02
    9.6996696666e-03    2.3473100281e+02
    9.7995502874e-03    2.7206900024e+02
    9.8998798057e-03    3.0315301514e+02
    9.9994000047e-03    2.9148098755e+02
    1.0099600069e-02    2.8461199951e+02
    1.0199200362e-02    2.8060501099e+02
    1.0299299844e-02    2.5645700073e+02
    1.0399599560e-02    2.1291999817e+02
    1.0499699973e-02    1.9238099670e+02
    1.0599800386e-02    2.4597300720e+02
    1.0700000450e-02    2.9599700928e+02
    1.0799500160e-02    2.9940600586e+02
    1.0899400339e-02    2.7913198853e+02
    1.0999600403e-02    2.6291101074e+02
    1.1099499650e-02    2.4785099792e+02
    1.1199899949e-02    1.9920199585e+02
    1.1299300008e-02    1.5099600220e+02
    1.1399899609e-02    1.3462399292e+02
    1.1499200016e-02    1.4599099731e+02
    1.1599300429e-02    1.6481799316e+02
    1.1699199677e-02    2.1354899597e+02
    1.1799300089e-02    2.6087600708e+02
    1.1899099685e-02    2.6288800049e+02
    1.1999900453e-02    2.2300799561e+02
    1.2099999934e-02    2.2436799622e+02
    1.2199499644e-02    2.4395199585e+02
    1.2299699709e-02    2.6537500000e+02
    1.2399899773e-02    2.7054000854e+02
    1.2500000186e-02    2.5728698730e+02
    1.2599799782e-02    2.5269500732e+02
    1.2699400075e-02    2.5155599976e+02
    1.2799600139e-02    2.5157099915e+02
    1.2899300084e-02    2.4891099548e+02
    1.2999599800e-02    1.9838600159e+02
    1.3099400327e-02    1.2164199829e+02
    1.3199600391e-02    6.9559196472e+01
    1.3299800456e-02    4.9787601471e+01
    1.3399999589e-02    4.7858398438e+01
    1.3499500230e-02    1.6006700516e+01
    1.3599700294e-02    9.9947601484e-07
    1.3699599542e-02    9.9879900972e-07
    1.3799100183e-02    9.9792703168e-07
    1.3899699785e-02    9.9698399936e-07
    1.3999599963e-02    9.9590602076e-07
    1.4099899679e-02    9.9463500192e-07
    1.4199499972e-02    9.9314797808e-07
    1.4299900271e-02    9.9152100574e-07
    1.4399800450e-02    9.8980797247e-07
    1.4499899931e-02    9.8798705039e-07
    1.4600000344e-02    9.8608200005e-07
    1.4699099585e-02    9.8411896943e-07
    1.4799499884e-02    9.8207999599e-07
    1.4899699949e-02    9.8010195870e-07
    1.4999800362e-02    9.7823499345e-07
    1.5099899843e-02    9.7642896435e-07
    1.5200000256e-02    9.7453505532e-07
    1.5298999846e-02    9.7240604191e-07
    1.5399799682e-02    9.6997905530e-07
    1.5499699861e-02    9.6729195320e-07
    1.5599399805e-02    9.6430096619e-07
    1.5699600801e-02    9.6102496627e-07
    1.5799500048e-02    9.5762300134e-07
    1.5899799764e-02    9.5420000434e-07
    1.5999399126e-02    9.5088302032e-07
    1.6099600121e-02    9.4769399084e-07
    1.6199499369e-02    9.4474097523e-07
    1.6299700364e-02    9.4195701195e-07
    1.6399899498e-02    9.3918902166e-07
    1.6499800608e-02    9.3636697329e-07
    1.6599699855e-02    9.3349302688e-07
    1.6699599102e-02    9.3061998996e-07
    1.6799600795e-02    9.2777901273e-07
    1.6899300739e-02    9.2500101800e-07
    1.6999099404e-02    9.2235700322e-07
    1.7098799348e-02    9.1989397788e-07
    1.7200000584e-02    9.1750501952e-07
    1.7299300060e-02    9.1516898237e-07
    1.7400000244e-02    9.1274199576e-07
    1.7499800771e-02    9.1027698090e-07
    1.7599599436e-02    9.0777098194e-07
    1.7699299380e-02    9.0521598395e-07
    1.7798999324e-02    9.0269600150e-07
    1.7898799852e-02    9.0033199740e-07
    1.7999300733e-02    8.9819798177e-07
    1.8099799752e-02    8.9633397238e-07
    1.8199900165e-02    8.9474599463e-07
    1.8299600109e-02    8.9339499709e-07
    1.8399400637e-02    8.9220100108e-07
    1.8499199301e-02    8.9107197709e-07
    1.8598899245e-02    8.8990100267e-07
    1.8699899316e-02    8.8855500735e-07
    1.8799500540e-02    8.8696901912e-07
    1.8899299204e-02    8.8513399987e-07
    1.8998999149e-02    8.8312100388e-07
    1.9099500030e-02    8.8098897777e-07
    1.9199199975e-02    8.7887997324e-07
    1.9299000502e-02    8.7690699502e-07
    1.9400000572e-02    8.7513598146e-07
    1.9499700516e-02    8.7364401224e-07
    1.9599499181e-02    8.7239300228e-07
    1.9699299708e-02    8.7130297288e-07
    1.9798999652e-02    8.7031799012e-07
    1.9898800179e-02    8.6942401367e-07
    1.9999800250e-02    8.6860399051e-07
    2.0099600777e-02    8.6783700226e-07
    2.0199300721e-02    8.6702499402e-07
    2.0299099386e-02    8.6606098648e-07
    2.0398899913e-02    8.6483299810e-07
    2.0499899983e-02    8.6326201654e-07
    2.0599599928e-02    8.6142500777e-07
    2.0699400455e-02    8.5939802830e-07
    2.0799199119e-02    8.5729698185e-07
    2.0898999646e-02    8.5526397697e-07
    2.0999899134e-02    8.5340900569e-07
    2.1099699661e-02    8.5186201204e-07
    2.1199500188e-02    8.5063402366e-07
    2.1299300715e-02    8.4967098246e-07
    2.1399000660e-02    8.4881997964e-07
    2.1498799324e-02    8.4789701305e-07
    2.1599799395e-02    8.4674002210e-07
    2.1699599922e-02    8.4531097855e-07
    2.1799400449e-02    8.4359601260e-07
    2.1899100393e-02    8.4164099690e-07
    2.1998900920e-02    8.3951698571e-07
    2.2099899128e-02    8.3727701394e-07
    2.2199699655e-02    8.3506597548e-07
    2.2299399599e-02    8.3296697539e-07
    2.2399200127e-02    8.3107397586e-07
    2.2499000654e-02    8.2942301560e-07
    2.2600000724e-02    8.2796702827e-07
    2.2699799389e-02    8.2671198243e-07
    2.2799499333e-02    8.2562098669e-07
    2.2899299860e-02    8.2466198137e-07
    2.2999100387e-02    8.2376300270e-07
    2.3098800331e-02    8.2283497704e-07
    2.3199800402e-02    8.2179502670e-07
    2.3299600929e-02    8.2062899764e-07
    2.3399399593e-02    8.1927800011e-07
    2.3499200121e-02    8.1770997440e-07
    2.3598900065e-02    8.1595402435e-07
    2.3699900135e-02    8.1405198671e-07
    2.3799799383e-02    8.1215500813e-07
    2.3899100721e-02    8.1036000665e-07
    2.3998999968e-02    8.0872700892e-07
    2.4099500850e-02    8.0730001173e-07
    2.4199299514e-02    8.0607497921e-07
    2.4299500510e-02    8.0496897681e-07
    2.4399299175e-02    8.0394198676e-07
    2.4499099702e-02    8.0298201510e-07
    2.4598799646e-02    8.0209099451e-07
    2.4699799716e-02    8.0127301771e-07
    2.4799600244e-02    8.0055599483e-07
    2.4899400771e-02    7.9994697444e-07
    2.4999199435e-02    7.9946801179e-07
    2.5098999962e-02    7.9911501416e-07
    2.5200000033e-02    7.9882801174e-07
    2.5299699977e-02    7.9853600710e-07
    2.5399699807e-02    7.9816601328e-07
    2.5499500334e-02    7.9766698491e-07
    2.5599200279e-02    7.9701197819e-07
    2.5699000806e-02    7.9618598647e-07
    2.5798799470e-02    7.9519901419e-07
    2.5900000706e-02    7.9407197973e-07
    2.5999600068e-02    7.9291697830e-07
    2.6099100709e-02    7.9180500734e-07
    2.6199400425e-02    7.9079097759e-07
    2.6299299672e-02    7.8990797192e-07
    2.6399500668e-02    7.8914700907e-07
    2.6499699801e-02    7.8851297758e-07
    2.6599600911e-02    7.8799200764e-07
    2.6699300855e-02    7.8753299704e-07
    2.6799799874e-02    7.8704101725e-07
    2.6899699122e-02    7.8642102608e-07
    2.6999600232e-02    7.8560202610e-07
    2.7099799365e-02    7.8455002495e-07
    2.7200000361e-02    7.8331100895e-07
    2.7299499139e-02    7.8198701203e-07
    2.7399700135e-02    7.8064999798e-07
    2.7499899268e-02    7.7934998899e-07
    2.7599500492e-02    7.7811597521e-07
    2.7699800208e-02    7.7695602840e-07
    2.7799399570e-02    7.7584599012e-07
    2.7899600565e-02    7.7469900361e-07
    2.7999799699e-02    7.7343997873e-07
    2.8099300340e-02    7.7198802728e-07
    2.8199499473e-02    7.7027101497e-07
    2.8299400583e-02    7.6828501960e-07
    2.8399700299e-02    7.6601497767e-07
    2.8499500826e-02    7.6356400314e-07
    2.8599699959e-02    7.6102702451e-07
    2.8699999675e-02    7.5849800396e-07
    2.8799800202e-02    7.5606101291e-07
    2.8899600729e-02    7.5372702213e-07
    2.8999200091e-02    7.5151302781e-07
    2.9099300504e-02    7.4935599059e-07
    2.9199600220e-02    7.4721799592e-07
    2.9299799353e-02    7.4509000569e-07
    2.9399100691e-02    7.4299498465e-07
    2.9499899596e-02    7.4084397284e-07
    2.9599599540e-02    7.3866499406e-07
    2.9699800536e-02    7.3639898801e-07
    2.9799800366e-02    7.3403697343e-07
    2.9899699613e-02    7.3156002145e-07
    2.9999900609e-02    7.2899598536e-07
