       301
    0.0000000000e+00    0.0000000000e+00
    9.9796299764e-05    1.6406799530e-10
    1.9923200307e-04    1.6101999734e-08
    2.9902800452e-04    3.8146101389e-08
    3.9882300189e-04    6.0324403250e-08
    4.9983500503e-04    8.2577898297e-08
    5.9963000240e-04    1.0437999975e-07
    6.9942302071e-04    1.2597399746e-07
    7.9921598081e-04    1.4731199371e-07
    8.9900899911e-04    1.6842099626e-07
    9.9880003836e-04    1.8922399647e-07
    1.0998100042e-03    2.0998699313e-07
    1.1996000540e-03    2.3021399898e-07
    1.2993899873e-03    2.5009398996e-07
    1.3991700253e-03    2.6955200383e-07
    1.4989400515e-03    2.8859500389e-07
    1.5999299940e-03    3.0736998724e-07
    1.6997000203e-03    3.2550300944e-07
    1.7994700465e-03    3.4320999021e-07
    1.8992299447e-03    3.6058901287e-07
    1.9990000874e-03    3.7764201011e-07
    2.0999799017e-03    3.9463199641e-07
    2.1997399163e-03    4.1116700800e-07
    2.2994899191e-03    4.2751901219e-07
    2.3992399219e-03    4.4377799213e-07
    2.4989699014e-03    4.6005700938e-07
    2.5999199133e-03    4.7658400604e-07
    2.6996498927e-03    4.9303702099e-07
    2.7993801050e-03    5.0966002618e-07
    2.8991100844e-03    5.2646402082e-07
    2.9988300521e-03    5.4344701539e-07
    3.0997600406e-03    5.6075299426e-07
    3.1994699966e-03    5.7801702269e-07
    3.2991799526e-03    5.9545197928e-07
    3.3988798968e-03    6.1307099486e-07
    3.4988799598e-03    6.3088901925e-07
    3.5997300874e-03    6.4896602225e-07
    3.6994200200e-03    6.6683099931e-07
    3.7991199642e-03    6.8453800850e-07
    3.8988098968e-03    7.0196898605e-07
    3.9997198619e-03    7.1930600143e-07
    4.0994100273e-03    7.3610499385e-07
    4.1998499073e-03    7.5266200383e-07
    4.2995400727e-03    7.6865200072e-07
    4.3992297724e-03    7.8416201177e-07
    4.4997301884e-03    7.9936000930e-07
    4.5994301327e-03    8.1413202224e-07
    4.6991198324e-03    8.2872901430e-07
    4.7991098836e-03    8.4331497874e-07
    4.8991697840e-03    8.5799399585e-07
    4.9989097752e-03    8.7288100303e-07
    5.0995298661e-03    8.8825100875e-07
    5.1992097870e-03    9.0386902230e-07
    5.2994498983e-03    9.1994098739e-07
    5.3996299393e-03    9.3626800890e-07
    5.4993601516e-03    9.5259997579e-07
    5.5995602161e-03    9.6893802493e-07
    5.6999400258e-03    9.8481405075e-07
    5.7998499833e-03    9.9742601378e-07
    5.8988300152e-03    1.0651300049e+03
    5.9998501092e-03    1.0002100220e+03
    6.0998299159e-03    9.9998396763e-07
    6.1999601312e-03    9.9712599422e-07
    6.2991799787e-03    9.9402495835e-07
    6.3993800431e-03    9.9100600437e-07
    6.4995200373e-03    9.8799500847e-07
    6.5998598002e-03    9.8518398772e-07
    6.6990898922e-03    9.8224495559e-07
    6.7999497987e-03    9.7930501397e-07
    6.8994001485e-03    9.7597001059e-07
    6.9994498044e-03    9.7230497431e-07
    7.0998999290e-03    9.6894302715e-07
    7.1988701820e-03    9.6583801223e-07
    7.2998302057e-03    9.6257997484e-07
    7.3992698453e-03    9.5923599019e-07
    7.4999900535e-03    9.5598602456e-07
    7.5999400578e-03    9.5289601632e-07
    7.6996101998e-03    9.4961700370e-07
    7.7994000167e-03    9.4616399338e-07
    7.8994100913e-03    9.4282501095e-07
    7.9989396036e-03    9.3966997383e-07
    8.0998800695e-03    9.3644797516e-07
    8.1994403154e-03    9.3310399052e-07
    8.2994299009e-03    9.2970498144e-07
    8.3999102935e-03    9.2642102345e-07
    8.4998002276e-03    9.2319697842e-07
    8.5998801515e-03    9.2007400099e-07
    8.6998296902e-03    9.1712598760e-07
    8.7989196181e-03    9.1436697858e-07
    8.8992901146e-03    9.1179902029e-07
    8.9999595657e-03    9.0963101229e-07
    9.0990196913e-03    9.0767599659e-07
    9.1994898394e-03    9.0567897360e-07
    9.2997802421e-03    9.0365301730e-07
    9.3998499215e-03    9.0192298785e-07
    9.4996597618e-03    9.0049798018e-07
    9.5994602889e-03    8.9922599500e-07
    9.6996696666e-03    8.9814398052e-07
    9.7995502874e-03    8.9717502760e-07
    9.8998798057e-03    8.9635102540e-07
    9.9994000047e-03    8.9574797357e-07
    1.0099600069e-02    8.9535302550e-07
    1.0199200362e-02    8.9512002432e-07
    1.0299299844e-02    8.9503600975e-07
    1.0399599560e-02    8.9502202627e-07
    1.0499699973e-02    8.9498797706e-07
    1.0599800386e-02    8.9489702759e-07
    1.0700000450e-02    8.9475997811e-07
    1.0799500160e-02    8.9463600261e-07
    1.0899400339e-02    8.9453698138e-07
    1.0999600403e-02    8.9441897444e-07
    1.1099499650e-02    8.9415198090e-07
    1.1199899949e-02    8.9377397217e-07
    1.1299300008e-02    8.9336901965e-07
    1.1399899609e-02    8.9291597760e-07
    1.1499200016e-02    8.9254797331e-07
    1.1599300429e-02    8.9234197276e-07
    1.1699199677e-02    8.9229200739e-07
    1.1799300089e-02    8.9242598733e-07
    1.1899099685e-02    8.9279097892e-07
    1.1999900453e-02    8.9339999931e-07
    1.2099999934e-02    8.9409002157e-07
    1.2199499644e-02    8.9474599463e-07
    1.2299699709e-02    8.9537701342e-07
    1.2399899773e-02    8.9595602049e-07
    1.2500000186e-02    8.9647897994e-07
    1.2599799782e-02    8.9686699312e-07
    1.2699400075e-02    8.9706497874e-07
    1.2799600139e-02    8.9715501872e-07
    1.2899300084e-02    8.9729098818e-07
    1.2999599800e-02    8.9760601441e-07
    1.3099400327e-02    8.9813499926e-07
    1.3199600391e-02    8.9885702437e-07
    1.3299800456e-02    8.9966800942e-07
    1.3399999589e-02    9.0049400114e-07
    1.3499500230e-02    9.0130799890e-07
    1.3599700294e-02    9.0206799541e-07
    1.3699599542e-02    9.0272101261e-07
    1.3799100183e-02    9.0323101176e-07
    1.3899699785e-02    9.0360299509e-07
    1.3999599963e-02    9.0380501661e-07
    1.4099899679e-02    9.0387499085e-07
    1.4199499972e-02    9.0387601404e-07
    1.4299900271e-02    9.0383497309e-07
    1.4399800450e-02    9.0380098072e-07
    1.4499899931e-02    9.0384202167e-07
    1.4600000344e-02    9.0399902319e-07
    1.4699099585e-02    9.0426897259e-07
    1.4799499884e-02    9.0464601499e-07
    1.4899699949e-02    9.0511400686e-07
    1.4999800362e-02    9.0561798061e-07
    1.5099899843e-02    9.0611297310e-07
    1.5200000256e-02    9.0659199259e-07
    1.5298999846e-02    9.0705299272e-07
    1.5399799682e-02    9.0747698778e-07
    1.5499699861e-02    9.0779701623e-07
    1.5599399805e-02    9.0797698249e-07
    1.5699600801e-02    9.0800801900e-07
    1.5799500048e-02    9.0787699492e-07
    1.5899799764e-02    9.0758999249e-07
    1.5999399126e-02    9.0718202728e-07
    1.6099600121e-02    9.0668902430e-07
    1.6199499369e-02    9.0615799309e-07
    1.6299700364e-02    9.0560399713e-07
    1.6399899498e-02    9.0500600436e-07
    1.6499800608e-02    9.0432700972e-07
    1.6599699855e-02    9.0352301640e-07
    1.6699599102e-02    9.0258401997e-07
    1.6799600795e-02    9.0152400389e-07
    1.6899300739e-02    9.0041197609e-07
    1.6999099404e-02    8.9927800673e-07
    1.7098799348e-02    8.9812601800e-07
    1.7200000584e-02    8.9690701088e-07
    1.7299300060e-02    8.9566401584e-07
    1.7400000244e-02    8.9434701067e-07
    1.7499800771e-02    8.9299498995e-07
    1.7599599436e-02    8.9161500227e-07
    1.7699299380e-02    8.9024001682e-07
    1.7798999324e-02    8.8888100436e-07
    1.7898799852e-02    8.8748601001e-07
    1.7999300733e-02    8.8598602588e-07
    1.8099799752e-02    8.8435501766e-07
    1.8199900165e-02    8.8256899744e-07
    1.8299600109e-02    8.8059397285e-07
    1.8399400637e-02    8.7842198582e-07
    1.8499199301e-02    8.7608100330e-07
    1.8598899245e-02    8.7361598844e-07
    1.8699899316e-02    8.7100499968e-07
    1.8799500540e-02    8.6829697921e-07
    1.8899299204e-02    8.6545702516e-07
    1.8998999149e-02    8.6254999587e-07
    1.9099500030e-02    8.5960300567e-07
    1.9199199975e-02    8.5670598082e-07
    1.9299000502e-02    8.5385602233e-07
    1.9400000572e-02    8.5102601588e-07
    1.9499700516e-02    8.4825398972e-07
    1.9599499181e-02    8.4547599499e-07
    1.9699299708e-02    8.4267298917e-07
    1.9798999652e-02    8.3983002241e-07
    1.9898800179e-02    8.3691998043e-07
    1.9999800250e-02    8.3389898009e-07
    2.0099600777e-02    8.3088502834e-07
    2.0199300721e-02    8.2789898670e-07
    2.0299099386e-02    8.2495000697e-07
    2.0398899913e-02    8.2200398310e-07
    2.0499899983e-02    8.1897798054e-07
    2.0599599928e-02    8.1591298340e-07
    2.0699400455e-02    8.1278000152e-07
    2.0799199119e-02    8.0959500792e-07
    2.0898999646e-02    8.0640000988e-07
    2.0999899134e-02    8.0317801121e-07
    2.1099699661e-02    7.9998602587e-07
    2.1199500188e-02    7.9677198528e-07
    2.1299300715e-02    7.9354697391e-07
    2.1399000660e-02    7.9035800127e-07
    2.1498799324e-02    7.8724502828e-07
    2.1599799395e-02    7.8419202509e-07
    2.1699599922e-02    7.8126697645e-07
    2.1799400449e-02    7.7841900747e-07
    2.1899100393e-02    7.7561497847e-07
    2.1998900920e-02    7.7283101518e-07
    2.2099899128e-02    7.7002897569e-07
    2.2199699655e-02    7.6728997556e-07
    2.2299399599e-02    7.6458798048e-07
    2.2399200127e-02    7.6192998222e-07
    2.2499000654e-02    7.5932797472e-07
    2.2600000724e-02    7.5674802247e-07
    2.2699799389e-02    7.5425697332e-07
    2.2799499333e-02    7.5181401371e-07
    2.2899299860e-02    7.4941698358e-07
    2.2999100387e-02    7.4706900932e-07
    2.3098800331e-02    7.4478202805e-07
    2.3199800402e-02    7.4254597848e-07
    2.3299600929e-02    7.4042901588e-07
    2.3399399593e-02    7.3840698178e-07
    2.3499200121e-02    7.3646299370e-07
    2.3598900065e-02    7.3456101291e-07
    2.3699900135e-02    7.3263800004e-07
    2.3799799383e-02    7.3071299767e-07
    2.3899100721e-02    7.2879100799e-07
    2.3998999968e-02    7.2687902275e-07
    2.4099500850e-02    7.2499898351e-07
    2.4199299514e-02    7.2319699029e-07
    2.4299500510e-02    7.2146701768e-07
    2.4399299175e-02    7.1983197358e-07
    2.4499099702e-02    7.1829498438e-07
    2.4598799646e-02    7.1687298941e-07
    2.4699799716e-02    7.1556900139e-07
    2.4799600244e-02    7.1442099170e-07
    2.4899400771e-02    7.1337899499e-07
    2.4999199435e-02    7.1238997634e-07
    2.5098999962e-02    7.1139197644e-07
    2.5200000033e-02    7.1032599180e-07
    2.5299699977e-02    7.0920998496e-07
    2.5399699807e-02    7.0805799623e-07
    2.5499500334e-02    7.0693198495e-07
    2.5599200279e-02    7.0587702794e-07
    2.5699000806e-02    7.0491000770e-07
    2.5798799470e-02    7.0403302743e-07
    2.5900000706e-02    7.0323898171e-07
    2.5999600068e-02    7.0256299978e-07
    2.6099100709e-02    7.0199598667e-07
    2.6199400425e-02    7.0151997988e-07
    2.6299299672e-02    7.0112298545e-07
    2.6399500668e-02    7.0077800274e-07
    2.6499699801e-02    7.0045399525e-07
    2.6599600911e-02    7.0013197728e-07
    2.6699300855e-02    6.9979597583e-07
    2.6799799874e-02    6.9944002234e-07
    2.6899699122e-02    6.9907099487e-07
    2.6999600232e-02    6.9870498010e-07
    2.7099799365e-02    6.9836801231e-07
    2.7200000361e-02    6.9810499781e-07
    2.7299499139e-02    6.9794202773e-07
    2.7399700135e-02    6.9786199219e-07
    2.7499899268e-02    6.9782697665e-07
    2.7599500492e-02    6.9782902301e-07
    2.7699800208e-02    6.9787000712e-07
    2.7799399570e-02    6.9792997692e-07
    2.7899600565e-02    6.9799898483e-07
    2.7999799699e-02    6.9805702196e-07
    2.8099300340e-02    6.9809499337e-07
    2.8199499473e-02    6.9809499337e-07
    2.8299400583e-02    6.9804298164e-07
    2.8399700299e-02    6.9791502710e-07
    2.8499500826e-02    6.9771999733e-07
    2.8599699959e-02    6.9747198950e-07
    2.8699999675e-02    6.9718799978e-07
    2.8799800202e-02    6.9688098847e-07
    2.8899600729e-02    6.9654998924e-07
    2.8999200091e-02    6.9618397447e-07
    2.9099300504e-02    6.9579397177e-07
    2.9199600220e-02    6.9541300718e-07
    2.9299799353e-02    6.9506501177e-07
    2.9399100691e-02    6.9475800046e-07
    2.9499899596e-02    6.9447202122e-07
    2.9599599540e-02    6.9419502324e-07
    2.9699800536e-02    6.9390898716e-07
    2.9799800366e-02    6.9360100952e-07
    2.9899699613e-02    6.9325602681e-07
    2.9999900609e-02    6.9287102633e-07
