       301
    0.0000000000e+00    0.0000000000e+00
    9.9796299764e-05    0.0000000000e+00
    1.9923200307e-04    5.3716497916e-10
    2.9902800452e-04    6.0414300229e-09
    3.9882300189e-04    1.2926100190e-08
    4.9983500503e-04    1.9920500804e-08
    5.9963000240e-04    2.6760700322e-08
    6.9942302071e-04    3.3494700347e-08
    7.9921598081e-04    4.0140200497e-08
    8.9900899911e-04    4.6655099339e-08
    9.9880003836e-04    5.3047099158e-08
    1.0998100042e-03    5.9392100127e-08
    1.1996000540e-03    6.5573402708e-08
    1.2993899873e-03    7.1811001590e-08
    1.3991700253e-03    7.8060402586e-08
    1.4989400515e-03    8.4186901006e-08
    1.5999299940e-03    9.0287898047e-08
    1.6997000203e-03    9.6232497526e-08
    1.7994700465e-03    1.0203299894e-07
    1.8992299447e-03    1.0765199931e-07
    1.9990000874e-03    1.1317199977e-07
    2.0999799017e-03    1.1865500227e-07
    2.1997399163e-03    1.2390300697e-07
    2.2994899191e-03    1.2906500046e-07
    2.3992399219e-03    1.3422399547e-07
    2.4989699014e-03    1.3930099385e-07
    2.5999199133e-03    1.4427500616e-07
    2.6996498927e-03    1.4899400469e-07
    2.7993801050e-03    1.5358699557e-07
    2.8991100844e-03    1.5814900678e-07
    2.9988300521e-03    1.6264800706e-07
    3.0997600406e-03    1.6711599926e-07
    3.1994699966e-03    1.7141799447e-07
    3.2991799526e-03    1.7565699295e-07
    3.3988798968e-03    1.7979100164e-07
    3.4988799598e-03    1.8378599975e-07
    3.5997300874e-03    1.8775099875e-07
    3.6994200200e-03    1.9164599507e-07
    3.7991199642e-03    1.9544499708e-07
    3.8988098968e-03    1.9909599303e-07
    3.9997198619e-03    2.0262800149e-07
    4.0994100273e-03    2.0601200390e-07
    4.1998499073e-03    2.0928899858e-07
    4.2995400727e-03    2.1236100167e-07
    4.3992297724e-03    2.1525799809e-07
    4.4997301884e-03    2.1801000116e-07
    4.5994301327e-03    2.2048899950e-07
    4.6991198324e-03    2.2264799782e-07
    4.7991098836e-03    2.2452699966e-07
    4.8991697840e-03    2.2615400042e-07
    4.9989097752e-03    2.2749300399e-07
    5.0995298661e-03    2.2851399706e-07
    5.1992097870e-03    2.2925399890e-07
    5.2994498983e-03    2.2982399628e-07
    5.3996299393e-03    2.3026099427e-07
    5.4993601516e-03    2.3055700638e-07
    5.5995602161e-03    2.3075600097e-07
    5.6999400258e-03    2.3089799583e-07
    5.7998499833e-03    2.3099200064e-07
    5.8988300152e-03    2.3094699486e-07
    5.9998501092e-03    2.3110699487e-07
    6.0998299159e-03    2.3166199981e-07
    6.1999601312e-03    2.3226000678e-07
    6.2991799787e-03    2.3238500546e-07
    6.3993800431e-03    2.3202099442e-07
    6.4995200373e-03    2.3045899411e-07
    6.5998598002e-03    2.2949500078e-07
    6.6990898922e-03    2.3088499290e-07
    6.7999497987e-03    2.3184900044e-07
    6.8994001485e-03    2.3185400266e-07
    6.9994498044e-03    2.3264699678e-07
    7.0998999290e-03    2.3510899894e-07
    7.1988701820e-03    2.3808499350e-07
    7.2998302057e-03    2.4087398742e-07
    7.3992698453e-03    2.4361199280e-07
    7.4999900535e-03    2.4607700766e-07
    7.5999400578e-03    2.4779200203e-07
    7.6996101998e-03    2.4864999659e-07
    7.7994000167e-03    2.4892099759e-07
    7.8994100913e-03    2.4964899126e-07
    7.9989396036e-03    2.5102599466e-07
    8.0998800695e-03    2.5286300342e-07
    8.1994403154e-03    2.5508001045e-07
    8.2994299009e-03    2.5717400831e-07
    8.3999102935e-03    2.5883301191e-07
    8.4998002276e-03    2.6020501309e-07
    8.5998801515e-03    2.6113499985e-07
    8.6998296902e-03    2.6172799039e-07
    8.7989196181e-03    2.6238998885e-07
    8.8992901146e-03    2.6318301138e-07
    8.9999595657e-03    2.6375099083e-07
    9.0990196913e-03    2.6388801189e-07
    9.1994898394e-03    2.6395500186e-07
    9.2997802421e-03    2.6424399380e-07
    9.3998499215e-03    2.6499600381e-07
    9.4996597618e-03    2.6602899084e-07
    9.5994602889e-03    2.6722298685e-07
    9.6996696666e-03    2.6851299140e-07
    9.7995502874e-03    2.6991000368e-07
    9.8998798057e-03    2.7124499979e-07
    9.9994000047e-03    2.7242799661e-07
    1.0099600069e-02    2.7364100674e-07
    1.0199200362e-02    2.7489801369e-07
    1.0299299844e-02    2.7626001042e-07
    1.0399599560e-02    2.7781899803e-07
    1.0499699973e-02    2.7947399417e-07
    1.0599800386e-02    2.8100200211e-07
    1.0700000450e-02    2.8221001003e-07
    1.0799500160e-02    2.8319200851e-07
    1.0899400339e-02    2.8431000487e-07
    1.0999600403e-02    2.8553898801e-07
    1.1099499650e-02    2.8662000773e-07
    1.1199899949e-02    2.8768201332e-07
    1.1299300008e-02    2.8905699878e-07
    1.1399899609e-02    2.9079498631e-07
    1.1499200016e-02    2.9258899303e-07
    1.1599300429e-02    2.9439200944e-07
    1.1699199677e-02    2.9629399023e-07
    1.1799300089e-02    2.9835700843e-07
    1.1899099685e-02    3.0046800248e-07
    1.1999900453e-02    3.0256299510e-07
    1.2099999934e-02    3.0468200407e-07
    1.2199499644e-02    3.0690500807e-07
    1.2299699709e-02    3.0914100080e-07
    1.2399899773e-02    3.1127001421e-07
    1.2500000186e-02    3.1331299510e-07
    1.2599799782e-02    3.1540199075e-07
    1.2699400075e-02    3.1762300523e-07
    1.2799600139e-02    3.1997498695e-07
    1.2899300084e-02    3.2248300386e-07
    1.2999599800e-02    3.2521100479e-07
    1.3099400327e-02    3.2806099171e-07
    1.3199600391e-02    3.3088099372e-07
    1.3299800456e-02    3.3363699004e-07
    1.3399999589e-02    3.3648601061e-07
    1.3499500230e-02    3.3943999256e-07
    1.3599700294e-02    3.4243601021e-07
    1.3699599542e-02    3.4531799997e-07
    1.3799100183e-02    3.4799398918e-07
    1.3899699785e-02    3.5053099623e-07
    1.3999599963e-02    3.5289198763e-07
    1.4099899679e-02    3.5507500229e-07
    1.4199499972e-02    3.5703999401e-07
    1.4299900271e-02    3.5890400341e-07
    1.4399800450e-02    3.6075999787e-07
    1.4499899931e-02    3.6262099457e-07
    1.4600000344e-02    3.6435901052e-07
    1.4699099585e-02    3.6589000274e-07
    1.4799499884e-02    3.6726299868e-07
    1.4899699949e-02    3.6848101104e-07
    1.4999800362e-02    3.6952999949e-07
    1.5099899843e-02    3.7040200596e-07
    1.5200000256e-02    3.7113301232e-07
    1.5298999846e-02    3.7172000589e-07
    1.5399799682e-02    3.7211600556e-07
    1.5499699861e-02    3.7226300265e-07
    1.5599399805e-02    3.7220701188e-07
    1.5699600801e-02    3.7206299908e-07
    1.5799500048e-02    3.7188300439e-07
    1.5899799764e-02    3.7160100419e-07
    1.5999399126e-02    3.7119301055e-07
    1.6099600121e-02    3.7071998804e-07
    1.6199499369e-02    3.7024099697e-07
    1.6299700364e-02    3.6972900830e-07
    1.6399899498e-02    3.6914499901e-07
    1.6499800608e-02    3.6850198626e-07
    1.6599699855e-02    3.6783998780e-07
    1.6699599102e-02    3.6715400142e-07
    1.6799600795e-02    3.6642001078e-07
    1.6899300739e-02    3.6562198602e-07
    1.6999099404e-02    3.6473301179e-07
    1.7098799348e-02    3.6371199030e-07
    1.7200000584e-02    3.6251398683e-07
    1.7299300060e-02    3.6120300706e-07
    1.7400000244e-02    3.5980698954e-07
    1.7499800771e-02    3.5839801171e-07
    1.7599599436e-02    3.5696200484e-07
    1.7699299380e-02    3.5550701227e-07
    1.7798999324e-02    3.5408399413e-07
    1.7898799852e-02    3.5270500121e-07
    1.7999300733e-02    3.5135499843e-07
    1.8099799752e-02    3.5005299992e-07
    1.8199900165e-02    3.4884598676e-07
    1.8299600109e-02    3.4773799484e-07
    1.8399400637e-02    3.4666800275e-07
    1.8499199301e-02    3.4557299955e-07
    1.8598899245e-02    3.4444198604e-07
    1.8699899316e-02    3.4328201082e-07
    1.8799500540e-02    3.4213900335e-07
    1.8899299204e-02    3.4098900414e-07
    1.8998999149e-02    3.3983201320e-07
    1.9099500030e-02    3.3863199178e-07
    1.9199199975e-02    3.3737299532e-07
    1.9299000502e-02    3.3601298810e-07
    1.9400000572e-02    3.3452400316e-07
    1.9499700516e-02    3.3296899460e-07
    1.9599499181e-02    3.3136200273e-07
    1.9699299708e-02    3.2968401342e-07
    1.9798999652e-02    3.2790200066e-07
    1.9898800179e-02    3.2600499367e-07
    1.9999800250e-02    3.2398901340e-07
    2.0099600777e-02    3.2191800869e-07
    2.0199300721e-02    3.1975599768e-07
    2.0299099386e-02    3.1750400353e-07
    2.0398899913e-02    3.1518300148e-07
    2.0499899983e-02    3.1276599088e-07
    2.0599599928e-02    3.1029600223e-07
    2.0699400455e-02    3.0773099979e-07
    2.0799199119e-02    3.0507200677e-07
    2.0898999646e-02    3.0233300663e-07
    2.0999899134e-02    2.9948799352e-07
    2.1099699661e-02    2.9659699408e-07
    2.1199500188e-02    2.9362598752e-07
    2.1299300715e-02    2.9060200291e-07
    2.1399000660e-02    2.8754499226e-07
    2.1498799324e-02    2.8446498845e-07
    2.1599799395e-02    2.8133800356e-07
    2.1699599922e-02    2.7823500659e-07
    2.1799400449e-02    2.7510398581e-07
    2.1899100393e-02    2.7192498919e-07
    2.1998900920e-02    2.6868801228e-07
    2.2099899128e-02    2.6535499842e-07
    2.2199699655e-02    2.6197901093e-07
    2.2299399599e-02    2.5848299856e-07
    2.2399200127e-02    2.5484200705e-07
    2.2499000654e-02    2.5105001100e-07
    2.2600000724e-02    2.4708700153e-07
    2.2699799389e-02    2.4310000413e-07
    2.2799499333e-02    2.3906900992e-07
    2.2899299860e-02    2.3502100532e-07
    2.2999100387e-02    2.3099599389e-07
    2.3098800331e-02    2.2702199942e-07
    2.3199800402e-02    2.2305199820e-07
    2.3299600929e-02    2.1917199433e-07
    2.3399399593e-02    2.1534299322e-07
    2.3499200121e-02    2.1158599850e-07
    2.3598900065e-02    2.0791100042e-07
    2.3699900135e-02    2.0425299851e-07
    2.3799799383e-02    2.0067500373e-07
    2.3899100721e-02    1.9712699384e-07
    2.3998999968e-02    1.9355600500e-07
    2.4099500850e-02    1.8996600204e-07
    2.4199299514e-02    1.8641199517e-07
    2.4299500510e-02    1.8289199488e-07
    2.4399299175e-02    1.7946200614e-07
    2.4499099702e-02    1.7608799396e-07
    2.4598799646e-02    1.7273900710e-07
    2.4699799716e-02    1.6937400460e-07
    2.4799600244e-02    1.6610499642e-07
    2.4899400771e-02    1.6291099314e-07
    2.4999199435e-02    1.5979199475e-07
    2.5098999962e-02    1.5676400267e-07
    2.5200000033e-02    1.5380200580e-07
    2.5299699977e-02    1.5095899641e-07
    2.5399699807e-02    1.4816700400e-07
    2.5499500334e-02    1.4541799942e-07
    2.5599200279e-02    1.4272100657e-07
    2.5699000806e-02    1.4009799543e-07
    2.5798799470e-02    1.3756499584e-07
    2.5900000706e-02    1.3508899599e-07
    2.5999600068e-02    1.3273300681e-07
    2.6099100709e-02    1.3042999569e-07
    2.6199400425e-02    1.2811500483e-07
    2.6299299672e-02    1.2578300357e-07
    2.6399500668e-02    1.2341800470e-07
    2.6499699801e-02    1.2104000291e-07
    2.6599600911e-02    1.1865599703e-07
    2.6699300855e-02    1.1624400287e-07
    2.6799799874e-02    1.1377400000e-07
    2.6899699122e-02    1.1129299793e-07
    2.6999600232e-02    1.0878299861e-07
    2.7099799365e-02    1.0622500213e-07
    2.7200000361e-02    1.0362799685e-07
    2.7299499139e-02    1.0103600090e-07
    2.7399700135e-02    9.8442598073e-08
    2.7499899268e-02    9.5873701866e-08
    2.7599500492e-02    9.3334499240e-08
    2.7699800208e-02    9.0767997563e-08
    2.7799399570e-02    8.8203300663e-08
    2.7899600565e-02    8.5593399035e-08
    2.7999799699e-02    8.2955999403e-08
    2.8099300340e-02    8.0318599771e-08
    2.8199499473e-02    7.7673696808e-08
    2.8299400583e-02    7.5053897319e-08
    2.8399700299e-02    7.2403601337e-08
    2.8499500826e-02    6.9727200014e-08
    2.8599699959e-02    6.6990700986e-08
    2.8699999675e-02    6.4209203288e-08
    2.8799800202e-02    6.1411903118e-08
    2.8899600729e-02    5.8603099262e-08
    2.8999200091e-02    5.5825598366e-08
    2.9099300504e-02    5.3080299267e-08
    2.9199600220e-02    5.0360501547e-08
    2.9299799353e-02    4.7628699207e-08
    2.9399100691e-02    4.4886999007e-08
    2.9499899596e-02    4.2073601492e-08
    2.9599599540e-02    3.9270201313e-08
    2.9699800536e-02    3.6443200457e-08
    2.9799800366e-02    3.3616501582e-08
    2.9899699613e-02    3.0789699679e-08
    2.9999900609e-02    2.7968100724e-08
