       301
    0.0000000000e+00    0.0000000000e+00
    9.9796299764e-05    0.0000000000e+00
    1.9923200307e-04    9.7692298695e-09
    2.9902800452e-04    2.6110900109e-08
    3.9882300189e-04    4.2776598264e-08
    4.9983500503e-04    5.9504500882e-08
    5.9963000240e-04    7.5926003262e-08
    6.9942302071e-04    9.2231196902e-08
    7.9921598081e-04    1.0843400133e-07
    8.9900899911e-04    1.2452299814e-07
    9.9880003836e-04    1.4050499431e-07
    1.0998100042e-03    1.5663600550e-07
    1.1996000540e-03    1.7248399331e-07
    1.2993899873e-03    1.8823899950e-07
    1.3991700253e-03    2.0385999733e-07
    1.4989400515e-03    2.1937199790e-07
    1.5999299940e-03    2.3502799706e-07
    1.6997000203e-03    2.5037599016e-07
    1.7994700465e-03    2.6545600917e-07
    1.8992299447e-03    2.8032800969e-07
    1.9990000874e-03    2.9501399013e-07
    2.0999799017e-03    3.0968899978e-07
    2.1997399163e-03    3.2389800708e-07
    2.2994899191e-03    3.3782600894e-07
    2.3992399219e-03    3.5149000155e-07
    2.4989699014e-03    3.6491499600e-07
    2.5999199133e-03    3.7826501398e-07
    2.6996498927e-03    3.9131100493e-07
    2.7993801050e-03    4.0432200876e-07
    2.8991100844e-03    4.1733301259e-07
    2.9988300521e-03    4.3031801056e-07
    3.0997600406e-03    4.4346398909e-07
    3.1994699966e-03    4.5650600100e-07
    3.2991799526e-03    4.6967500111e-07
    3.3988798968e-03    4.8291400390e-07
    3.4988799598e-03    4.9620200571e-07
    3.5997300874e-03    5.0966201570e-07
    3.6994200200e-03    5.2308200793e-07
    3.7991199642e-03    5.3662000710e-07
    3.8988098968e-03    5.5022201195e-07
    3.9997198619e-03    5.6404701354e-07
    4.0994100273e-03    5.7785098306e-07
    4.1998499073e-03    5.9193700963e-07
    4.2995400727e-03    6.0605998442e-07
    4.3992297724e-03    6.2033700488e-07
    4.4997301884e-03    6.3485600776e-07
    4.5994301327e-03    6.4931799670e-07
    4.6991198324e-03    6.6374099106e-07
    4.7991098836e-03    6.7813897431e-07
    4.8991697840e-03    6.9248602586e-07
    4.9989097752e-03    7.0673598884e-07
    5.0995298661e-03    7.2103398452e-07
    5.1992097870e-03    7.3514900123e-07
    5.2994498983e-03    7.4928101412e-07
    5.3996299393e-03    7.6335300037e-07
    5.4993601516e-03    7.7732300952e-07
    5.5995602161e-03    7.9128398056e-07
    5.6999400258e-03    8.0515400214e-07
    5.7998499833e-03    8.1884502379e-07
    5.8988300152e-03    8.3156601249e-07
    5.9998501092e-03    8.4320402038e-07
    6.0998299159e-03    8.5342298917e-07
    6.1999601312e-03    8.6308301661e-07
    6.2991799787e-03    8.7381499725e-07
    6.3993800431e-03    8.8564098633e-07
    6.4995200373e-03    8.9759100774e-07
    6.5998598002e-03    9.0950499043e-07
    6.6990898922e-03    9.2072900770e-07
    6.7999497987e-03    9.3126499223e-07
    6.8994001485e-03    9.4085697810e-07
    6.9994498044e-03    9.4945897899e-07
    7.0998999290e-03    9.5701398095e-07
    7.1988701820e-03    9.6381302228e-07
    7.2998302057e-03    9.6921303339e-07
    7.3992698453e-03    9.7325403203e-07
    7.4999900535e-03    9.7681402167e-07
    7.5999400578e-03    9.7984502645e-07
    7.6996101998e-03    9.8267196336e-07
    7.7994000167e-03    9.8516500202e-07
    7.8994100913e-03    9.8735404208e-07
    7.9989396036e-03    9.8982604868e-07
    8.0998800695e-03    9.9263604625e-07
    8.1994403154e-03    9.9478097582e-07
    8.2994299009e-03    9.9584804047e-07
    8.3999102935e-03    9.9631699868e-07
    8.4998002276e-03    9.9662304365e-07
    8.5998801515e-03    9.9688395494e-07
    8.6998296902e-03    9.9705903267e-07
    8.7989196181e-03    9.9762405625e-07
    8.8992901146e-03    9.9865496850e-07
    8.9999595657e-03    9.9953103927e-07
    9.0990196913e-03    1.3785599709e+01
    9.1994898394e-03    5.7112598419e+00
    9.2997802421e-03    9.9961005162e-07
    9.3998499215e-03    9.9938097264e-07
    9.4996597618e-03    9.9923795460e-07
    9.5994602889e-03    9.9934004538e-07
    9.6996696666e-03    9.9945395959e-07
    9.7995502874e-03    9.9942303677e-07
    9.8998798057e-03    9.9935198250e-07
    9.9994000047e-03    9.9928195141e-07
    1.0099600069e-02    9.9934402442e-07
    1.0199200362e-02    9.9956605482e-07
    1.0299299844e-02    4.9044601440e+01
    1.0399599560e-02    9.6127403259e+01
    1.0499699973e-02    1.4233700562e+02
    1.0599800386e-02    1.8246299744e+02
    1.0700000450e-02    1.9117300415e+02
    1.0799500160e-02    1.8258399963e+02
    1.0899400339e-02    1.6620199585e+02
    1.0999600403e-02    1.4079899597e+02
    1.1099499650e-02    1.2415399933e+02
    1.1199899949e-02    1.0849299622e+02
    1.1299300008e-02    9.5267898560e+01
    1.1399899609e-02    8.4506896973e+01
    1.1499200016e-02    7.8077697754e+01
    1.1599300429e-02    8.7520797729e+01
    1.1699199677e-02    8.8544097900e+01
    1.1799300089e-02    8.7369697571e+01
    1.1899099685e-02    8.4225997925e+01
    1.1999900453e-02    9.0271598816e+01
    1.2099999934e-02    8.9037300110e+01
    1.2199499644e-02    7.7526298523e+01
    1.2299699709e-02    6.6803596497e+01
    1.2399899773e-02    5.6489601135e+01
    1.2500000186e-02    2.1053300858e+01
    1.2599799782e-02    9.9968997347e-07
    1.2699400075e-02    9.9954900179e-07
    1.2799600139e-02    9.9933197362e-07
    1.2899300084e-02    9.9898397821e-07
    1.2999599800e-02    9.9846602097e-07
    1.3099400327e-02    9.9775297713e-07
    1.3199600391e-02    9.9683404642e-07
    1.3299800456e-02    9.9570297607e-07
    1.3399999589e-02    9.9436704204e-07
    1.3499500230e-02    9.9279304777e-07
    1.3599700294e-02    9.9102396689e-07
    1.3699599542e-02    9.8930399872e-07
    1.3799100183e-02    9.8773500667e-07
    1.3899699785e-02    9.8623002032e-07
    1.3999599963e-02    9.8479301869e-07
    1.4099899679e-02    9.8342297861e-07
    1.4199499972e-02    9.8209204680e-07
    1.4299900271e-02    9.8073803656e-07
    1.4399800450e-02    9.7936504062e-07
    1.4499899931e-02    9.7795100373e-07
    1.4600000344e-02    9.7641202501e-07
    1.4699099585e-02    9.7468205240e-07
    1.4799499884e-02    9.7268400623e-07
    1.4899699949e-02    9.7043596270e-07
    1.4999800362e-02    9.6796804883e-07
    1.5099899843e-02    9.6530698102e-07
    1.5200000256e-02    9.6249800663e-07
    1.5298999846e-02    9.5963605418e-07
    1.5399799682e-02    9.5671600775e-07
    1.5499699861e-02    9.5387304100e-07
    1.5599399805e-02    9.5112102372e-07
    1.5699600801e-02    9.4841800546e-07
    1.5799500048e-02    9.4571697673e-07
    1.5899799764e-02    9.4296399311e-07
    1.5999399126e-02    9.4021402219e-07
    1.6099600121e-02    9.3746797347e-07
    1.6199499369e-02    9.3475500762e-07
    1.6299700364e-02    9.3204198492e-07
    1.6399899498e-02    9.2935397333e-07
    1.6499800608e-02    9.2672701157e-07
    1.6599699855e-02    9.2412898312e-07
    1.6699599102e-02    9.2152401976e-07
    1.6799600795e-02    9.1891701004e-07
    1.6899300739e-02    9.1636701427e-07
    1.6999099404e-02    9.1388699275e-07
    1.7098799348e-02    9.1145398073e-07
    1.7200000584e-02    9.0900198302e-07
    1.7299300060e-02    9.0659398211e-07
    1.7400000244e-02    9.0415699106e-07
    1.7499800771e-02    9.0174597744e-07
    1.7599599436e-02    8.9935002734e-07
    1.7699299380e-02    8.9699602768e-07
    1.7798999324e-02    8.9469898512e-07
    1.7898799852e-02    8.9245401114e-07
    1.7999300733e-02    8.9024399585e-07
    1.8099799752e-02    8.8809099452e-07
    1.8199900165e-02    8.8603201220e-07
    1.8299600109e-02    8.8410598664e-07
    1.8399400637e-02    8.8234702389e-07
    1.8499199301e-02    8.8079599436e-07
    1.8598899245e-02    8.7946699523e-07
    1.8699899316e-02    8.7831500650e-07
    1.8799500540e-02    8.7731797294e-07
    1.8899299204e-02    8.7640501079e-07
    1.8998999149e-02    8.7552302830e-07
    1.9099500030e-02    8.7459301312e-07
    1.9199199975e-02    8.7358699830e-07
    1.9299000502e-02    8.7249497938e-07
    1.9400000572e-02    8.7131502369e-07
    1.9499700516e-02    8.7005997784e-07
    1.9599499181e-02    8.6868999460e-07
    1.9699299708e-02    8.6719398951e-07
    1.9798999652e-02    8.6558998191e-07
    1.9898800179e-02    8.6391497689e-07
    1.9999800250e-02    8.6219199602e-07
    2.0099600777e-02    8.6050101800e-07
    2.0199300721e-02    8.5886301804e-07
    2.0299099386e-02    8.5729698185e-07
    2.0398899913e-02    8.5579699771e-07
    2.0499899983e-02    8.5434601260e-07
    2.0599599928e-02    8.5299001285e-07
    2.0699400455e-02    8.5172098352e-07
    2.0799199119e-02    8.5051698306e-07
    2.0898999646e-02    8.4931497213e-07
    2.0999899134e-02    8.4802599076e-07
    2.1099699661e-02    8.4663497546e-07
    2.1199500188e-02    8.4510497800e-07
    2.1299300715e-02    8.4344401330e-07
    2.1399000660e-02    8.4168402736e-07
    2.1498799324e-02    8.3985599986e-07
    2.1599799395e-02    8.3797999650e-07
    2.1699599922e-02    8.3614202140e-07
    2.1799400449e-02    8.3436498244e-07
    2.1899100393e-02    8.3266900219e-07
    2.1998900920e-02    8.3103498127e-07
    2.2099899128e-02    8.2940800894e-07
    2.2199699655e-02    8.2780798039e-07
    2.2299399599e-02    8.2622699438e-07
    2.2399200127e-02    8.2467499851e-07
    2.2499000654e-02    8.2314801375e-07
    2.2600000724e-02    8.2161398041e-07
    2.2699799389e-02    8.2010097913e-07
    2.2799499333e-02    8.1856302359e-07
    2.2899299860e-02    8.1698601662e-07
    2.2999100387e-02    8.1537700680e-07
    2.3098800331e-02    8.1377999095e-07
    2.3199800402e-02    8.1222799508e-07
    2.3299600929e-02    8.1081100234e-07
    2.3399399593e-02    8.0955402382e-07
    2.3499200121e-02    8.0847797790e-07
    2.3598900065e-02    8.0755899035e-07
    2.3699900135e-02    8.0673402181e-07
    2.3799799383e-02    8.0598198338e-07
    2.3899100721e-02    8.0527001955e-07
    2.3998999968e-02    8.0457300555e-07
    2.4099500850e-02    8.0386297441e-07
    2.4199299514e-02    8.0312599948e-07
    2.4299500510e-02    8.0234997313e-07
    2.4399299175e-02    8.0155899695e-07
    2.4499099702e-02    8.0079200870e-07
    2.4598799646e-02    8.0009198200e-07
    2.4699799716e-02    7.9947102449e-07
    2.4799600244e-02    7.9894101646e-07
    2.4899400771e-02    7.9846500967e-07
    2.4999199435e-02    7.9801498032e-07
    2.5098999962e-02    7.9756301830e-07
    2.5200000033e-02    7.9707501754e-07
    2.5299699977e-02    7.9654699903e-07
    2.5399699807e-02    7.9599197989e-07
    2.5499500334e-02    7.9545202425e-07
    2.5599200279e-02    7.9495902128e-07
    2.5699000806e-02    7.9451200463e-07
    2.5798799470e-02    7.9407902831e-07
    2.5900000706e-02    7.9362399674e-07
    2.5999600068e-02    7.9314401091e-07
    2.6099100709e-02    7.9261599240e-07
    2.6199400425e-02    7.9201498693e-07
    2.6299299672e-02    7.9133502595e-07
    2.6399500668e-02    7.9056297864e-07
    2.6499699801e-02    7.8969998185e-07
    2.6599600911e-02    7.8875899590e-07
    2.6699300855e-02    7.8776497503e-07
    2.6799799874e-02    7.8673400594e-07
    2.6899699122e-02    7.8570201367e-07
    2.6999600232e-02    7.8468798392e-07
    2.7099799365e-02    7.8370902656e-07
    2.7200000361e-02    7.8276798376e-07
    2.7299499139e-02    7.8182597463e-07
    2.7399700135e-02    7.8078102206e-07
    2.7499899268e-02    7.7956997302e-07
    2.7599500492e-02    7.7817298916e-07
    2.7699800208e-02    7.7656397934e-07
    2.7799399570e-02    7.7481297467e-07
    2.7899600565e-02    7.7295300116e-07
    2.7999799699e-02    7.7104897400e-07
    2.8099300340e-02    7.6916302305e-07
    2.8199499473e-02    7.6730901810e-07
    2.8299400583e-02    7.6553300232e-07
    2.8399700299e-02    7.6383798842e-07
    2.8499500826e-02    7.6222602274e-07
    2.8599699959e-02    7.6066902466e-07
    2.8699999675e-02    7.5913300179e-07
    2.8799800202e-02    7.5757100149e-07
    2.8899600729e-02    7.5593101201e-07
    2.8999200091e-02    7.5417602829e-07
    2.9099300504e-02    7.5226301988e-07
    2.9199600220e-02    7.5020199120e-07
    2.9299799353e-02    7.4803000416e-07
    2.9399100691e-02    7.4579799048e-07
    2.9499899596e-02    7.4349100032e-07
    2.9599599540e-02    7.4119401461e-07
    2.9699800536e-02    7.3889600571e-07
    2.9799800366e-02    7.3663801459e-07
    2.9899699613e-02    7.3442197390e-07
    2.9999900609e-02    7.3222997798e-07
