       301
    0.0000000000e+00    0.0000000000e+00
    9.9796299764e-05    0.0000000000e+00
    1.9923200307e-04    6.7598802111e-09
    2.9902800452e-04    2.0086499575e-08
    3.9882300189e-04    3.3896000673e-08
    4.9983500503e-04    4.7845798434e-08
    5.9963000240e-04    6.1559596531e-08
    6.9942302071e-04    7.5111302067e-08
    7.9921598081e-04    8.8576300072e-08
    8.9900899911e-04    1.0202099787e-07
    9.9880003836e-04    1.1556399926e-07
    1.0998100042e-03    1.2919799985e-07
    1.1996000540e-03    1.4263299875e-07
    1.2993899873e-03    1.5619299631e-07
    1.3991700253e-03    1.6977000428e-07
    1.4989400515e-03    1.8336599794e-07
    1.5999299940e-03    1.9716699740e-07
    1.6997000203e-03    2.1101399739e-07
    1.7994700465e-03    2.2498799979e-07
    1.8992299447e-03    2.3895898948e-07
    1.9990000874e-03    2.5313599394e-07
    2.0999799017e-03    2.6782299756e-07
    2.1997399163e-03    2.8257301210e-07
    2.2994899191e-03    2.9759200970e-07
    2.3992399219e-03    3.1283900626e-07
    2.4989699014e-03    3.2830200780e-07
    2.5999199133e-03    3.4432301277e-07
    2.6996498927e-03    3.6054998986e-07
    2.7993801050e-03    3.7717799728e-07
    2.8991100844e-03    3.9410301156e-07
    2.9988300521e-03    4.1107298898e-07
    3.0997600406e-03    4.2829000790e-07
    3.1994699966e-03    4.4529801357e-07
    3.2991799526e-03    4.6226500672e-07
    3.3988798968e-03    4.7917399115e-07
    3.4988799598e-03    4.9599100294e-07
    3.5997300874e-03    5.1281301694e-07
    3.6994200200e-03    5.2934399264e-07
    3.7991199642e-03    5.4561502338e-07
    3.8988098968e-03    5.6150497585e-07
    3.9997198619e-03    5.7724099634e-07
    4.0994100273e-03    5.9236697325e-07
    4.1998499073e-03    6.0707401417e-07
    4.2995400727e-03    6.2111001853e-07
    4.3992297724e-03    6.3469400402e-07
    4.4997301884e-03    6.4808500611e-07
    4.5994301327e-03    6.6120497877e-07
    4.6991198324e-03    6.7420199912e-07
    4.7991098836e-03    6.8732799718e-07
    4.8991697840e-03    7.0070899483e-07
    4.9989097752e-03    7.1434499205e-07
    5.0995298661e-03    7.2834302500e-07
    5.1992097870e-03    7.4240898584e-07
    5.2994498983e-03    7.5665900567e-07
    5.3996299393e-03    7.7080801475e-07
    5.4993601516e-03    7.8458498365e-07
    5.5995602161e-03    7.9806000031e-07
    5.6999400258e-03    8.1121299900e-07
    5.7998499833e-03    8.2420399394e-07
    5.8988300152e-03    8.3661802819e-07
    5.9998501092e-03    8.4764002395e-07
    6.0998299159e-03    8.5630597368e-07
    6.1999601312e-03    8.6400302735e-07
    6.2991799787e-03    8.7328402287e-07
    6.3993800431e-03    8.8468300419e-07
    6.4995200373e-03    8.9721697805e-07
    6.5998598002e-03    9.0977101763e-07
    6.6990898922e-03    9.2137599950e-07
    6.7999497987e-03    9.3119700750e-07
    6.8994001485e-03    9.3928997558e-07
    6.9994498044e-03    9.4669297823e-07
    7.0998999290e-03    9.5414600310e-07
    7.1988701820e-03    9.6183998721e-07
    7.2998302057e-03    9.6801795735e-07
    7.3992698453e-03    9.7369695595e-07
    7.4999900535e-03    9.7916802133e-07
    7.5999400578e-03    9.8371504009e-07
    7.6996101998e-03    9.8705004348e-07
    7.7994000167e-03    9.8928296666e-07
    7.8994100913e-03    9.9114197383e-07
    7.9989396036e-03    9.9261194464e-07
    8.0998800695e-03    9.9331896308e-07
    8.1994403154e-03    9.9330202374e-07
    8.2994299009e-03    9.9304395462e-07
    8.3999102935e-03    9.9359795058e-07
    8.4998002276e-03    9.9481701454e-07
    8.5998801515e-03    9.9641101770e-07
    8.6998296902e-03    9.9831095213e-07
    8.7989196181e-03    1.0009899902e+02
    8.8992901146e-03    3.0248300171e+02
    8.9999595657e-03    3.6682800293e+02
    9.0990196913e-03    4.1166299438e+02
    9.1994898394e-03    4.4324899292e+02
    9.2997802421e-03    4.2879598999e+02
    9.3998499215e-03    3.3323199463e+02
    9.4996597618e-03    2.2399899292e+02
    9.5994602889e-03    2.0671699524e+02
    9.6996696666e-03    2.3027400208e+02
    9.7995502874e-03    2.6613699341e+02
    9.8998798057e-03    2.9960598755e+02
    9.9994000047e-03    2.8656900024e+02
    1.0099600069e-02    2.8132501221e+02
    1.0199200362e-02    2.7578100586e+02
    1.0299299844e-02    2.5161500549e+02
    1.0399599560e-02    2.0854299927e+02
    1.0499699973e-02    1.8549299622e+02
    1.0599800386e-02    2.3492999268e+02
    1.0700000450e-02    2.8204998779e+02
    1.0799500160e-02    2.8651400757e+02
    1.0899400339e-02    2.7855099487e+02
    1.0999600403e-02    2.5905899048e+02
    1.1099499650e-02    2.3652799988e+02
    1.1199899949e-02    1.8332600403e+02
    1.1299300008e-02    1.3636599731e+02
    1.1399899609e-02    1.2241899872e+02
    1.1499200016e-02    1.3456599426e+02
    1.1599300429e-02    1.5707899475e+02
    1.1699199677e-02    2.0885600281e+02
    1.1799300089e-02    2.5875399780e+02
    1.1899099685e-02    2.6549600220e+02
    1.1999900453e-02    2.2762199402e+02
    1.2099999934e-02    2.3027900696e+02
    1.2199499644e-02    2.4667999268e+02
    1.2299699709e-02    2.6429299927e+02
    1.2399899773e-02    2.7043600464e+02
    1.2500000186e-02    2.5735800171e+02
    1.2599799782e-02    2.5504600525e+02
    1.2699400075e-02    2.5502799988e+02
    1.2799600139e-02    2.5503100586e+02
    1.2899300084e-02    2.5055999756e+02
    1.2999599800e-02    1.9600000000e+02
    1.3099400327e-02    1.1594899750e+02
    1.3199600391e-02    6.0890201569e+01
    1.3299800456e-02    4.1215198517e+01
    1.3399999589e-02    4.1066299438e+01
    1.3499500230e-02    1.4373000145e+01
    1.3599700294e-02    9.9947294530e-07
    1.3699599542e-02    9.9879605386e-07
    1.3799100183e-02    9.9792202946e-07
    1.3899699785e-02    9.9698797840e-07
    1.3999599963e-02    9.9594001313e-07
    1.4099899679e-02    9.9470901205e-07
    1.4199499972e-02    9.9326098280e-07
    1.4299900271e-02    9.9164901712e-07
    1.4399800450e-02    9.8993405118e-07
    1.4499899931e-02    9.8811096905e-07
    1.4600000344e-02    9.8621501365e-07
    1.4699099585e-02    9.8426698969e-07
    1.4799499884e-02    9.8224904832e-07
    1.4899699949e-02    9.8029499895e-07
    1.4999800362e-02    9.7844201719e-07
    1.5099899843e-02    9.7663803444e-07
    1.5200000256e-02    9.7473900951e-07
    1.5298999846e-02    9.7260397069e-07
    1.5399799682e-02    9.7016595646e-07
    1.5499699861e-02    9.6746202871e-07
    1.5599399805e-02    9.6445000963e-07
    1.5699600801e-02    9.6114604275e-07
    1.5799500048e-02    9.5770303687e-07
    1.5899799764e-02    9.5424798019e-07
    1.5999399126e-02    9.5091201047e-07
    1.6099600121e-02    9.4771399972e-07
    1.6199499369e-02    9.4476200729e-07
    1.6299700364e-02    9.4197798717e-07
    1.6399899498e-02    9.3920601785e-07
    1.6499800608e-02    9.3637498821e-07
    1.6599699855e-02    9.3348802466e-07
    1.6699599102e-02    9.3060202744e-07
    1.6799600795e-02    9.2774899940e-07
    1.6899300739e-02    9.2496497928e-07
    1.6999099404e-02    9.2231698545e-07
    1.7098799348e-02    9.1985697281e-07
    1.7200000584e-02    9.1747597253e-07
    1.7299300060e-02    9.1514800715e-07
    1.7400000244e-02    9.1272698910e-07
    1.7499800771e-02    9.1026498694e-07
    1.7599599436e-02    9.0775597528e-07
    1.7699299380e-02    9.0519898777e-07
    1.7798999324e-02    9.0268201802e-07
    1.7898799852e-02    9.0033398692e-07
    1.7999300733e-02    8.9821998017e-07
    1.8099799752e-02    8.9638399459e-07
    1.8199900165e-02    8.9483700094e-07
    1.8299600109e-02    8.9353699195e-07
    1.8399400637e-02    8.9240097623e-07
    1.8499199301e-02    8.9133300207e-07
    1.8598899245e-02    8.9021301619e-07
    1.8699899316e-02    8.8890902816e-07
    1.8799500540e-02    8.8735799864e-07
    1.8899299204e-02    8.8554202193e-07
    1.8998999149e-02    8.8352800276e-07
    1.9099500030e-02    8.8138500587e-07
    1.9199199975e-02    8.7926997594e-07
    1.9299000502e-02    8.7730597897e-07
    1.9400000572e-02    8.7555901018e-07
    1.9499700516e-02    8.7409597427e-07
    1.9599499181e-02    8.7286900907e-07
    1.9699299708e-02    8.7179398633e-07
    1.9798999652e-02    8.7081497213e-07
    1.9898800179e-02    8.6992201886e-07
    1.9999800250e-02    8.6909398078e-07
    2.0099600777e-02    8.6831300905e-07
    2.0199300721e-02    8.6748599415e-07
    2.0299099386e-02    8.6650101139e-07
    2.0398899913e-02    8.6524499920e-07
    2.0499899983e-02    8.6363502305e-07
    2.0599599928e-02    8.6174799208e-07
    2.0699400455e-02    8.5966701135e-07
    2.0799199119e-02    8.5751702272e-07
    2.0898999646e-02    8.5544002104e-07
    2.0999899134e-02    8.5353400436e-07
    2.1099699661e-02    8.5192601773e-07
    2.1199500188e-02    8.5063197730e-07
    2.1299300715e-02    8.4960402091e-07
    2.1399000660e-02    8.4870197270e-07
    2.1498799324e-02    8.4774001152e-07
    2.1599799395e-02    8.4656301169e-07
    2.1699599922e-02    8.4512299736e-07
    2.1799400449e-02    8.4339899331e-07
    2.1899100393e-02    8.4142698142e-07
    2.1998900920e-02    8.3927102423e-07
    2.2099899128e-02    8.3697801756e-07
    2.2199699655e-02    8.3469001311e-07
    2.2299399599e-02    8.3250699845e-07
    2.2399200127e-02    8.3053498656e-07
    2.2499000654e-02    8.2882502284e-07
    2.2600000724e-02    8.2734902662e-07
    2.2699799389e-02    8.2612700680e-07
    2.2799499333e-02    8.2512002564e-07
    2.2899299860e-02    8.2429698978e-07
    2.2999100387e-02    8.2358400277e-07
    2.3098800331e-02    8.2288698877e-07
    2.3199800402e-02    8.2210800656e-07
    2.3299600929e-02    8.2120402567e-07
    2.3399399593e-02    8.2010399183e-07
    2.3499200121e-02    8.1876601143e-07
    2.3598900065e-02    8.1721498191e-07
    2.3699900135e-02    8.1550297182e-07
    2.3799799383e-02    8.1378601635e-07
    2.3899100721e-02    8.1218001924e-07
    2.3998999968e-02    8.1078201219e-07
    2.4099500850e-02    8.0966401583e-07
    2.4199299514e-02    8.0882398379e-07
    2.4299500510e-02    8.0817000025e-07
    2.4399299175e-02    8.0762600874e-07
    2.4499099702e-02    8.0714198702e-07
    2.4598799646e-02    8.0670298530e-07
    2.4699799716e-02    8.0630201182e-07
    2.4799600244e-02    8.0594099927e-07
    2.4899400771e-02    8.0562898574e-07
    2.4999199435e-02    8.0538802649e-07
    2.5098999962e-02    8.0522897861e-07
    2.5200000033e-02    8.0513899547e-07
    2.5299699977e-02    8.0507902567e-07
    2.5399699807e-02    8.0500899458e-07
    2.5499500334e-02    8.0486802290e-07
    2.5599200279e-02    8.0459199125e-07
    2.5699000806e-02    8.0412502257e-07
    2.5798799470e-02    8.0343698983e-07
    2.5900000706e-02    8.0253198576e-07
    2.5999600068e-02    8.0150397253e-07
    2.6099100709e-02    8.0044401329e-07
    2.6199400425e-02    7.9944101117e-07
    2.6299299672e-02    7.9856499724e-07
    2.6399500668e-02    7.9784200580e-07
    2.6499699801e-02    7.9728300761e-07
    2.6599600911e-02    7.9687401922e-07
    2.6699300855e-02    7.9656797425e-07
    2.6799799874e-02    7.9627398009e-07
    2.6899699122e-02    7.9588198787e-07
    2.6999600232e-02    7.9528501828e-07
    2.7099799365e-02    7.9442600054e-07
    2.7200000361e-02    7.9332897940e-07
    2.7299499139e-02    7.9206597547e-07
    2.7399700135e-02    7.9072600556e-07
    2.7499899268e-02    7.8940701087e-07
    2.7599500492e-02    7.8819397231e-07
    2.7699800208e-02    7.8711099150e-07
    2.7799399570e-02    7.8614800714e-07
    2.7899600565e-02    7.8522299418e-07
    2.7999799699e-02    7.8423602190e-07
    2.8099300340e-02    7.8306698015e-07
    2.8199499473e-02    7.8161099282e-07
    2.8299400583e-02    7.7987300529e-07
    2.8399700299e-02    7.7787001374e-07
    2.8499500826e-02    7.7568802226e-07
    2.8599699959e-02    7.7341002225e-07
    2.8699999675e-02    7.7113497809e-07
    2.8799800202e-02    7.6894002632e-07
    2.8899600729e-02    7.6683699035e-07
    2.8999200091e-02    7.6485997624e-07
    2.9099300504e-02    7.6298999829e-07
    2.9199600220e-02    7.6121398251e-07
    2.9299799353e-02    7.5949600387e-07
    2.9399100691e-02    7.5780599218e-07
    2.9499899596e-02    7.5602901006e-07
    2.9599599540e-02    7.5416602385e-07
    2.9699800536e-02    7.5216098594e-07
    2.9799800366e-02    7.4998501987e-07
    2.9899699613e-02    7.4764301417e-07
    2.9999900609e-02    7.4516498216e-07
