       301
    0.0000000000e+00    0.0000000000e+00
    9.9796299764e-05    0.0000000000e+00
    1.9923200307e-04    2.4616100269e-09
    2.9902800452e-04    1.0966400232e-08
    3.9882300189e-04    2.0254400823e-08
    4.9983500503e-04    2.9647599931e-08
    5.9963000240e-04    3.8867401742e-08
    6.9942302071e-04    4.7907498413e-08
    7.9921598081e-04    5.6833499684e-08
    8.9900899911e-04    6.5722701947e-08
    9.9880003836e-04    7.4578402121e-08
    1.0998100042e-03    8.3401602069e-08
    1.1996000540e-03    9.2042398592e-08
    1.2993899873e-03    1.0067400069e-07
    1.3991700253e-03    1.0933899830e-07
    1.4989400515e-03    1.1806100275e-07
    1.5999299940e-03    1.2675799610e-07
    1.6997000203e-03    1.3525099973e-07
    1.7994700465e-03    1.4377799573e-07
    1.8992299447e-03    1.5237600337e-07
    1.9990000874e-03    1.6081600052e-07
    2.0999799017e-03    1.6926800583e-07
    2.1997399163e-03    1.7760599746e-07
    2.2994899191e-03    1.8602699470e-07
    2.3992399219e-03    1.9450000366e-07
    2.4989699014e-03    2.0302799442e-07
    2.5999199133e-03    2.1181699594e-07
    2.6996498927e-03    2.2071100148e-07
    2.7993801050e-03    2.2978299796e-07
    2.8991100844e-03    2.3906301294e-07
    2.9988300521e-03    2.4860099757e-07
    3.0997600406e-03    2.5849999474e-07
    3.1994699966e-03    2.6854499424e-07
    3.2991799526e-03    2.7869899100e-07
    3.3988798968e-03    2.8901899896e-07
    3.4988799598e-03    2.9973799087e-07
    3.5997300874e-03    3.1088001151e-07
    3.6994200200e-03    3.2220899016e-07
    3.7991199642e-03    3.3387999565e-07
    3.8988098968e-03    3.4598099319e-07
    3.9997198619e-03    3.5865400605e-07
    4.0994100273e-03    3.7150400090e-07
    4.1998499073e-03    3.8471600305e-07
    4.2995400727e-03    3.9795199314e-07
    4.3992297724e-03    4.1111800897e-07
    4.4997301884e-03    4.2418199087e-07
    4.5994301327e-03    4.3681998818e-07
    4.6991198324e-03    4.4896799523e-07
    4.7991098836e-03    4.6054199743e-07
    4.8991697840e-03    4.7137200454e-07
    4.9989097752e-03    4.8141799880e-07
    5.0995298661e-03    4.9097599231e-07
    5.1992097870e-03    5.0002398666e-07
    5.2994498983e-03    5.0878099955e-07
    5.3996299393e-03    5.1735901252e-07
    5.4993601516e-03    5.2580901411e-07
    5.5995602161e-03    5.3425901569e-07
    5.6999400258e-03    5.4267098903e-07
    5.7998499833e-03    5.5088901263e-07
    5.8988300152e-03    5.5914802033e-07
    5.9998501092e-03    5.6797500747e-07
    6.0998299159e-03    5.7550198562e-07
    6.1999601312e-03    5.8157002059e-07
    6.2991799787e-03    5.8668797465e-07
    6.3993800431e-03    5.9149897425e-07
    6.4995200373e-03    5.9818700038e-07
    6.5998598002e-03    6.0521301748e-07
    6.6990898922e-03    6.1116497818e-07
    6.7999497987e-03    6.1654998262e-07
    6.8994001485e-03    6.2215502794e-07
    6.9994498044e-03    6.2867798079e-07
    7.0998999290e-03    6.3470400846e-07
    7.1988701820e-03    6.4221302409e-07
    7.2998302057e-03    6.5171502683e-07
    7.3992698453e-03    6.6143297772e-07
    7.4999900535e-03    6.7050200414e-07
    7.5999400578e-03    6.7868899123e-07
    7.6996101998e-03    6.8722397373e-07
    7.7994000167e-03    6.9690401006e-07
    7.8994100913e-03    7.0738002478e-07
    7.9989396036e-03    7.1722200801e-07
    8.0998800695e-03    7.2606900403e-07
    8.1994403154e-03    7.3367300502e-07
    8.2994299009e-03    7.3971898473e-07
    8.3999102935e-03    7.4414901974e-07
    8.4998002276e-03    7.4717797816e-07
    8.5998801515e-03    7.4933598171e-07
    8.6998296902e-03    7.5125501553e-07
    8.7989196181e-03    7.5311999126e-07
    8.8992901146e-03    7.5532000210e-07
    8.9999595657e-03    7.5858400805e-07
    9.0990196913e-03    7.6309197539e-07
    9.1994898394e-03    7.6856701980e-07
    9.2997802421e-03    7.7439801771e-07
    9.3998499215e-03    7.8044001839e-07
    9.4996597618e-03    7.8663697423e-07
    9.5994602889e-03    7.9281898024e-07
    9.6996696666e-03    7.9869602132e-07
    9.7995502874e-03    8.0387798107e-07
    9.8998798057e-03    8.0808001712e-07
    9.9994000047e-03    8.1157202203e-07
    1.0099600069e-02    8.1517799799e-07
    1.0199200362e-02    8.1893801962e-07
    1.0299299844e-02    8.2245298927e-07
    1.0399599560e-02    8.2517499322e-07
    1.0499699973e-02    8.2699199311e-07
    1.0599800386e-02    8.2813397739e-07
    1.0700000450e-02    8.2881899743e-07
    1.0799500160e-02    8.2930000644e-07
    1.0899400339e-02    8.2990999317e-07
    1.0999600403e-02    8.3069198809e-07
    1.1099499650e-02    8.3145101826e-07
    1.1199899949e-02    8.3205202372e-07
    1.1299300008e-02    8.3237597437e-07
    1.1399899609e-02    8.3252302829e-07
    1.1499200016e-02    8.3271800122e-07
    1.1599300429e-02    8.3287801544e-07
    1.1699199677e-02    8.3289501163e-07
    1.1799300089e-02    8.3251899241e-07
    1.1899099685e-02    8.3153997821e-07
    1.1999900453e-02    8.3001901885e-07
    1.2099999934e-02    8.2824999481e-07
    1.2199499644e-02    8.2639900256e-07
    1.2299699709e-02    8.2446399574e-07
    1.2399899773e-02    8.2239000676e-07
    1.2500000186e-02    8.2022302195e-07
    1.2599799782e-02    8.1797497842e-07
    1.2699400075e-02    8.1557101339e-07
    1.2799600139e-02    8.1286600562e-07
    1.2899300084e-02    8.0986700368e-07
    1.2999599800e-02    8.0664898405e-07
    1.3099400327e-02    8.0335502162e-07
    1.3199600391e-02    8.0019799498e-07
    1.3299800456e-02    7.9730301650e-07
    1.3399999589e-02    7.9456401636e-07
    1.3499500230e-02    7.9177800671e-07
    1.3599700294e-02    7.8883897459e-07
    1.3699599542e-02    7.8597798847e-07
    1.3799100183e-02    7.8337097875e-07
    1.3899699785e-02    7.8096599054e-07
    1.3999599963e-02    7.7880497429e-07
    1.4099899679e-02    7.7684302369e-07
    1.4199499972e-02    7.7504097362e-07
    1.4299900271e-02    7.7320800074e-07
    1.4399800450e-02    7.7123900155e-07
    1.4499899931e-02    7.6907900848e-07
    1.4600000344e-02    7.6672898786e-07
    1.4699099585e-02    7.6415199146e-07
    1.4799499884e-02    7.6119397363e-07
    1.4899699949e-02    7.5797902355e-07
    1.4999800362e-02    7.5467897886e-07
    1.5099899843e-02    7.5142901323e-07
    1.5200000256e-02    7.4837902275e-07
    1.5298999846e-02    7.4565298291e-07
    1.5399799682e-02    7.4326402455e-07
    1.5499699861e-02    7.4127700600e-07
    1.5599399805e-02    7.3963701652e-07
    1.5699600801e-02    7.3835298053e-07
    1.5799500048e-02    7.3743302664e-07
    1.5899799764e-02    7.3681400181e-07
    1.5999399126e-02    7.3640200071e-07
    1.6099600121e-02    7.3602097928e-07
    1.6199499369e-02    7.3550802426e-07
    1.6299700364e-02    7.3480799756e-07
    1.6399899498e-02    7.3394500077e-07
    1.6499800608e-02    7.3293699643e-07
    1.6599699855e-02    7.3176602200e-07
    1.6699599102e-02    7.3046402349e-07
    1.6799600795e-02    7.2907499771e-07
    1.6899300739e-02    7.2765197956e-07
    1.6999099404e-02    7.2625101666e-07
    1.7098799348e-02    7.2490001912e-07
    1.7200000584e-02    7.2350400160e-07
    1.7299300060e-02    7.2196797873e-07
    1.7400000244e-02    7.2015200203e-07
    1.7499800771e-02    7.1806300639e-07
    1.7599599436e-02    7.1576397431e-07
    1.7699299380e-02    7.1336000929e-07
    1.7798999324e-02    7.1092597409e-07
    1.7898799852e-02    7.0851001510e-07
    1.7999300733e-02    7.0616101766e-07
    1.8099799752e-02    7.0391399731e-07
    1.8199900165e-02    7.0175701694e-07
    1.8299600109e-02    6.9965199145e-07
    1.8399400637e-02    6.9764001864e-07
    1.8499199301e-02    6.9575202133e-07
    1.8598899245e-02    6.9393598778e-07
    1.8699899316e-02    6.9213899678e-07
    1.8799500540e-02    6.9035502293e-07
    1.8899299204e-02    6.8852699542e-07
    1.8998999149e-02    6.8666798825e-07
    1.9099500030e-02    6.8477498871e-07
    1.9199199975e-02    6.8290398758e-07
    1.9299000502e-02    6.8105600803e-07
    1.9400000572e-02    6.7918398372e-07
    1.9499700516e-02    6.7729598641e-07
    1.9599499181e-02    6.7531402692e-07
    1.9699299708e-02    6.7322901032e-07
    1.9798999652e-02    6.7105997914e-07
    1.9898800179e-02    6.6877402105e-07
    1.9999800250e-02    6.6633401730e-07
    2.0099600777e-02    6.6381898023e-07
    2.0199300721e-02    6.6118599307e-07
    2.0299099386e-02    6.5845802055e-07
    2.0398899913e-02    6.5569298613e-07
    2.0499899983e-02    6.5294102569e-07
    2.0599599928e-02    6.5034902264e-07
    2.0699400455e-02    6.4796199695e-07
    2.0799199119e-02    6.4588198256e-07
    2.0898999646e-02    6.4416502710e-07
    2.0999899134e-02    6.4279299750e-07
    2.1099699661e-02    6.4175901571e-07
    2.1199500188e-02    6.4098497887e-07
    2.1299300715e-02    6.4039301151e-07
    2.1399000660e-02    6.3990597710e-07
    2.1498799324e-02    6.3944901285e-07
    2.1599799395e-02    6.3894998448e-07
    2.1699599922e-02    6.3844402121e-07
    2.1799400449e-02    6.3796699123e-07
    2.1899100393e-02    6.3753901713e-07
    2.1998900920e-02    6.3716697696e-07
    2.2099899128e-02    6.3681397933e-07
    2.2199699655e-02    6.3642698933e-07
    2.2299399599e-02    6.3594501398e-07
    2.2399200127e-02    6.3534702122e-07
    2.2499000654e-02    6.3467501832e-07
    2.2600000724e-02    6.3396799987e-07
    2.2699799389e-02    6.3323301447e-07
    2.2799499333e-02    6.3241998305e-07
    2.2899299860e-02    6.3146802631e-07
    2.2999100387e-02    6.3035702169e-07
    2.3098800331e-02    6.2914301679e-07
    2.3199800402e-02    6.2791599476e-07
    2.3299600929e-02    6.2682101998e-07
    2.3399399593e-02    6.2589600702e-07
    2.3499200121e-02    6.2512998511e-07
    2.3598900065e-02    6.2451800886e-07
    2.3699900135e-02    6.2408497570e-07
    2.3799799383e-02    6.2387397293e-07
    2.3899100721e-02    6.2385498723e-07
    2.3998999968e-02    6.2392399514e-07
    2.4099500850e-02    6.2397299416e-07
    2.4199299514e-02    6.2387601929e-07
    2.4299500510e-02    6.2346100549e-07
    2.4399299175e-02    6.2262199663e-07
    2.4499099702e-02    6.2132500034e-07
    2.4598799646e-02    6.1959298137e-07
    2.4699799716e-02    6.1746902702e-07
    2.4799600244e-02    6.1508700355e-07
    2.4899400771e-02    6.1253700778e-07
    2.4999199435e-02    6.0994602791e-07
    2.5098999962e-02    6.0741302832e-07
    2.5200000033e-02    6.0499900201e-07
    2.5299699977e-02    6.0281701053e-07
    2.5399699807e-02    6.0083698372e-07
    2.5499500334e-02    5.9900997940e-07
    2.5599200279e-02    5.9725300616e-07
    2.5699000806e-02    5.9551797449e-07
    2.5798799470e-02    5.9378498918e-07
    2.5900000706e-02    5.9201198610e-07
    2.5999600068e-02    5.9021300558e-07
    2.6099100709e-02    5.8834899619e-07
    2.6199400425e-02    5.8640597445e-07
    2.6299299672e-02    5.8442498130e-07
    2.6399500668e-02    5.8240897260e-07
    2.6499699801e-02    5.8035800521e-07
    2.6599600911e-02    5.7824297528e-07
    2.6699300855e-02    5.7599100955e-07
    2.6799799874e-02    5.7350501947e-07
    2.6899699122e-02    5.7080700344e-07
    2.6999600232e-02    5.6793197700e-07
    2.7099799365e-02    5.6496799061e-07
    2.7200000361e-02    5.6201201915e-07
    2.7299499139e-02    5.5914699715e-07
    2.7399700135e-02    5.5637400465e-07
    2.7499899268e-02    5.5370799146e-07
    2.7599500492e-02    5.5114702491e-07
    2.7699800208e-02    5.4863397736e-07
    2.7799399570e-02    5.4620801393e-07
    2.7899600565e-02    5.4382201142e-07
    2.7999799699e-02    5.4148597428e-07
    2.8099300340e-02    5.3923201904e-07
    2.8199499473e-02    5.3703399772e-07
    2.8299400583e-02    5.3492897223e-07
    2.8399700299e-02    5.3292200164e-07
    2.8499500826e-02    5.3104400877e-07
    2.8599699959e-02    5.2925099681e-07
    2.8699999675e-02    5.2750402801e-07
    2.8799800202e-02    5.2578297982e-07
    2.8899600729e-02    5.2398797834e-07
    2.8999200091e-02    5.2200499567e-07
    2.9099300504e-02    5.1970397408e-07
    2.9199600220e-02    5.1703102599e-07
    2.9299799353e-02    5.1401599421e-07
    2.9399100691e-02    5.1078001206e-07
    2.9499899596e-02    5.0734399792e-07
    2.9599599540e-02    5.0390502793e-07
    2.9699800536e-02    5.0052398137e-07
    2.9799800366e-02    4.9731499985e-07
    2.9899699613e-02    4.9428501825e-07
    2.9999900609e-02    4.9141698355e-07
