       301
    0.0000000000e+00    0.0000000000e+00
    9.9796299764e-05    0.0000000000e+00
    1.9923200307e-04    1.0986600074e-08
    2.9902800452e-04    2.8353399628e-08
    3.9882300189e-04    4.6235001605e-08
    4.9983500503e-04    6.4334997774e-08
    5.9963000240e-04    8.2199797191e-08
    6.9942302071e-04    9.9998899827e-08
    7.9921598081e-04    1.1776899811e-07
    8.9900899911e-04    1.3572200430e-07
    9.9880003836e-04    1.5382100571e-07
    1.0998100042e-03    1.7230800609e-07
    1.1996000540e-03    1.9086600389e-07
    1.2993899873e-03    2.0979899773e-07
    1.3991700253e-03    2.2904200137e-07
    1.4989400515e-03    2.4874398719e-07
    1.5999299940e-03    2.6898800343e-07
    1.6997000203e-03    2.8942301356e-07
    1.7994700465e-03    3.1042299042e-07
    1.8992299447e-03    3.3201598626e-07
    1.9990000874e-03    3.5411599697e-07
    2.0999799017e-03    3.7691899024e-07
    2.1997399163e-03    3.9970498733e-07
    2.2994899191e-03    4.2252599997e-07
    2.3992399219e-03    4.4504301400e-07
    2.4989699014e-03    4.6704400347e-07
    2.5999199133e-03    4.8868400881e-07
    2.6996498927e-03    5.0928298378e-07
    2.7993801050e-03    5.2895802582e-07
    2.8991100844e-03    5.4762000445e-07
    2.9988300521e-03    5.6529501080e-07
    3.0997600406e-03    5.8216699017e-07
    3.1994699966e-03    5.9793597984e-07
    3.2991799526e-03    6.1291399334e-07
    3.3988798968e-03    6.2730799755e-07
    3.4988799598e-03    6.4137401523e-07
    3.5997300874e-03    6.5526097615e-07
    3.6994200200e-03    6.6873400328e-07
    3.7991199642e-03    6.8209101300e-07
    3.8988098968e-03    6.9556398330e-07
    3.9997198619e-03    7.0961800702e-07
    4.0994100273e-03    7.2411097563e-07
    4.1998499073e-03    7.3958500479e-07
    4.2995400727e-03    7.5600098626e-07
    4.3992297724e-03    7.7351899108e-07
    4.4997301884e-03    7.9216999893e-07
    4.5994301327e-03    8.1145401509e-07
    4.6991198324e-03    8.3125502215e-07
    4.7991098836e-03    8.5128800720e-07
    4.8991697840e-03    8.7088602641e-07
    4.9989097752e-03    8.8939799525e-07
    5.0995298661e-03    9.0670897634e-07
    5.1992097870e-03    9.2237797844e-07
    5.2994498983e-03    9.3668398904e-07
    5.3996299393e-03    9.4972699571e-07
    5.4993601516e-03    9.6180201581e-07
    5.5995602161e-03    9.7348197414e-07
    5.6999400258e-03    9.8505097412e-07
    5.7998499833e-03    9.9580995538e-07
    5.8988300152e-03    7.8394598389e+02
    5.9998501092e-03    8.6376800537e+02
    6.0998299159e-03    2.9492898560e+02
    6.1999601312e-03    9.9903400042e-07
    6.2991799787e-03    9.9649003005e-07
    6.3993800431e-03    9.9352598681e-07
    6.4995200373e-03    9.9005296761e-07
    6.5998598002e-03    9.8657699255e-07
    6.6990898922e-03    9.8253201486e-07
    6.7999497987e-03    9.7847896541e-07
    6.8994001485e-03    9.7395798093e-07
    6.9994498044e-03    9.6885298717e-07
    7.0998999290e-03    9.6355904589e-07
    7.1988701820e-03    9.5798998245e-07
    7.2998302057e-03    9.5215102647e-07
    7.3992698453e-03    9.4631701586e-07
    7.4999900535e-03    9.3971698334e-07
    7.5999400578e-03    9.3368799980e-07
    7.6996101998e-03    9.2866798695e-07
    7.7994000167e-03    9.2419901421e-07
    7.8994100913e-03    9.2047702083e-07
    7.9989396036e-03    9.1748501063e-07
    8.0998800695e-03    9.1448998774e-07
    8.1994403154e-03    9.1160200100e-07
    8.2994299009e-03    9.0819298748e-07
    8.3999102935e-03    9.0419098342e-07
    8.4998002276e-03    9.0049002210e-07
    8.5998801515e-03    8.9765597977e-07
    8.6998296902e-03    8.9543800641e-07
    8.7989196181e-03    8.9360599986e-07
    8.8992901146e-03    8.9205900622e-07
    8.9999595657e-03    8.9055799890e-07
    9.0990196913e-03    8.8904499762e-07
    9.1994898394e-03    8.8735197323e-07
    9.2997802421e-03    8.8504299356e-07
    9.3998499215e-03    8.8199698212e-07
    9.4996597618e-03    8.7831699602e-07
    9.5994602889e-03    8.7420801265e-07
    9.6996696666e-03    8.7019799366e-07
    9.7995502874e-03    8.6682200617e-07
    9.8998798057e-03    8.6389297849e-07
    9.9994000047e-03    8.6150600964e-07
    1.0099600069e-02    8.5986397380e-07
    1.0199200362e-02    8.5901302782e-07
    1.0299299844e-02    8.5866497557e-07
    1.0399599560e-02    8.5852900611e-07
    1.0499699973e-02    8.5853702103e-07
    1.0599800386e-02    8.5849802645e-07
    1.0700000450e-02    8.5843799980e-07
    1.0799500160e-02    8.5854702547e-07
    1.0899400339e-02    8.5894299673e-07
    1.0999600403e-02    8.5972197894e-07
    1.1099499650e-02    8.6095599272e-07
    1.1199899949e-02    8.6245700004e-07
    1.1299300008e-02    8.6398500798e-07
    1.1399899609e-02    8.6529098553e-07
    1.1499200016e-02    8.6629000862e-07
    1.1599300429e-02    8.6689698264e-07
    1.1699199677e-02    8.6694700485e-07
    1.1799300089e-02    8.6654802089e-07
    1.1899099685e-02    8.6600300619e-07
    1.1999900453e-02    8.6551597178e-07
    1.2099999934e-02    8.6526802079e-07
    1.2199499644e-02    8.6536300614e-07
    1.2299699709e-02    8.6557400891e-07
    1.2399899773e-02    8.6579098024e-07
    1.2500000186e-02    8.6597697191e-07
    1.2599799782e-02    8.6605098204e-07
    1.2699400075e-02    8.6603199634e-07
    1.2799600139e-02    8.6597401605e-07
    1.2899300084e-02    8.6598998905e-07
    1.2999599800e-02    8.6612902805e-07
    1.3099400327e-02    8.6628398321e-07
    1.3199600391e-02    8.6639897745e-07
    1.3299800456e-02    8.6661299292e-07
    1.3399999589e-02    8.6714601366e-07
    1.3499500230e-02    8.6804101329e-07
    1.3599700294e-02    8.6916497821e-07
    1.3699599542e-02    8.7026899109e-07
    1.3799100183e-02    8.7132201543e-07
    1.3899699785e-02    8.7240999846e-07
    1.3999599963e-02    8.7354197831e-07
    1.4099899679e-02    8.7466798959e-07
    1.4199499972e-02    8.7564302476e-07
    1.4299900271e-02    8.7641598157e-07
    1.4399800450e-02    8.7699697815e-07
    1.4499899931e-02    8.7753301159e-07
    1.4600000344e-02    8.7805602789e-07
    1.4699099585e-02    8.7848400199e-07
    1.4799499884e-02    8.7875702093e-07
    1.4899699949e-02    8.7886797928e-07
    1.4999800362e-02    8.7888099642e-07
    1.5099899843e-02    8.7883097422e-07
    1.5200000256e-02    8.7876497901e-07
    1.5298999846e-02    8.7869801746e-07
    1.5399799682e-02    8.7857802100e-07
    1.5499699861e-02    8.7838202489e-07
    1.5599399805e-02    8.7813401706e-07
    1.5699600801e-02    8.7785900860e-07
    1.5799500048e-02    8.7759997314e-07
    1.5899799764e-02    8.7739101673e-07
    1.5999399126e-02    8.7729301868e-07
    1.6099600121e-02    8.7732200882e-07
    1.6199499369e-02    8.7745002020e-07
    1.6299700364e-02    8.7763800138e-07
    1.6399899498e-02    8.7774600388e-07
    1.6499800608e-02    8.7764601631e-07
    1.6599699855e-02    8.7726800757e-07
    1.6699599102e-02    8.7663897830e-07
    1.6799600795e-02    8.7578899866e-07
    1.6899300739e-02    8.7474597876e-07
    1.6999099404e-02    8.7351202183e-07
    1.7098799348e-02    8.7215897793e-07
    1.7200000584e-02    8.7068701760e-07
    1.7299300060e-02    8.6920601916e-07
    1.7400000244e-02    8.6774599595e-07
    1.7499800771e-02    8.6632002194e-07
    1.7599599436e-02    8.6485601969e-07
    1.7699299380e-02    8.6329299620e-07
    1.7798999324e-02    8.6157899659e-07
    1.7898799852e-02    8.5970600594e-07
    1.7999300733e-02    8.5766498614e-07
    1.8099799752e-02    8.5543501882e-07
    1.8199900165e-02    8.5300297314e-07
    1.8299600109e-02    8.5041199327e-07
    1.8399400637e-02    8.4774399056e-07
    1.8499199301e-02    8.4506700659e-07
    1.8598899245e-02    8.4241702325e-07
    1.8699899316e-02    8.3978198973e-07
    1.8799500540e-02    8.3722198951e-07
    1.8899299204e-02    8.3468501089e-07
    1.8998999149e-02    8.3217202018e-07
    1.9099500030e-02    8.2967102344e-07
    1.9199199975e-02    8.2719799366e-07
    1.9299000502e-02    8.2466300455e-07
    1.9400000572e-02    8.2197800566e-07
    1.9499700516e-02    8.1919898776e-07
    1.9599499181e-02    8.1631299054e-07
    1.9699299708e-02    8.1333502067e-07
    1.9798999652e-02    8.1025200416e-07
    1.9898800179e-02    8.0704501215e-07
    1.9999800250e-02    8.0367499322e-07
    2.0099600777e-02    8.0027200511e-07
    2.0199300721e-02    7.9683599097e-07
    2.0299099386e-02    7.9341299397e-07
    2.0398899913e-02    7.9004502140e-07
    2.0499899983e-02    7.8671399706e-07
    2.0599599928e-02    7.8353400568e-07
    2.0699400455e-02    7.8050601360e-07
    2.0799199119e-02    7.7766202367e-07
    2.0898999646e-02    7.7498799556e-07
    2.0999899134e-02    7.7238001950e-07
    2.1099699661e-02    7.6981399388e-07
    2.1199500188e-02    7.6717702768e-07
    2.1299300715e-02    7.6437902408e-07
    2.1399000660e-02    7.6139099292e-07
    2.1498799324e-02    7.5827102819e-07
    2.1599799395e-02    7.5510098441e-07
    2.1699599922e-02    7.5205997518e-07
    2.1799400449e-02    7.4914697734e-07
    2.1899100393e-02    7.4635897818e-07
    2.1998900920e-02    7.4367000025e-07
    2.2099899128e-02    7.4100097436e-07
    2.2199699655e-02    7.3836400816e-07
    2.2299399599e-02    7.3566400260e-07
    2.2399200127e-02    7.3285201552e-07
    2.2499000654e-02    7.2989797673e-07
    2.2600000724e-02    7.2673901741e-07
    2.2699799389e-02    7.2348200320e-07
    2.2799499333e-02    7.2018798392e-07
    2.2899299860e-02    7.1695001225e-07
    2.2999100387e-02    7.1385301226e-07
    2.3098800331e-02    7.1095399790e-07
    2.3199800402e-02    7.0825501552e-07
    2.3299600929e-02    7.0582302669e-07
    2.3399399593e-02    7.0359999427e-07
    2.3499200121e-02    7.0153299703e-07
    2.3598900065e-02    6.9957400228e-07
    2.3699900135e-02    6.9765900435e-07
    2.3799799383e-02    6.9578601369e-07
    2.3899100721e-02    6.9394701541e-07
    2.3998999968e-02    6.9216599741e-07
    2.4099500850e-02    6.9049002605e-07
    2.4199299514e-02    6.8896099492e-07
    2.4299500510e-02    6.8753001869e-07
    2.4399299175e-02    6.8616299131e-07
    2.4499099702e-02    6.8481199378e-07
    2.4598799646e-02    6.8343098292e-07
    2.4699799716e-02    6.8197601877e-07
    2.4799600244e-02    6.8047199875e-07
    2.4899400771e-02    6.7890601940e-07
    2.4999199435e-02    6.7728399245e-07
    2.5098999962e-02    6.7560898742e-07
    2.5200000033e-02    6.7392102210e-07
    2.5299699977e-02    6.7235902179e-07
    2.5399699807e-02    6.7098397949e-07
    2.5499500334e-02    6.6985001013e-07
    2.5599200279e-02    6.6894102702e-07
    2.5699000806e-02    6.6820797429e-07
    2.5798799470e-02    6.6758900630e-07
    2.5900000706e-02    6.6700397383e-07
    2.5999600068e-02    6.6643002583e-07
    2.6099100709e-02    6.6583498892e-07
    2.6199400425e-02    6.6520300379e-07
    2.6299299672e-02    6.6452497549e-07
    2.6399500668e-02    6.6380800945e-07
    2.6499699801e-02    6.6309098656e-07
    2.6599600911e-02    6.6244899699e-07
    2.6699300855e-02    6.6195798354e-07
    2.6799799874e-02    6.6165802082e-07
    2.6899699122e-02    6.6154899514e-07
    2.6999600232e-02    6.6154797196e-07
    2.7099799365e-02    6.6157997480e-07
    2.7200000361e-02    6.6158901291e-07
    2.7299499139e-02    6.6155701006e-07
    2.7399700135e-02    6.6145702249e-07
    2.7499899268e-02    6.6129200604e-07
    2.7599500492e-02    6.6111499564e-07
    2.7699800208e-02    6.6096100682e-07
    2.7799399570e-02    6.6087000050e-07
    2.7899600565e-02    6.6084800210e-07
    2.7999799699e-02    6.6085999606e-07
    2.8099300340e-02    6.6095100237e-07
    2.8199499473e-02    6.6108498231e-07
    2.8299400583e-02    6.6118997211e-07
    2.8399700299e-02    6.6120998099e-07
    2.8499500826e-02    6.6113102548e-07
    2.8599699959e-02    6.6096498585e-07
    2.8699999675e-02    6.6075398308e-07
    2.8799800202e-02    6.6053900127e-07
    2.8899600729e-02    6.6033902613e-07
    2.8999200091e-02    6.6018600364e-07
    2.9099300504e-02    6.6006901989e-07
    2.9199600220e-02    6.5998898435e-07
    2.9299799353e-02    6.5988700726e-07
    2.9399100691e-02    6.5974302288e-07
    2.9499899596e-02    6.5954702677e-07
    2.9599599540e-02    6.5927997639e-07
    2.9699800536e-02    6.5891902068e-07
    2.9799800366e-02    6.5848900022e-07
    2.9899699613e-02    6.5802100835e-07
    2.9999900609e-02    6.5756699996e-07
