       301
    0.0000000000e+00    0.0000000000e+00
    9.9796299764e-05    0.0000000000e+00
    1.9923200307e-04    2.4616100269e-09
    2.9902800452e-04    1.0966400232e-08
    3.9882300189e-04    2.0254400823e-08
    4.9983500503e-04    2.9647599931e-08
    5.9963000240e-04    3.8867401742e-08
    6.9942302071e-04    4.7907498413e-08
    7.9921598081e-04    5.6833499684e-08
    8.9900899911e-04    6.5722701947e-08
    9.9880003836e-04    7.4578402121e-08
    1.0998100042e-03    8.3401602069e-08
    1.1996000540e-03    9.2042398592e-08
    1.2993899873e-03    1.0067400069e-07
    1.3991700253e-03    1.0933899830e-07
    1.4989400515e-03    1.1806100275e-07
    1.5999299940e-03    1.2675799610e-07
    1.6997000203e-03    1.3525099973e-07
    1.7994700465e-03    1.4377799573e-07
    1.8992299447e-03    1.5237600337e-07
    1.9990000874e-03    1.6081600052e-07
    2.0999799017e-03    1.6926800583e-07
    2.1997399163e-03    1.7760599746e-07
    2.2994899191e-03    1.8602699470e-07
    2.3992399219e-03    1.9450000366e-07
    2.4989699014e-03    2.0302799442e-07
    2.5999199133e-03    2.1181699594e-07
    2.6996498927e-03    2.2071100148e-07
    2.7993801050e-03    2.2978299796e-07
    2.8991100844e-03    2.3906301294e-07
    2.9988300521e-03    2.4860099757e-07
    3.0997600406e-03    2.5849999474e-07
    3.1994699966e-03    2.6854499424e-07
    3.2991799526e-03    2.7869899100e-07
    3.3988798968e-03    2.8901899896e-07
    3.4988799598e-03    2.9973699611e-07
    3.5997300874e-03    3.1088001151e-07
    3.6994200200e-03    3.2220799540e-07
    3.7991199642e-03    3.3387999565e-07
    3.8988098968e-03    3.4598099319e-07
    3.9997198619e-03    3.5865400605e-07
    4.0994100273e-03    3.7150400090e-07
    4.1998499073e-03    3.8471600305e-07
    4.2995400727e-03    3.9795199314e-07
    4.3992297724e-03    4.1111701421e-07
    4.4997301884e-03    4.2418199087e-07
    4.5994301327e-03    4.3681998818e-07
    4.6991198324e-03    4.4896700047e-07
    4.7991098836e-03    4.6054199743e-07
    4.8991697840e-03    4.7137200454e-07
    4.9989097752e-03    4.8141799880e-07
    5.0995298661e-03    4.9097599231e-07
    5.1992097870e-03    5.0002398666e-07
    5.2994498983e-03    5.0878099955e-07
    5.3996299393e-03    5.1735901252e-07
    5.4993601516e-03    5.2580901411e-07
    5.5995602161e-03    5.3425901569e-07
    5.6999400258e-03    5.4267098903e-07
    5.7998499833e-03    5.5088901263e-07
    5.8988300152e-03    5.5914802033e-07
    5.9998501092e-03    5.6797500747e-07
    6.0998299159e-03    5.7550101928e-07
    6.1999601312e-03    5.8157002059e-07
    6.2991799787e-03    5.8668797465e-07
    6.3993800431e-03    5.9149800791e-07
    6.4995200373e-03    5.9818597720e-07
    6.5998598002e-03    6.0521102796e-07
    6.6990898922e-03    6.1115798644e-07
    6.7999497987e-03    6.1654202455e-07
    6.8994001485e-03    6.2215201524e-07
    6.9994498044e-03    6.2868099349e-07
    7.0998999290e-03    6.3471401290e-07
    7.1988701820e-03    6.4222297169e-07
    7.2998302057e-03    6.5173202302e-07
    7.3992698453e-03    6.6145599931e-07
    7.4999900535e-03    6.7052098984e-07
    7.5999400578e-03    6.7870598741e-07
    7.6996101998e-03    6.8723699087e-07
    7.7994000167e-03    6.9690997861e-07
    7.8994100913e-03    7.0738201430e-07
    7.9989396036e-03    7.1721700579e-07
    8.0998800695e-03    7.2605797641e-07
    8.1994403154e-03    7.3366197739e-07
    8.2994299009e-03    7.3971500569e-07
    8.3999102935e-03    7.4415902418e-07
    8.4998002276e-03    7.4720298926e-07
    8.5998801515e-03    7.4938100170e-07
    8.6998296902e-03    7.5131998756e-07
    8.7989196181e-03    7.5320201631e-07
    8.8992901146e-03    7.5541299793e-07
    8.9999595657e-03    7.5868001659e-07
    9.0990196913e-03    7.6318400488e-07
    9.1994898394e-03    7.6864898801e-07
    9.2997802421e-03    7.7447299418e-07
    9.3998499215e-03    7.8050499042e-07
    9.4996597618e-03    7.8668398373e-07
    9.5994602889e-03    7.9285797483e-07
    9.6996696666e-03    7.9873797176e-07
    9.7995502874e-03    8.0392499058e-07
    9.8998798057e-03    8.0813498471e-07
    9.9994000047e-03    8.1163699406e-07
    1.0099600069e-02    8.1525200812e-07
    1.0199200362e-02    8.1902499005e-07
    1.0299299844e-02    8.2255598954e-07
    1.0399599560e-02    8.2528902112e-07
    1.0499699973e-02    8.2711397908e-07
    1.0599800386e-02    8.2825999925e-07
    1.0700000450e-02    8.2894200659e-07
    1.0799500160e-02    8.2942699464e-07
    1.0899400339e-02    8.3003902773e-07
    1.0999600403e-02    8.3081198454e-07
    1.1099499650e-02    8.3156299979e-07
    1.1199899949e-02    8.3215297764e-07
    1.1299300008e-02    8.3246101212e-07
    1.1399899609e-02    8.3258902350e-07
    1.1499200016e-02    8.3277200247e-07
    1.1599300429e-02    8.3292201225e-07
    1.1699199677e-02    8.3292701447e-07
    1.1799300089e-02    8.3253502225e-07
    1.1899099685e-02    8.3154100139e-07
    1.1999900453e-02    8.3001202711e-07
    1.2099999934e-02    8.2824300307e-07
    1.2199499644e-02    8.2639598986e-07
    1.2299699709e-02    8.2446297256e-07
    1.2399899773e-02    8.2239802168e-07
    1.2500000186e-02    8.2023797177e-07
    1.2599799782e-02    8.1799498730e-07
    1.2699400075e-02    8.1558800957e-07
    1.2799600139e-02    8.1288402498e-07
    1.2899300084e-02    8.0988797890e-07
    1.2999599800e-02    8.0667200564e-07
    1.3099400327e-02    8.0338799080e-07
    1.3199600391e-02    8.0024000226e-07
    1.3299800456e-02    7.9734797964e-07
    1.3399999589e-02    7.9460897950e-07
    1.3499500230e-02    7.9182200352e-07
    1.3599700294e-02    7.8888700727e-07
    1.3699599542e-02    7.8603500242e-07
    1.3799100183e-02    7.8343902032e-07
    1.3899699785e-02    7.8104301338e-07
    1.3999599963e-02    7.7888302030e-07
    1.4099899679e-02    7.7692300238e-07
    1.4199499972e-02    7.7512697771e-07
    1.4299900271e-02    7.7329502801e-07
    1.4399800450e-02    7.7132597198e-07
    1.4499899931e-02    7.6916700209e-07
    1.4600000344e-02    7.6681999417e-07
    1.4699099585e-02    7.6424402096e-07
    1.4799499884e-02    7.6128497994e-07
    1.4899699949e-02    7.5807099620e-07
    1.4999800362e-02    7.5477601058e-07
    1.5099899843e-02    7.5153400303e-07
    1.5200000256e-02    7.4849100429e-07
    1.5298999846e-02    7.4577297937e-07
    1.5399799682e-02    7.4339101275e-07
    1.5499699861e-02    7.4140899642e-07
    1.5599399805e-02    7.3976997328e-07
    1.5699600801e-02    7.3848599413e-07
    1.5799500048e-02    7.3756399388e-07
    1.5899799764e-02    7.3694599223e-07
    1.5999399126e-02    7.3653302479e-07
    1.6099600121e-02    7.3614199891e-07
    1.6199499369e-02    7.3561699310e-07
    1.6299700364e-02    7.3490599561e-07
    1.6399899498e-02    7.3402799217e-07
    1.6499800608e-02    7.3300498116e-07
    1.6599699855e-02    7.3181797688e-07
    1.6699599102e-02    7.3050097171e-07
    1.6799600795e-02    7.2910097515e-07
    1.6899300739e-02    7.2767397796e-07
    1.6999099404e-02    7.2627898362e-07
    1.7098799348e-02    7.2493998005e-07
    1.7200000584e-02    7.2355499015e-07
    1.7299300060e-02    7.2202897172e-07
    1.7400000244e-02    7.2021998676e-07
    1.7499800771e-02    7.1813599334e-07
    1.7599599436e-02    7.1584202033e-07
    1.7699299380e-02    7.1343998798e-07
    1.7798999324e-02    7.1100799914e-07
    1.7898799852e-02    7.0859397283e-07
    1.7999300733e-02    7.0624599857e-07
    1.8099799752e-02    7.0399698870e-07
    1.8199900165e-02    7.0184097467e-07
    1.8299600109e-02    6.9973799555e-07
    1.8399400637e-02    6.9772801226e-07
    1.8499199301e-02    6.9584302764e-07
    1.8598899245e-02    6.9403199632e-07
    1.8699899316e-02    6.9224097388e-07
    1.8799500540e-02    6.9046501494e-07
    1.8899299204e-02    6.8864102332e-07
    1.8998999149e-02    6.8678599519e-07
    1.9099500030e-02    6.8489697469e-07
    1.9199199975e-02    6.8302801992e-07
    1.9299000502e-02    6.8117901719e-07
    1.9400000572e-02    6.7930500336e-07
    1.9499700516e-02    6.7741501653e-07
    1.9599499181e-02    6.7542799798e-07
    1.9699299708e-02    6.7334002551e-07
    1.9798999652e-02    6.7117400704e-07
    1.9898800179e-02    6.6889100481e-07
    1.9999800250e-02    6.6645202423e-07
    2.0099600777e-02    6.6393698717e-07
    2.0199300721e-02    6.6130797904e-07
    2.0299099386e-02    6.5858398557e-07
    2.0398899913e-02    6.5582202069e-07
    2.0499899983e-02    6.5307500563e-07
    2.0599599928e-02    6.5048499209e-07
    2.0699400455e-02    6.4809597689e-07
    2.0799199119e-02    6.4600499172e-07
    2.0898999646e-02    6.4427598545e-07
    2.0999899134e-02    6.4289201873e-07
    2.1099699661e-02    6.4184797566e-07
    2.1199500188e-02    6.4106501441e-07
    2.1299300715e-02    6.4046201942e-07
    2.1399000660e-02    6.3997401867e-07
    2.1498799324e-02    6.3951898710e-07
    2.1599799395e-02    6.3902598413e-07
    2.1699599922e-02    6.3853099164e-07
    2.1799400449e-02    6.3805998707e-07
    2.1899100393e-02    6.3763400249e-07
    2.1998900920e-02    6.3725701693e-07
    2.2099899128e-02    6.3689100216e-07
    2.2199699655e-02    6.3648701598e-07
    2.2299399599e-02    6.3598798761e-07
    2.2399200127e-02    6.3538101358e-07
    2.2499000654e-02    6.3470901068e-07
    2.2600000724e-02    6.3401097350e-07
    2.2699799389e-02    6.3328502620e-07
    2.2799499333e-02    6.3248097604e-07
    2.2899299860e-02    6.3153601104e-07
    2.2999100387e-02    6.3043501086e-07
    2.3098800331e-02    6.2923299993e-07
    2.3199800402e-02    6.2801598233e-07
    2.3299600929e-02    6.2692902247e-07
    2.3399399593e-02    6.2601299078e-07
    2.3499200121e-02    6.2525498379e-07
    2.3598900065e-02    6.2464800976e-07
    2.3699900135e-02    6.2421798930e-07
    2.3799799383e-02    6.2400698653e-07
    2.3899100721e-02    6.2398601131e-07
    2.3998999968e-02    6.2405200651e-07
    2.4099500850e-02    6.2409799284e-07
    2.4199299514e-02    6.2399300305e-07
    2.4299500510e-02    6.2356497210e-07
    2.4399299175e-02    6.2270800072e-07
    2.4499099702e-02    6.2138997237e-07
    2.4598799646e-02    6.1963402231e-07
    2.4699799716e-02    6.1748602320e-07
    2.4799600244e-02    6.1508097815e-07
    2.4899400771e-02    6.1251000716e-07
    2.4999199435e-02    6.0990299744e-07
    2.5098999962e-02    6.0735800389e-07
    2.5200000033e-02    6.0493698584e-07
    2.5299699977e-02    6.0275198166e-07
    2.5399699807e-02    6.0077502440e-07
    2.5499500334e-02    5.9896001403e-07
    2.5599200279e-02    5.9721799062e-07
    2.5699000806e-02    5.9549699927e-07
    2.5798799470e-02    5.9377299522e-07
    2.5900000706e-02    5.9200101532e-07
    2.5999600068e-02    5.9019902210e-07
    2.6099100709e-02    5.8832699779e-07
    2.6199400425e-02    5.8637300526e-07
    2.6299299672e-02    5.8438797623e-07
    2.6399500668e-02    5.8237901612e-07
    2.6499699801e-02    5.8034402173e-07
    2.6599600911e-02    5.7825099020e-07
    2.6699300855e-02    5.7602602510e-07
    2.6799799874e-02    5.7356902516e-07
    2.6899699122e-02    5.7090102246e-07
    2.6999600232e-02    5.6805600934e-07
    2.7099799365e-02    5.6512197943e-07
    2.7200000361e-02    5.6219300859e-07
    2.7299499139e-02    5.5935902310e-07
    2.7399700135e-02    5.5662201248e-07
    2.7499899268e-02    5.5399499388e-07
    2.7599500492e-02    5.5147899047e-07
    2.7699800208e-02    5.4900499435e-07
    2.7799399570e-02    5.4660199567e-07
    2.7899600565e-02    5.4422901030e-07
    2.7999799699e-02    5.4190098808e-07
    2.8099300340e-02    5.3964799918e-07
    2.8199499473e-02    5.3744497563e-07
    2.8299400583e-02    5.3533199207e-07
    2.8399700299e-02    5.3331399386e-07
    2.8499500826e-02    5.3142002798e-07
    2.8599699959e-02    5.2960797348e-07
    2.8699999675e-02    5.2783798310e-07
    2.8799800202e-02    5.2608999113e-07
    2.8899600729e-02    5.2426997854e-07
    2.8999200091e-02    5.2226801017e-07
    2.9099300504e-02    5.1995198191e-07
    2.9199600220e-02    5.1726601669e-07
    2.9299799353e-02    5.1423199920e-07
    2.9399100691e-02    5.1096702691e-07
    2.9499899596e-02    5.0750298897e-07
    2.9599599540e-02    5.0404202057e-07
    2.9699800536e-02    5.0063999879e-07
    2.9799800366e-02    4.9740998520e-07
    2.9899699613e-02    4.9436101790e-07
    2.9999900609e-02    4.9147399750e-07
