       301
    0.0000000000e+00    0.0000000000e+00
    9.9796299764e-05    0.0000000000e+00
    1.9923200307e-04    2.3416998896e-10
    2.9902800452e-04    4.8127701824e-09
    3.9882300189e-04    1.0987199595e-08
    4.9983500503e-04    1.7271700514e-08
    5.9963000240e-04    2.3403400107e-08
    6.9942302071e-04    2.9419799930e-08
    7.9921598081e-04    3.5255798281e-08
    8.9900899911e-04    4.0949700519e-08
    9.9880003836e-04    4.6566398737e-08
    1.0998100042e-03    5.2059398570e-08
    1.1996000540e-03    5.7396800202e-08
    1.2993899873e-03    6.2821399638e-08
    1.3991700253e-03    6.8242897555e-08
    1.4989400515e-03    7.3488202190e-08
    1.5999299940e-03    7.8651801516e-08
    1.6997000203e-03    8.3624897229e-08
    1.7994700465e-03    8.8475800908e-08
    1.8992299447e-03    9.3181796501e-08
    1.9990000874e-03    9.7746898575e-08
    2.0999799017e-03    1.0220600188e-07
    2.1997399163e-03    1.0632700054e-07
    2.2994899191e-03    1.1029499802e-07
    2.3992399219e-03    1.1430100244e-07
    2.4989699014e-03    1.1820699797e-07
    2.5999199133e-03    1.2194800547e-07
    2.6996498927e-03    1.2540900229e-07
    2.7993801050e-03    1.2871500132e-07
    2.8991100844e-03    1.3197499982e-07
    2.9988300521e-03    1.3512899955e-07
    3.0997600406e-03    1.3817700051e-07
    3.1994699966e-03    1.4102400314e-07
    3.2991799526e-03    1.4380900382e-07
    3.3988798968e-03    1.4651999436e-07
    3.4988799598e-03    1.4910600044e-07
    3.5997300874e-03    1.5166300216e-07
    3.6994200200e-03    1.5420900468e-07
    3.7991199642e-03    1.5668399556e-07
    3.8988098968e-03    1.5896800676e-07
    3.9997198619e-03    1.6117699886e-07
    4.0994100273e-03    1.6346000109e-07
    4.1998499073e-03    1.6583599916e-07
    4.2995400727e-03    1.6827999616e-07
    4.3992297724e-03    1.7094299665e-07
    4.4997301884e-03    1.7395400675e-07
    4.5994301327e-03    1.7739199620e-07
    4.6991198324e-03    1.8129900070e-07
    4.7991098836e-03    1.8569700444e-07
    4.8991697840e-03    1.9067199730e-07
    4.9989097752e-03    1.9617999669e-07
    5.0995298661e-03    2.0219199826e-07
    5.1992097870e-03    2.0852699834e-07
    5.2994498983e-03    2.1516200377e-07
    5.3996299393e-03    2.2189999527e-07
    5.4993601516e-03    2.2857000204e-07
    5.5995602161e-03    2.3517800685e-07
    5.6999400258e-03    2.4176898705e-07
    5.7998499833e-03    2.4827801326e-07
    5.8988300152e-03    2.5450398766e-07
    5.9998501092e-03    2.6096799388e-07
    6.0998299159e-03    2.6776700679e-07
    6.1999601312e-03    2.7496599841e-07
    6.2991799787e-03    2.8026599352e-07
    6.3993800431e-03    2.8404500085e-07
    6.4995200373e-03    2.8632999260e-07
    6.5998598002e-03    2.8773999361e-07
    6.6990898922e-03    2.9029200732e-07
    6.7999497987e-03    2.9182899652e-07
    6.8994001485e-03    2.9019500403e-07
    6.9994498044e-03    2.8751699688e-07
    7.0998999290e-03    2.8656700124e-07
    7.1988701820e-03    2.8691698617e-07
    7.2998302057e-03    2.8764299032e-07
    7.3992698453e-03    2.8789600037e-07
    7.4999900535e-03    2.8694398679e-07
    7.5999400578e-03    2.8539599839e-07
    7.6996101998e-03    2.8295599463e-07
    7.7994000167e-03    2.7928601298e-07
    7.8994100913e-03    2.7602999353e-07
    7.9989396036e-03    2.7374599654e-07
    8.0998800695e-03    2.7188499985e-07
    8.1994403154e-03    2.6992398716e-07
    8.2994299009e-03    2.6722699431e-07
    8.3999102935e-03    2.6414599574e-07
    8.4998002276e-03    2.6146699383e-07
    8.5998801515e-03    2.5898398803e-07
    8.6998296902e-03    2.5676700943e-07
    8.7989196181e-03    2.5524900593e-07
    8.8992901146e-03    2.5475000598e-07
    8.9999595657e-03    2.5489299560e-07
    9.0990196913e-03    2.5501299206e-07
    9.1994898394e-03    2.5467599585e-07
    9.2997802421e-03    2.5383099000e-07
    9.3998499215e-03    2.5296898798e-07
    9.4996597618e-03    2.5248499469e-07
    9.5994602889e-03    2.5248399993e-07
    9.6996696666e-03    2.5257401148e-07
    9.7995502874e-03    2.5261599035e-07
    9.8998798057e-03    2.5269301318e-07
    9.9994000047e-03    2.5267701176e-07
    1.0099600069e-02    2.5265200065e-07
    1.0199200362e-02    2.5288198913e-07
    1.0299299844e-02    2.5366898626e-07
    1.0399599560e-02    2.5533898906e-07
    1.0499699973e-02    2.5789199753e-07
    1.0599800386e-02    2.6136498832e-07
    1.0700000450e-02    2.6559399657e-07
    1.0799500160e-02    2.6994300129e-07
    1.0899400339e-02    2.7401898706e-07
    1.0999600403e-02    2.7799100621e-07
    1.1099499650e-02    2.8204598834e-07
    1.1199899949e-02    2.8599600910e-07
    1.1299300008e-02    2.8953300557e-07
    1.1399899609e-02    2.9271100743e-07
    1.1499200016e-02    2.9576000316e-07
    1.1599300429e-02    2.9886800235e-07
    1.1699199677e-02    3.0165898579e-07
    1.1799300089e-02    3.0414699381e-07
    1.1899099685e-02    3.0690898711e-07
    1.1999900453e-02    3.1046599247e-07
    1.2099999934e-02    3.1465501138e-07
    1.2199499644e-02    3.1899500641e-07
    1.2299699709e-02    3.2328600241e-07
    1.2399899773e-02    3.2736900835e-07
    1.2500000186e-02    3.3112200981e-07
    1.2599799782e-02    3.3447400938e-07
    1.2699400075e-02    3.3756998619e-07
    1.2799600139e-02    3.4056600384e-07
    1.2899300084e-02    3.4329099208e-07
    1.2999599800e-02    3.4541099581e-07
    1.3099400327e-02    3.4668599369e-07
    1.3199600391e-02    3.4732698850e-07
    1.3299800456e-02    3.4765400869e-07
    1.3399999589e-02    3.4785099956e-07
    1.3499500230e-02    3.4802098980e-07
    1.3599700294e-02    3.4836000395e-07
    1.3699599542e-02    3.4908600810e-07
    1.3799100183e-02    3.5012999433e-07
    1.3899699785e-02    3.5126700482e-07
    1.3999599963e-02    3.5228700312e-07
    1.4099899679e-02    3.5321698988e-07
    1.4199499972e-02    3.5415700950e-07
    1.4299900271e-02    3.5501400930e-07
    1.4399800450e-02    3.5559099842e-07
    1.4499899931e-02    3.5592898939e-07
    1.4600000344e-02    3.5609599536e-07
    1.4699099585e-02    3.5604699633e-07
    1.4799499884e-02    3.5571099488e-07
    1.4899699949e-02    3.5518499431e-07
    1.4999800362e-02    3.5470799276e-07
    1.5099899843e-02    3.5440800161e-07
    1.5200000256e-02    3.5419500932e-07
    1.5298999846e-02    3.5401200194e-07
    1.5399799682e-02    3.5396399767e-07
    1.5499699861e-02    3.5409499333e-07
    1.5599399805e-02    3.5433200196e-07
    1.5699600801e-02    3.5450500491e-07
    1.5799500048e-02    3.5463000359e-07
    1.5899799764e-02    3.5484899286e-07
    1.5999399126e-02    3.5510799989e-07
    1.6099600121e-02    3.5526099396e-07
    1.6199499369e-02    3.5527699538e-07
    1.6299700364e-02    3.5511399687e-07
    1.6399899498e-02    3.5475798654e-07
    1.6499800608e-02    3.5419000710e-07
    1.6599699855e-02    3.5339999727e-07
    1.6699599102e-02    3.5251301256e-07
    1.6799600795e-02    3.5167400370e-07
    1.6899300739e-02    3.5095200701e-07
    1.6999099404e-02    3.5037999169e-07
    1.7098799348e-02    3.4996799059e-07
    1.7200000584e-02    3.4976000052e-07
    1.7299300060e-02    3.4977401242e-07
    1.7400000244e-02    3.4999300169e-07
    1.7499800771e-02    3.5042000945e-07
    1.7599599436e-02    3.5102200968e-07
    1.7699299380e-02    3.5163600387e-07
    1.7798999324e-02    3.5207699511e-07
    1.7898799852e-02    3.5219301253e-07
    1.7999300733e-02    3.5194798897e-07
    1.8099799752e-02    3.5136000065e-07
    1.8199900165e-02    3.5044598690e-07
    1.8299600109e-02    3.4920000758e-07
    1.8399400637e-02    3.4760398648e-07
    1.8499199301e-02    3.4572801155e-07
    1.8598899245e-02    3.4366900081e-07
    1.8699899316e-02    3.4147601014e-07
    1.8799500540e-02    3.3931399912e-07
    1.8899299204e-02    3.3728599647e-07
    1.8998999149e-02    3.3542599454e-07
    1.9099500030e-02    3.3361200735e-07
    1.9199199975e-02    3.3178301351e-07
    1.9299000502e-02    3.2988600651e-07
    1.9400000572e-02    3.2789401416e-07
    1.9499700516e-02    3.2584401310e-07
    1.9599499181e-02    3.2367898939e-07
    1.9699299708e-02    3.2138800066e-07
    1.9798999652e-02    3.1896399832e-07
    1.9898800179e-02    3.1635499909e-07
    1.9999800250e-02    3.1347300933e-07
    2.0099600777e-02    3.1040300996e-07
    2.0199300721e-02    3.0722500810e-07
    2.0299099386e-02    3.0405701068e-07
    2.0398899913e-02    3.0090498626e-07
    2.0499899983e-02    2.9770600918e-07
    2.0599599928e-02    2.9456501238e-07
    2.0699400455e-02    2.9144800351e-07
    2.0799199119e-02    2.8829998655e-07
    2.0898999646e-02    2.8509398931e-07
    2.0999899134e-02    2.8180500067e-07
    2.1099699661e-02    2.7852701123e-07
    2.1199500188e-02    2.7518899515e-07
    2.1299300715e-02    2.7174300499e-07
    2.1399000660e-02    2.6816201171e-07
    2.1498799324e-02    2.6449001211e-07
    2.1599799395e-02    2.6072100923e-07
    2.1699599922e-02    2.5692500571e-07
    2.1799400449e-02    2.5302898621e-07
    2.1899100393e-02    2.4908700880e-07
    2.1998900920e-02    2.4518101327e-07
    2.2099899128e-02    2.4131401233e-07
    2.2199699655e-02    2.3758100554e-07
    2.2299399599e-02    2.3397400639e-07
    2.2399200127e-02    2.3056399812e-07
    2.2499000654e-02    2.2739699546e-07
    2.2600000724e-02    2.2445399850e-07
    2.2699799389e-02    2.2181700388e-07
    2.2799499333e-02    2.1945299977e-07
    2.2899299860e-02    2.1729999844e-07
    2.2999100387e-02    2.1523699445e-07
    2.3098800331e-02    2.1316499499e-07
    2.3199800402e-02    2.1101399739e-07
    2.3299600929e-02    2.0880699481e-07
    2.3399399593e-02    2.0648199950e-07
    2.3499200121e-02    2.0402499956e-07
    2.3598900065e-02    2.0149599322e-07
    2.3699900135e-02    1.9892900127e-07
    2.3799799383e-02    1.9637499804e-07
    2.3899100721e-02    1.9377300475e-07
    2.3998999968e-02    1.9109900506e-07
    2.4099500850e-02    1.8842699490e-07
    2.4199299514e-02    1.8587799389e-07
    2.4299500510e-02    1.8349500408e-07
    2.4399299175e-02    1.8132800506e-07
    2.4499099702e-02    1.7935799690e-07
    2.4598799646e-02    1.7751899861e-07
    2.4699799716e-02    1.7568899580e-07
    2.4799600244e-02    1.7384400053e-07
    2.4899400771e-02    1.7194099655e-07
    2.4999199435e-02    1.6996899888e-07
    2.5098999962e-02    1.6790400537e-07
    2.5200000033e-02    1.6567399541e-07
    2.5299699977e-02    1.6330000108e-07
    2.5399699807e-02    1.6073900611e-07
    2.5499500334e-02    1.5797900232e-07
    2.5599200279e-02    1.5502899942e-07
    2.5699000806e-02    1.5194000014e-07
    2.5798799470e-02    1.4879799437e-07
    2.5900000706e-02    1.4563400441e-07
    2.5999600068e-02    1.4256299607e-07
    2.6099100709e-02    1.3952400479e-07
    2.6199400425e-02    1.3649000152e-07
    2.6299299672e-02    1.3352899941e-07
    2.6399500668e-02    1.3065699989e-07
    2.6499699801e-02    1.2787999992e-07
    2.6599600911e-02    1.2517899961e-07
    2.6699300855e-02    1.2253200055e-07
    2.6799799874e-02    1.1987600601e-07
    2.6899699122e-02    1.1718800152e-07
    2.6999600232e-02    1.1439500014e-07
    2.7099799365e-02    1.1149099777e-07
    2.7200000361e-02    1.0853300125e-07
    2.7299499139e-02    1.0560199826e-07
    2.7399700135e-02    1.0270599660e-07
    2.7499899268e-02    9.9908703532e-08
    2.7599500492e-02    9.7226703133e-08
    2.7699800208e-02    9.4571596776e-08
    2.7799399570e-02    9.1930196788e-08
    2.7899600565e-02    8.9240799639e-08
    2.7999799699e-02    8.6566402047e-08
    2.8099300340e-02    8.3983998422e-08
    2.8199499473e-02    8.1459397450e-08
    2.8299400583e-02    7.9020601618e-08
    2.8399700299e-02    7.6613297040e-08
    2.8499500826e-02    7.4171900621e-08
    2.8599699959e-02    7.1608397434e-08
    2.8699999675e-02    6.8927100472e-08
    2.8799800202e-02    6.6188000858e-08
    2.8899600729e-02    6.3465499522e-08
    2.8999200091e-02    6.0809803415e-08
    2.9099300504e-02    5.8196000907e-08
    2.9199600220e-02    5.5606999894e-08
    2.9299799353e-02    5.3027598312e-08
    2.9399100691e-02    5.0485098768e-08
    2.9499899596e-02    4.7928399027e-08
    2.9599599540e-02    4.5467999144e-08
    2.9699800536e-02    4.3113299597e-08
    2.9799800366e-02    4.0885101527e-08
    2.9899699613e-02    3.8714098594e-08
    2.9999900609e-02    3.6516201618e-08
