       301
    0.0000000000e+00    0.0000000000e+00
    9.9796299764e-05    0.0000000000e+00
    1.9923200307e-04    5.2259099825e-11
    2.9902800452e-04    3.6254399483e-09
    3.9882300189e-04    8.9617602228e-09
    4.9983500503e-04    1.4517599567e-08
    5.9963000240e-04    1.9820099340e-08
    6.9942302071e-04    2.4978799473e-08
    7.9921598081e-04    3.0061201528e-08
    8.9900899911e-04    3.4971801455e-08
    9.9880003836e-04    3.9689400211e-08
    1.0998100042e-03    4.4307100211e-08
    1.1996000540e-03    4.8721098267e-08
    1.2993899873e-03    5.3172698244e-08
    1.3991700253e-03    5.7638398943e-08
    1.4989400515e-03    6.2095601550e-08
    1.5999299940e-03    6.6441700142e-08
    1.6997000203e-03    7.0532102825e-08
    1.7994700465e-03    7.4485200230e-08
    1.8992299447e-03    7.8175702356e-08
    1.9990000874e-03    8.1607296920e-08
    2.0999799017e-03    8.4826297098e-08
    2.1997399163e-03    8.7919296732e-08
    2.2994899191e-03    9.0960199373e-08
    2.3992399219e-03    9.3883599561e-08
    2.4989699014e-03    9.6700496499e-08
    2.5999199133e-03    9.9372201134e-08
    2.6996498927e-03    1.0166999687e-07
    2.7993801050e-03    1.0366500192e-07
    2.8991100844e-03    1.0557400287e-07
    2.9988300521e-03    1.0731100275e-07
    3.0997600406e-03    1.0877400314e-07
    3.1994699966e-03    1.0994099853e-07
    3.2991799526e-03    1.1087399798e-07
    3.3988798968e-03    1.1143099954e-07
    3.4988799598e-03    1.1154799751e-07
    3.5997300874e-03    1.1145800016e-07
    3.6994200200e-03    1.1135699651e-07
    3.7991199642e-03    1.1130200051e-07
    3.8988098968e-03    1.1120599908e-07
    3.9997198619e-03    1.1110000031e-07
    4.0994100273e-03    1.1100500075e-07
    4.1998499073e-03    1.1079099949e-07
    4.2995400727e-03    1.1044500070e-07
    4.3992297724e-03    1.1010799739e-07
    4.4997301884e-03    1.1006900280e-07
    4.5994301327e-03    1.1051899662e-07
    4.6991198324e-03    1.1154399715e-07
    4.7991098836e-03    1.1333700201e-07
    4.8991697840e-03    1.1610099904e-07
    4.9989097752e-03    1.1973099845e-07
    5.0995298661e-03    1.2406300698e-07
    5.1992097870e-03    1.2890500045e-07
    5.2994498983e-03    1.3428899592e-07
    5.3996299393e-03    1.4011000360e-07
    5.4993601516e-03    1.4611499921e-07
    5.5995602161e-03    1.5215900362e-07
    5.6999400258e-03    1.5818899612e-07
    5.7998499833e-03    1.6413500248e-07
    5.8988300152e-03    1.6978100348e-07
    5.9998501092e-03    1.7552899578e-07
    6.0998299159e-03    1.8157200543e-07
    6.1999601312e-03    1.8817100056e-07
    6.2991799787e-03    1.9355600500e-07
    6.3993800431e-03    1.9678900287e-07
    6.4995200373e-03    1.9859299982e-07
    6.5998598002e-03    2.0072499751e-07
    6.6990898922e-03    1.9931400175e-07
    6.7999497987e-03    1.9786800465e-07
    6.8994001485e-03    1.9775599469e-07
    6.9994498044e-03    1.9501800352e-07
    7.0998999290e-03    1.8799799761e-07
    7.1988701820e-03    1.7894299731e-07
    7.2998302057e-03    1.7066699343e-07
    7.3992698453e-03    1.6535099689e-07
    7.4999900535e-03    1.6339299691e-07
    7.5999400578e-03    1.6379199508e-07
    7.6996101998e-03    1.6524199964e-07
    7.7994000167e-03    1.6614100673e-07
    7.8994100913e-03    1.6519200585e-07
    7.9989396036e-03    1.6278299597e-07
    8.0998800695e-03    1.5881200000e-07
    8.1994403154e-03    1.5349100124e-07
    8.2994299009e-03    1.4738300536e-07
    8.3999102935e-03    1.4073499699e-07
    8.4998002276e-03    1.3376400432e-07
    8.5998801515e-03    1.2688799700e-07
    8.6998296902e-03    1.2097599722e-07
    8.7989196181e-03    1.1613000339e-07
    8.8992901146e-03    1.1184300064e-07
    8.9999595657e-03    1.0851899646e-07
    9.0990196913e-03    1.0625100089e-07
    9.1994898394e-03    1.0465799960e-07
    9.2997802421e-03    1.0358800040e-07
    9.3998499215e-03    1.0229499736e-07
    9.4996597618e-03    1.0009900109e-07
    9.5994602889e-03    9.7172197400e-08
    9.6996696666e-03    9.3997300610e-08
    9.7995502874e-03    9.0880298842e-08
    9.8998798057e-03    8.7651798708e-08
    9.9994000047e-03    8.4304097925e-08
    1.0099600069e-02    8.1140498764e-08
    1.0199200362e-02    7.8914602852e-08
    1.0299299844e-02    7.8190602437e-08
    1.0399599560e-02    7.9091996952e-08
    1.0499699973e-02    8.1371801741e-08
    1.0599800386e-02    8.4860403149e-08
    1.0700000450e-02    8.9740503029e-08
    1.0799500160e-02    9.5999098448e-08
    1.0899400339e-02    1.0314199983e-07
    1.0999600403e-02    1.1032300051e-07
    1.1099499650e-02    1.1704499769e-07
    1.1199899949e-02    1.2353000045e-07
    1.1299300008e-02    1.2939500493e-07
    1.1399899609e-02    1.3431899504e-07
    1.1499200016e-02    1.3824499945e-07
    1.1599300429e-02    1.4188600517e-07
    1.1699199677e-02    1.4570099438e-07
    1.1799300089e-02    1.4971699613e-07
    1.1899099685e-02    1.5357299787e-07
    1.1999900453e-02    1.5730699943e-07
    1.2099999934e-02    1.6121400392e-07
    1.2199499644e-02    1.6547200232e-07
    1.2299699709e-02    1.7047399581e-07
    1.2399899773e-02    1.7643600358e-07
    1.2500000186e-02    1.8295300208e-07
    1.2599799782e-02    1.8953400627e-07
    1.2699400075e-02    1.9579600519e-07
    1.2799600139e-02    2.0174699955e-07
    1.2899300084e-02    2.0728700179e-07
    1.2999599800e-02    2.1207600298e-07
    1.3099400327e-02    2.1592100552e-07
    1.3199600391e-02    2.1881899670e-07
    1.3299800456e-02    2.2085700380e-07
    1.3399999589e-02    2.2242500108e-07
    1.3499500230e-02    2.2380299924e-07
    1.3599700294e-02    2.2513400211e-07
    1.3699599542e-02    2.2656199405e-07
    1.3799100183e-02    2.2810699818e-07
    1.3899699785e-02    2.2976600178e-07
    1.3999599963e-02    2.3156999873e-07
    1.4099899679e-02    2.3364199819e-07
    1.4199499972e-02    2.3595799803e-07
    1.4299900271e-02    2.3836000196e-07
    1.4399800450e-02    2.4051200853e-07
    1.4499899931e-02    2.4218800831e-07
    1.4600000344e-02    2.4329798975e-07
    1.4699099585e-02    2.4379698971e-07
    1.4799499884e-02    2.4386400810e-07
    1.4899699949e-02    2.4382600827e-07
    1.4999800362e-02    2.4406699595e-07
    1.5099899843e-02    2.4490299211e-07
    1.5200000256e-02    2.4615098937e-07
    1.5298999846e-02    2.4742999472e-07
    1.5399799682e-02    2.4853400760e-07
    1.5499699861e-02    2.4942400501e-07
    1.5599399805e-02    2.5024598926e-07
    1.5699600801e-02    2.5109500257e-07
    1.5799500048e-02    2.5194799491e-07
    1.5899799764e-02    2.5271000936e-07
    1.5999399126e-02    2.5319400265e-07
    1.6099600121e-02    2.5333099529e-07
    1.6199499369e-02    2.5310001206e-07
    1.6299700364e-02    2.5246899327e-07
    1.6399899498e-02    2.5142298909e-07
    1.6499800608e-02    2.4990299607e-07
    1.6599699855e-02    2.4801099130e-07
    1.6699599102e-02    2.4612100447e-07
    1.6799600795e-02    2.4450000069e-07
    1.6899300739e-02    2.4317000680e-07
    1.6999099404e-02    2.4218201133e-07
    1.7098799348e-02    2.4169798962e-07
    1.7200000584e-02    2.4189199621e-07
    1.7299300060e-02    2.4280299726e-07
    1.7400000244e-02    2.4437400725e-07
    1.7499800771e-02    2.4641198593e-07
    1.7599599436e-02    2.4864598913e-07
    1.7699299380e-02    2.5071699383e-07
    1.7798999324e-02    2.5227200240e-07
    1.7898799852e-02    2.5320099439e-07
    1.7999300733e-02    2.5362601264e-07
    1.8099799752e-02    2.5374700385e-07
    1.8199900165e-02    2.5352099442e-07
    1.8299600109e-02    2.5277799409e-07
    1.8399400637e-02    2.5157999062e-07
    1.8499199301e-02    2.4996299430e-07
    1.8598899245e-02    2.4798399068e-07
    1.8699899316e-02    2.4571801305e-07
    1.8799500540e-02    2.4342901384e-07
    1.8899299204e-02    2.4129599296e-07
    1.8998999149e-02    2.3941899485e-07
    1.9099500030e-02    2.3772899738e-07
    1.9199199975e-02    2.3614599343e-07
    1.9299000502e-02    2.3456099996e-07
    1.9400000572e-02    2.3288200168e-07
    1.9499700516e-02    2.3105100411e-07
    1.9599499181e-02    2.2902800367e-07
    1.9699299708e-02    2.2693799906e-07
    1.9798999652e-02    2.2489200546e-07
    1.9898800179e-02    2.2283599321e-07
    1.9999800250e-02    2.2060200422e-07
    2.0099600777e-02    2.1817099594e-07
    2.0199300721e-02    2.1549699625e-07
    2.0299099386e-02    2.1258399840e-07
    2.0398899913e-02    2.0946799850e-07
    2.0499899983e-02    2.0614099583e-07
    2.0599599928e-02    2.0270499590e-07
    2.0699400455e-02    1.9911699667e-07
    2.0799199119e-02    1.9537199591e-07
    2.0898999646e-02    1.9143800500e-07
    2.0999899134e-02    1.8726099427e-07
    2.1099699661e-02    1.8299499516e-07
    2.1199500188e-02    1.7861900403e-07
    2.1299300715e-02    1.7409699637e-07
    2.1399000660e-02    1.6935800318e-07
    2.1498799324e-02    1.6438899308e-07
    2.1599799395e-02    1.5907500028e-07
    2.1699599922e-02    1.5350700266e-07
    2.1799400449e-02    1.4767900325e-07
    2.1899100393e-02    1.4180200480e-07
    2.1998900920e-02    1.3611399652e-07
    2.2099899128e-02    1.3073599803e-07
    2.2199699655e-02    1.2588300535e-07
    2.2299399599e-02    1.2153300588e-07
    2.2399200127e-02    1.1767299668e-07
    2.2499000654e-02    1.1419199808e-07
    2.2600000724e-02    1.1090300234e-07
    2.2699799389e-02    1.0782699889e-07
    2.2799499333e-02    1.0496300007e-07
    2.2899299860e-02    1.0229199887e-07
    2.2999100387e-02    9.9666898734e-08
    2.3098800331e-02    9.6893899126e-08
    2.3199800402e-02    9.3799499723e-08
    2.3299600929e-02    9.0415703369e-08
    2.3399399593e-02    8.6737998117e-08
    2.3499200121e-02    8.2892199771e-08
    2.3598900065e-02    7.9079200077e-08
    2.3699900135e-02    7.5391703547e-08
    2.3799799383e-02    7.1883398789e-08
    2.3899100721e-02    6.8423098298e-08
    2.3998999968e-02    6.4925899323e-08
    2.4099500850e-02    6.1463296674e-08
    2.4199299514e-02    5.8187399787e-08
    2.4299500510e-02    5.5125500609e-08
    2.4399299175e-02    5.2312600474e-08
    2.4499099702e-02    4.9728498652e-08
    2.4598799646e-02    4.7329599795e-08
    2.4699799716e-02    4.5016101069e-08
    2.4799600244e-02    4.2820598622e-08
    2.4899400771e-02    4.0758898479e-08
    2.4999199435e-02    3.8862300045e-08
    2.5098999962e-02    3.7068900838e-08
    2.5200000033e-02    3.5220100614e-08
    2.5299699977e-02    3.3221301265e-08
    2.5399699807e-02    3.0958400288e-08
    2.5499500334e-02    2.8376000216e-08
    2.5599200279e-02    2.5427899786e-08
    2.5699000806e-02    2.2126000587e-08
    2.5798799470e-02    1.8570800009e-08
    2.5900000706e-02    1.4842700402e-08
    2.5999600068e-02    1.1124400068e-08
    2.6099100709e-02    7.3843700044e-09
    2.6199400425e-02    3.5872700366e-09
    2.6299299672e-02    0.0000000000e+00
    2.6399500668e-02    0.0000000000e+00
    2.6499699801e-02    0.0000000000e+00
    2.6599600911e-02    0.0000000000e+00
    2.6699300855e-02    0.0000000000e+00
    2.6799799874e-02    0.0000000000e+00
    2.6899699122e-02    0.0000000000e+00
    2.6999600232e-02    0.0000000000e+00
    2.7099799365e-02    0.0000000000e+00
    2.7200000361e-02    0.0000000000e+00
    2.7299499139e-02    0.0000000000e+00
    2.7399700135e-02    0.0000000000e+00
    2.7499899268e-02    0.0000000000e+00
    2.7599500492e-02    0.0000000000e+00
    2.7699800208e-02    0.0000000000e+00
    2.7799399570e-02    0.0000000000e+00
    2.7899600565e-02    0.0000000000e+00
    2.7999799699e-02    0.0000000000e+00
    2.8099300340e-02    0.0000000000e+00
    2.8199499473e-02    0.0000000000e+00
    2.8299400583e-02    0.0000000000e+00
    2.8399700299e-02    0.0000000000e+00
    2.8499500826e-02    0.0000000000e+00
    2.8599699959e-02    0.0000000000e+00
    2.8699999675e-02    0.0000000000e+00
    2.8799800202e-02    0.0000000000e+00
    2.8899600729e-02    0.0000000000e+00
    2.8999200091e-02    0.0000000000e+00
    2.9099300504e-02    0.0000000000e+00
    2.9199600220e-02    0.0000000000e+00
    2.9299799353e-02    0.0000000000e+00
    2.9399100691e-02    0.0000000000e+00
    2.9499899596e-02    0.0000000000e+00
    2.9599599540e-02    0.0000000000e+00
    2.9699800536e-02    0.0000000000e+00
    2.9799800366e-02    0.0000000000e+00
    2.9899699613e-02    0.0000000000e+00
    2.9999900609e-02    0.0000000000e+00
