       301
    0.0000000000e+00    0.0000000000e+00
    9.9796299764e-05    0.0000000000e+00
    1.9923200307e-04    5.2259099825e-11
    2.9902800452e-04    3.6254399483e-09
    3.9882300189e-04    8.9617602228e-09
    4.9983500503e-04    1.4517599567e-08
    5.9963000240e-04    1.9820099340e-08
    6.9942302071e-04    2.4978799473e-08
    7.9921598081e-04    3.0061201528e-08
    8.9900899911e-04    3.4971801455e-08
    9.9880003836e-04    3.9689400211e-08
    1.0998100042e-03    4.4307100211e-08
    1.1996000540e-03    4.8721098267e-08
    1.2993899873e-03    5.3172698244e-08
    1.3991700253e-03    5.7638398943e-08
    1.4989400515e-03    6.2095601550e-08
    1.5999299940e-03    6.6441700142e-08
    1.6997000203e-03    7.0532102825e-08
    1.7994700465e-03    7.4485200230e-08
    1.8992299447e-03    7.8175702356e-08
    1.9990000874e-03    8.1607296920e-08
    2.0999799017e-03    8.4826197622e-08
    2.1997399163e-03    8.7919197256e-08
    2.2994899191e-03    9.0960099897e-08
    2.3992399219e-03    9.3883599561e-08
    2.4989699014e-03    9.6700496499e-08
    2.5999199133e-03    9.9372101658e-08
    2.6996498927e-03    1.0166999687e-07
    2.7993801050e-03    1.0366500192e-07
    2.8991100844e-03    1.0557400287e-07
    2.9988300521e-03    1.0731100275e-07
    3.0997600406e-03    1.0877400314e-07
    3.1994699966e-03    1.0994099853e-07
    3.2991799526e-03    1.1087300322e-07
    3.3988798968e-03    1.1142999767e-07
    3.4988799598e-03    1.1154700275e-07
    3.5997300874e-03    1.1145699830e-07
    3.6994200200e-03    1.1135600175e-07
    3.7991199642e-03    1.1130200051e-07
    3.8988098968e-03    1.1120499721e-07
    3.9997198619e-03    1.1109899845e-07
    4.0994100273e-03    1.1100500075e-07
    4.1998499073e-03    1.1079200135e-07
    4.2995400727e-03    1.1044500070e-07
    4.3992297724e-03    1.1010799739e-07
    4.4997301884e-03    1.1006999756e-07
    4.5994301327e-03    1.1051999849e-07
    4.6991198324e-03    1.1154499902e-07
    4.7991098836e-03    1.1333700201e-07
    4.8991697840e-03    1.1610200090e-07
    4.9989097752e-03    1.1973199321e-07
    5.0995298661e-03    1.2406300698e-07
    5.1992097870e-03    1.2890500045e-07
    5.2994498983e-03    1.3428899592e-07
    5.3996299393e-03    1.4011000360e-07
    5.4993601516e-03    1.4611499921e-07
    5.5995602161e-03    1.5215900362e-07
    5.6999400258e-03    1.5818800136e-07
    5.7998499833e-03    1.6413500248e-07
    5.8988300152e-03    1.6977999451e-07
    5.9998501092e-03    1.7552899578e-07
    6.0998299159e-03    1.8157099646e-07
    6.1999601312e-03    1.8817000580e-07
    6.2991799787e-03    1.9355499603e-07
    6.3993800431e-03    1.9678900287e-07
    6.4995200373e-03    1.9858799760e-07
    6.5998598002e-03    2.0071900053e-07
    6.6990898922e-03    1.9931300699e-07
    6.7999497987e-03    1.9786300243e-07
    6.8994001485e-03    1.9774600446e-07
    6.9994498044e-03    1.9501699455e-07
    7.0998999290e-03    1.8802799673e-07
    7.1988701820e-03    1.7897400539e-07
    7.2998302057e-03    1.7070199476e-07
    7.3992698453e-03    1.6536699832e-07
    7.4999900535e-03    1.6343899745e-07
    7.5999400578e-03    1.6381700618e-07
    7.6996101998e-03    1.6527499724e-07
    7.7994000167e-03    1.6620599297e-07
    7.8994100913e-03    1.6524299440e-07
    7.9989396036e-03    1.6283499349e-07
    8.0998800695e-03    1.5891700400e-07
    8.1994403154e-03    1.5367599815e-07
    8.2994299009e-03    1.4766000334e-07
    8.3999102935e-03    1.4106299773e-07
    8.4998002276e-03    1.3406699395e-07
    8.5998801515e-03    1.2713900333e-07
    8.6998296902e-03    1.2113700620e-07
    8.7989196181e-03    1.1619899709e-07
    8.8992901146e-03    1.1183900028e-07
    8.9999595657e-03    1.0848300036e-07
    9.0990196913e-03    1.0620699697e-07
    9.1994898394e-03    1.0458399657e-07
    9.2997802421e-03    1.0339999790e-07
    9.3998499215e-03    1.0215099877e-07
    9.4996597618e-03    1.0001900108e-07
    9.5994602889e-03    9.7124001286e-08
    9.6996696666e-03    9.3965702774e-08
    9.7995502874e-03    9.0846000944e-08
    9.8998798057e-03    8.7636600199e-08
    9.9994000047e-03    8.4317100857e-08
    1.0099600069e-02    8.1159399201e-08
    1.0199200362e-02    7.8938697357e-08
    1.0299299844e-02    7.8218903354e-08
    1.0399599560e-02    7.9105099360e-08
    1.0499699973e-02    8.1367296900e-08
    1.0599800386e-02    8.4858797322e-08
    1.0700000450e-02    8.9765102018e-08
    1.0799500160e-02    9.6034199260e-08
    1.0899400339e-02    1.0316799859e-07
    1.0999600403e-02    1.1034899927e-07
    1.1099499650e-02    1.1703200187e-07
    1.1199899949e-02    1.2346200151e-07
    1.1299300008e-02    1.2928499871e-07
    1.1399899609e-02    1.3419000311e-07
    1.1499200016e-02    1.3811900601e-07
    1.1599300429e-02    1.4176100649e-07
    1.1699199677e-02    1.4556100325e-07
    1.1799300089e-02    1.4955099914e-07
    1.1899099685e-02    1.5338700621e-07
    1.1999900453e-02    1.5709500190e-07
    1.2099999934e-02    1.6098300648e-07
    1.2199499644e-02    1.6524900559e-07
    1.2299699709e-02    1.7025600130e-07
    1.2399899773e-02    1.7621199788e-07
    1.2500000186e-02    1.8272299940e-07
    1.2599799782e-02    1.8931500279e-07
    1.2699400075e-02    1.9558700615e-07
    1.2799600139e-02    2.0153099456e-07
    1.2899300084e-02    2.0705999759e-07
    1.2999599800e-02    2.1184200705e-07
    1.3099400327e-02    2.1568099839e-07
    1.3199600391e-02    2.1858700450e-07
    1.3299800456e-02    2.2062900484e-07
    1.3399999589e-02    2.2217300000e-07
    1.3499500230e-02    2.2352099904e-07
    1.3599700294e-02    2.2481799533e-07
    1.3699599542e-02    2.2621999562e-07
    1.3799100183e-02    2.2774000286e-07
    1.3899699785e-02    2.2936599464e-07
    1.3999599963e-02    2.3113000225e-07
    1.4099899679e-02    2.3317799958e-07
    1.4199499972e-02    2.3548200545e-07
    1.4299900271e-02    2.3786999748e-07
    1.4399800450e-02    2.4000098620e-07
    1.4499899931e-02    2.4165601076e-07
    1.4600000344e-02    2.4275900046e-07
    1.4699099585e-02    2.4327400183e-07
    1.4799499884e-02    2.4336799243e-07
    1.4899699949e-02    2.4337001037e-07
    1.4999800362e-02    2.4364300089e-07
    1.5099899843e-02    2.4450599767e-07
    1.5200000256e-02    2.4578901048e-07
    1.5298999846e-02    2.4712198865e-07
    1.5399799682e-02    2.4828298706e-07
    1.5499699861e-02    2.4920498731e-07
    1.5599399805e-02    2.5003899395e-07
    1.5699600801e-02    2.5088800726e-07
    1.5799500048e-02    2.5173000040e-07
    1.5899799764e-02    2.5249499913e-07
    1.5999399126e-02    2.5299701178e-07
    1.6099600121e-02    2.5313698870e-07
    1.6199499369e-02    2.5290600547e-07
    1.6299700364e-02    2.5228399636e-07
    1.6399899498e-02    2.5125399361e-07
    1.6499800608e-02    2.4975298629e-07
    1.6599699855e-02    2.4788099040e-07
    1.6699599102e-02    2.4601899895e-07
    1.6799600795e-02    2.4441499136e-07
    1.6899300739e-02    2.4307800572e-07
    1.6999099404e-02    2.4206698868e-07
    1.7098799348e-02    2.4155301048e-07
    1.7200000584e-02    2.4172200597e-07
    1.7299300060e-02    2.4261299814e-07
    1.7400000244e-02    2.4417400368e-07
    1.7499800771e-02    2.4622400474e-07
    1.7599599436e-02    2.4848299063e-07
    1.7699299380e-02    2.5056598929e-07
    1.7798999324e-02    2.5210900390e-07
    1.7898799852e-02    2.5302099971e-07
    1.7999300733e-02    2.5342899335e-07
    1.8099799752e-02    2.5354100330e-07
    1.8199900165e-02    2.5330101039e-07
    1.8299600109e-02    2.5253999070e-07
    1.8399400637e-02    2.5132200676e-07
    1.8499199301e-02    2.4969099854e-07
    1.8598899245e-02    2.4770199047e-07
    1.8699899316e-02    2.4542700316e-07
    1.8799500540e-02    2.4312100777e-07
    1.8899299204e-02    2.4096499374e-07
    1.8998999149e-02    2.3906000024e-07
    1.9099500030e-02    2.3734800436e-07
    1.9199199975e-02    2.3574899899e-07
    1.9299000502e-02    2.3415799433e-07
    1.9400000572e-02    2.3247899605e-07
    1.9499700516e-02    2.3065099697e-07
    1.9599499181e-02    2.2863299876e-07
    1.9699299708e-02    2.2655700604e-07
    1.9798999652e-02    2.2453299664e-07
    1.9898800179e-02    2.2251100518e-07
    1.9999800250e-02    2.2032300251e-07
    2.0099600777e-02    2.1794500071e-07
    2.0199300721e-02    2.1532500227e-07
    2.0299099386e-02    2.1246999893e-07
    2.0398899913e-02    2.0942499646e-07
    2.0499899983e-02    2.0617500240e-07
    2.0599599928e-02    2.0281399316e-07
    2.0699400455e-02    1.9930999429e-07
    2.0799199119e-02    1.9565399612e-07
    2.0898999646e-02    1.9181000255e-07
    2.0999899134e-02    1.8771299892e-07
    2.1099699661e-02    1.8351599351e-07
    2.1199500188e-02    1.7919499840e-07
    2.1299300715e-02    1.7469899660e-07
    2.1399000660e-02    1.6997699959e-07
    2.1498799324e-02    1.6499599553e-07
    2.1599799395e-02    1.5964100442e-07
    2.1699599922e-02    1.5404400244e-07
    2.1799400449e-02    1.4821499406e-07
    2.1899100393e-02    1.4235699553e-07
    2.1998900920e-02    1.3671200350e-07
    2.2099899128e-02    1.3138300403e-07
    2.2199699655e-02    1.2656700221e-07
    2.2299399599e-02    1.2222899670e-07
    2.2399200127e-02    1.1836299763e-07
    2.2499000654e-02    1.1485899876e-07
    2.2600000724e-02    1.1151600177e-07
    2.2699799389e-02    1.0836100017e-07
    2.2799499333e-02    1.0541499762e-07
    2.2899299860e-02    1.0267599748e-07
    2.2999100387e-02    1.0000700001e-07
    2.3098800331e-02    9.7210296701e-08
    2.3199800402e-02    9.4110802706e-08
    2.3299600929e-02    9.0737401592e-08
    2.3399399593e-02    8.7080998412e-08
    2.3499200121e-02    8.3257802430e-08
    2.3598900065e-02    7.9448199131e-08
    2.3699900135e-02    7.5730199001e-08
    2.3799799383e-02    7.2164603182e-08
    2.3899100721e-02    6.8625901406e-08
    2.3998999968e-02    6.5035798968e-08
    2.4099500850e-02    6.1476796986e-08
    2.4199299514e-02    5.8136699010e-08
    2.4299500510e-02    5.5056901260e-08
    2.4399299175e-02    5.2284299557e-08
    2.4499099702e-02    4.9782201472e-08
    2.4598799646e-02    4.7478998511e-08
    2.4699799716e-02    4.5267800175e-08
    2.4799600244e-02    4.3172498465e-08
    2.4899400771e-02    4.1190698852e-08
    2.4999199435e-02    3.9349799863e-08
    2.5098999962e-02    3.7599100722e-08
    2.5200000033e-02    3.5791000386e-08
    2.5299699977e-02    3.3864299809e-08
    2.5399699807e-02    3.1739400441e-08
    2.5499500334e-02    2.9370099242e-08
    2.5599200279e-02    2.6708699252e-08
    2.5699000806e-02    2.3750200029e-08
    2.5798799470e-02    2.0560799285e-08
    2.5900000706e-02    1.7197100632e-08
    2.5999600068e-02    1.3826999989e-08
    2.6099100709e-02    1.0423599761e-08
    2.6199400425e-02    6.9563199645e-09
    2.6299299672e-02    3.4706200136e-09
    2.6399500668e-02    0.0000000000e+00
    2.6499699801e-02    0.0000000000e+00
    2.6599600911e-02    0.0000000000e+00
    2.6699300855e-02    0.0000000000e+00
    2.6799799874e-02    0.0000000000e+00
    2.6899699122e-02    0.0000000000e+00
    2.6999600232e-02    0.0000000000e+00
    2.7099799365e-02    0.0000000000e+00
    2.7200000361e-02    0.0000000000e+00
    2.7299499139e-02    0.0000000000e+00
    2.7399700135e-02    0.0000000000e+00
    2.7499899268e-02    0.0000000000e+00
    2.7599500492e-02    0.0000000000e+00
    2.7699800208e-02    0.0000000000e+00
    2.7799399570e-02    0.0000000000e+00
    2.7899600565e-02    0.0000000000e+00
    2.7999799699e-02    0.0000000000e+00
    2.8099300340e-02    0.0000000000e+00
    2.8199499473e-02    0.0000000000e+00
    2.8299400583e-02    0.0000000000e+00
    2.8399700299e-02    0.0000000000e+00
    2.8499500826e-02    0.0000000000e+00
    2.8599699959e-02    0.0000000000e+00
    2.8699999675e-02    0.0000000000e+00
    2.8799800202e-02    0.0000000000e+00
    2.8899600729e-02    0.0000000000e+00
    2.8999200091e-02    0.0000000000e+00
    2.9099300504e-02    0.0000000000e+00
    2.9199600220e-02    0.0000000000e+00
    2.9299799353e-02    0.0000000000e+00
    2.9399100691e-02    0.0000000000e+00
    2.9499899596e-02    0.0000000000e+00
    2.9599599540e-02    0.0000000000e+00
    2.9699800536e-02    0.0000000000e+00
    2.9799800366e-02    0.0000000000e+00
    2.9899699613e-02    0.0000000000e+00
    2.9999900609e-02    0.0000000000e+00
