       301
    0.0000000000e+00    0.0000000000e+00
    9.9796299764e-05    0.0000000000e+00
    1.9923200307e-04    5.3716497916e-10
    2.9902800452e-04    6.0414300229e-09
    3.9882300189e-04    1.2926100190e-08
    4.9983500503e-04    1.9920500804e-08
    5.9963000240e-04    2.6760700322e-08
    6.9942302071e-04    3.3494700347e-08
    7.9921598081e-04    4.0140200497e-08
    8.9900899911e-04    4.6655099339e-08
    9.9880003836e-04    5.3047099158e-08
    1.0998100042e-03    5.9392100127e-08
    1.1996000540e-03    6.5573402708e-08
    1.2993899873e-03    7.1811001590e-08
    1.3991700253e-03    7.8060402586e-08
    1.4989400515e-03    8.4186901006e-08
    1.5999299940e-03    9.0287898047e-08
    1.6997000203e-03    9.6232497526e-08
    1.7994700465e-03    1.0203299894e-07
    1.8992299447e-03    1.0765199931e-07
    1.9990000874e-03    1.1317199977e-07
    2.0999799017e-03    1.1865500227e-07
    2.1997399163e-03    1.2390300697e-07
    2.2994899191e-03    1.2906500046e-07
    2.3992399219e-03    1.3422399547e-07
    2.4989699014e-03    1.3930099385e-07
    2.5999199133e-03    1.4427500616e-07
    2.6996498927e-03    1.4899400469e-07
    2.7993801050e-03    1.5358699557e-07
    2.8991100844e-03    1.5814900678e-07
    2.9988300521e-03    1.6264800706e-07
    3.0997600406e-03    1.6711599926e-07
    3.1994699966e-03    1.7141799447e-07
    3.2991799526e-03    1.7565699295e-07
    3.3988798968e-03    1.7979100164e-07
    3.4988799598e-03    1.8378599975e-07
    3.5997300874e-03    1.8775099875e-07
    3.6994200200e-03    1.9164599507e-07
    3.7991199642e-03    1.9544499708e-07
    3.8988098968e-03    1.9909599303e-07
    3.9997198619e-03    2.0262800149e-07
    4.0994100273e-03    2.0601200390e-07
    4.1998499073e-03    2.0928899858e-07
    4.2995400727e-03    2.1236100167e-07
    4.3992297724e-03    2.1525799809e-07
    4.4997301884e-03    2.1801000116e-07
    4.5994301327e-03    2.2048899950e-07
    4.6991198324e-03    2.2264799782e-07
    4.7991098836e-03    2.2452699966e-07
    4.8991697840e-03    2.2615400042e-07
    4.9989097752e-03    2.2749199502e-07
    5.0995298661e-03    2.2851399706e-07
    5.1992097870e-03    2.2925399890e-07
    5.2994498983e-03    2.2982399628e-07
    5.3996299393e-03    2.3025999951e-07
    5.4993601516e-03    2.3055700638e-07
    5.5995602161e-03    2.3075500621e-07
    5.6999400258e-03    2.3089700107e-07
    5.7998499833e-03    2.3099200064e-07
    5.8988300152e-03    2.3094699486e-07
    5.9998501092e-03    2.3110699487e-07
    6.0998299159e-03    2.3166199981e-07
    6.1999601312e-03    2.3226100154e-07
    6.2991799787e-03    2.3238500546e-07
    6.3993800431e-03    2.3202200339e-07
    6.4995200373e-03    2.3046000308e-07
    6.5998598002e-03    2.2949700451e-07
    6.6990898922e-03    2.3088600187e-07
    6.7999497987e-03    2.3185199893e-07
    6.8994001485e-03    2.3185799591e-07
    6.9994498044e-03    2.3264999527e-07
    7.0998999290e-03    2.3510999370e-07
    7.1988701820e-03    2.3808100025e-07
    7.2998302057e-03    2.4086901362e-07
    7.3992698453e-03    2.4360500106e-07
    7.4999900535e-03    2.4606998750e-07
    7.5999400578e-03    2.4778398711e-07
    7.6996101998e-03    2.4864098691e-07
    7.7994000167e-03    2.4891801331e-07
    7.8994100913e-03    2.4964799650e-07
    7.9989396036e-03    2.5102900736e-07
    8.0998800695e-03    2.5287098993e-07
    8.1994403154e-03    2.5508998647e-07
    8.2994299009e-03    2.5718500751e-07
    8.3999102935e-03    2.5884199317e-07
    8.4998002276e-03    2.6020600785e-07
    8.5998801515e-03    2.6112701335e-07
    8.6998296902e-03    2.6170900469e-07
    8.7989196181e-03    2.6236600092e-07
    8.8992901146e-03    2.6315899504e-07
    8.9999595657e-03    2.6372501338e-07
    9.0990196913e-03    2.6386300078e-07
    9.1994898394e-03    2.6393598773e-07
    9.2997802421e-03    2.6422898713e-07
    9.3998499215e-03    2.6498400985e-07
    9.4996597618e-03    2.6602000958e-07
    9.5994602889e-03    2.6721599511e-07
    9.6996696666e-03    2.6850401014e-07
    9.7995502874e-03    2.6989900448e-07
    9.8998798057e-03    2.7122899837e-07
    9.9994000047e-03    2.7240400868e-07
    1.0099600069e-02    2.7360999866e-07
    1.0199200362e-02    2.7486200338e-07
    1.0299299844e-02    2.7622300536e-07
    1.0399599560e-02    2.7777801392e-07
    1.0499699973e-02    2.7942800784e-07
    1.0599800386e-02    2.8095200832e-07
    1.0700000450e-02    2.8215700354e-07
    1.0799500160e-02    2.8313598932e-07
    1.0899400339e-02    2.8425000664e-07
    1.0999600403e-02    2.8547700026e-07
    1.1099499650e-02    2.8656100426e-07
    1.1199899949e-02    2.8762099191e-07
    1.1299300008e-02    2.8899100357e-07
    1.1399899609e-02    2.9072700158e-07
    1.1499200016e-02    2.9251799560e-07
    1.1599300429e-02    2.9431600979e-07
    1.1699199677e-02    2.9621600106e-07
    1.1799300089e-02    2.9827700132e-07
    1.1899099685e-02    3.0038899013e-07
    1.1999900453e-02    3.0248799021e-07
    1.2099999934e-02    3.0461100664e-07
    1.2199499644e-02    3.0683500540e-07
    1.2299699709e-02    3.0907000337e-07
    1.2399899773e-02    3.1119500932e-07
    1.2500000186e-02    3.1323000371e-07
    1.2599799782e-02    3.1531300237e-07
    1.2699400075e-02    3.1753000940e-07
    1.2799600139e-02    3.1987801208e-07
    1.2899300084e-02    3.2238099834e-07
    1.2999599800e-02    3.2510300230e-07
    1.3099400327e-02    3.2794901017e-07
    1.3199600391e-02    3.3076599948e-07
    1.3299800456e-02    3.3352100104e-07
    1.3399999589e-02    3.3636899843e-07
    1.3499500230e-02    3.3932201404e-07
    1.3599700294e-02    3.4232098756e-07
    1.3699599542e-02    3.4520999748e-07
    1.3799100183e-02    3.4789599113e-07
    1.3899699785e-02    3.5044200786e-07
    1.3999599963e-02    3.5280601196e-07
    1.4099899679e-02    3.5499201090e-07
    1.4199499972e-02    3.5696101008e-07
    1.4299900271e-02    3.5882700899e-07
    1.4399800450e-02    3.6068399822e-07
    1.4499899931e-02    3.6254598967e-07
    1.4600000344e-02    3.6429000261e-07
    1.4699099585e-02    3.6582500229e-07
    1.4799499884e-02    3.6720200569e-07
    1.4899699949e-02    3.6842200757e-07
    1.4999800362e-02    3.6947199078e-07
    1.5099899843e-02    3.7034700995e-07
    1.5200000256e-02    3.7108000583e-07
    1.5298999846e-02    3.7167001210e-07
    1.5399799682e-02    3.7206899606e-07
    1.5499699861e-02    3.7221900584e-07
    1.5599399805e-02    3.7216798887e-07
    1.5699600801e-02    3.7202400449e-07
    1.5799500048e-02    3.7184699408e-07
    1.5899799764e-02    3.7156701183e-07
    1.5999399126e-02    3.7115600549e-07
    1.6099600121e-02    3.7068198822e-07
    1.6199499369e-02    3.7020498667e-07
    1.6299700364e-02    3.6969399275e-07
    1.6399899498e-02    3.6911100665e-07
    1.6499800608e-02    3.6847001184e-07
    1.6599699855e-02    3.6781099766e-07
    1.6699599102e-02    3.6712899032e-07
    1.6799600795e-02    3.6640099665e-07
    1.6899300739e-02    3.6560800254e-07
    1.6999099404e-02    3.6472201259e-07
    1.7098799348e-02    3.6370300904e-07
    1.7200000584e-02    3.6250500557e-07
    1.7299300060e-02    3.6119598690e-07
    1.7400000244e-02    3.5980301050e-07
    1.7499800771e-02    3.5839698853e-07
    1.7599599436e-02    3.5696200484e-07
    1.7699299380e-02    3.5550701227e-07
    1.7798999324e-02    3.5408100985e-07
    1.7898799852e-02    3.5269999898e-07
    1.7999300733e-02    3.5134900145e-07
    1.8099799752e-02    3.5004799770e-07
    1.8199900165e-02    3.4884399724e-07
    1.8299600109e-02    3.4774001278e-07
    1.8399400637e-02    3.4667499449e-07
    1.8499199301e-02    3.4558399875e-07
    1.8598899245e-02    3.4445500319e-07
    1.8699899316e-02    3.4329900700e-07
    1.8799500540e-02    3.4216199651e-07
    1.8899299204e-02    3.4101501001e-07
    1.8998999149e-02    3.3986100334e-07
    1.9099500030e-02    3.3866200511e-07
    1.9199199975e-02    3.3740300864e-07
    1.9299000502e-02    3.3604399619e-07
    1.9400000572e-02    3.3455600601e-07
    1.9499700516e-02    3.3300199220e-07
    1.9599499181e-02    3.3139599509e-07
    1.9699299708e-02    3.2971598785e-07
    1.9798999652e-02    3.2793300875e-07
    1.9898800179e-02    3.2603401223e-07
    1.9999800250e-02    3.2401499084e-07
    2.0099600777e-02    3.2193901234e-07
    2.0199300721e-02    3.1977398862e-07
    2.0299099386e-02    3.1752000496e-07
    2.0398899913e-02    3.1519499544e-07
    2.0499899983e-02    3.1277198786e-07
    2.0599599928e-02    3.1029600223e-07
    2.0699400455e-02    3.0772699233e-07
    2.0799199119e-02    3.0506600979e-07
    2.0898999646e-02    3.0232800441e-07
    2.0999899134e-02    2.9948500924e-07
    2.1099699661e-02    2.9659599932e-07
    2.1199500188e-02    2.9362399800e-07
    2.1299300715e-02    2.9059501117e-07
    2.1399000660e-02    2.8752299386e-07
    2.1498799324e-02    2.8441999689e-07
    2.1599799395e-02    2.8126999041e-07
    2.1699599922e-02    2.7815099202e-07
    2.1799400449e-02    2.7501201316e-07
    2.1899100393e-02    2.7183199336e-07
    2.1998900920e-02    2.6859700597e-07
    2.2099899128e-02    2.6526498687e-07
    2.2199699655e-02    2.6188700986e-07
    2.2299399599e-02    2.5838699003e-07
    2.2399200127e-02    2.5474400900e-07
    2.2499000654e-02    2.5095300771e-07
    2.2600000724e-02    2.4698701395e-07
    2.2699799389e-02    2.4299100687e-07
    2.2799499333e-02    2.3895299250e-07
    2.2899299860e-02    2.3489799617e-07
    2.2999100387e-02    2.3086599299e-07
    2.3098800331e-02    2.2688800527e-07
    2.3199800402e-02    2.2291800406e-07
    2.3299600929e-02    2.1904099867e-07
    2.3399399593e-02    2.1521300653e-07
    2.3499200121e-02    2.1145700657e-07
    2.3598900065e-02    2.0778300325e-07
    2.3699900135e-02    2.0412799984e-07
    2.3799799383e-02    2.0055199457e-07
    2.3899100721e-02    1.9700600262e-07
    2.3998999968e-02    1.9343599433e-07
    2.4099500850e-02    1.8984499661e-07
    2.4199299514e-02    1.8628900023e-07
    2.4299500510e-02    1.8276699620e-07
    2.4399299175e-02    1.7933500374e-07
    2.4499099702e-02    1.7596200053e-07
    2.4598799646e-02    1.7261399421e-07
    2.4699799716e-02    1.6925000068e-07
    2.4799600244e-02    1.6597799402e-07
    2.4899400771e-02    1.6277799375e-07
    2.4999199435e-02    1.5965299838e-07
    2.5098999962e-02    1.5662000408e-07
    2.5200000033e-02    1.5365600348e-07
    2.5299699977e-02    1.5080900084e-07
    2.5399699807e-02    1.4801200621e-07
    2.5499500334e-02    1.4525899417e-07
    2.5599200279e-02    1.4255799385e-07
    2.5699000806e-02    1.3992899994e-07
    2.5798799470e-02    1.3738799964e-07
    2.5900000706e-02    1.3490499384e-07
    2.5999600068e-02    1.3254199871e-07
    2.6099100709e-02    1.3023100109e-07
    2.6199400425e-02    1.2790999904e-07
    2.6299299672e-02    1.2557400453e-07
    2.6399500668e-02    1.2320400344e-07
    2.6499699801e-02    1.2082199419e-07
    2.6599600911e-02    1.1843599879e-07
    2.6699300855e-02    1.1602300276e-07
    2.6799799874e-02    1.1355299989e-07
    2.6899699122e-02    1.1107199782e-07
    2.6999600232e-02    1.0856099664e-07
    2.7099799365e-02    1.0600300016e-07
    2.7200000361e-02    1.0340399825e-07
    2.7299499139e-02    1.0080800195e-07
    2.7399700135e-02    9.8213000399e-08
    2.7499899268e-02    9.5641702558e-08
    2.7599500492e-02    9.3098101672e-08
    2.7699800208e-02    9.0526000918e-08
    2.7799399570e-02    8.7959101336e-08
    2.7899600565e-02    8.5353100587e-08
    2.7999799699e-02    8.2727702022e-08
    2.8099300340e-02    8.0108996769e-08
    2.8199499473e-02    7.7480002858e-08
    2.8299400583e-02    7.4866200350e-08
    2.8399700299e-02    7.2214902502e-08
    2.8499500826e-02    6.9535701641e-08
    2.8599699959e-02    6.6794001441e-08
    2.8699999675e-02    6.4005298839e-08
    2.8799800202e-02    6.1197603429e-08
    2.8899600729e-02    5.8374798328e-08
    2.8999200091e-02    5.5577999092e-08
    2.9099300504e-02    5.2807898498e-08
    2.9199600220e-02    5.0059899337e-08
    2.9299799353e-02    4.7305000805e-08
    2.9399100691e-02    4.4545998890e-08
    2.9499899596e-02    4.1715999544e-08
    2.9599599540e-02    3.8895901611e-08
    2.9699800536e-02    3.6050199270e-08
    2.9799800366e-02    3.3200400651e-08
    2.9899699613e-02    3.0348598301e-08
    2.9999900609e-02    2.7503499922e-08
