       301
    0.0000000000e+00    0.0000000000e+00
    9.9796299764e-05    0.0000000000e+00
    1.9923200307e-04    5.3716497916e-10
    2.9902800452e-04    6.0414300229e-09
    3.9882300189e-04    1.2926100190e-08
    4.9983500503e-04    1.9920500804e-08
    5.9963000240e-04    2.6760700322e-08
    6.9942302071e-04    3.3494700347e-08
    7.9921598081e-04    4.0140200497e-08
    8.9900899911e-04    4.6655099339e-08
    9.9880003836e-04    5.3047099158e-08
    1.0998100042e-03    5.9392100127e-08
    1.1996000540e-03    6.5573402708e-08
    1.2993899873e-03    7.1811001590e-08
    1.3991700253e-03    7.8060402586e-08
    1.4989400515e-03    8.4186901006e-08
    1.5999299940e-03    9.0287898047e-08
    1.6997000203e-03    9.6232497526e-08
    1.7994700465e-03    1.0203299894e-07
    1.8992299447e-03    1.0765199931e-07
    1.9990000874e-03    1.1317199977e-07
    2.0999799017e-03    1.1865500227e-07
    2.1997399163e-03    1.2390300697e-07
    2.2994899191e-03    1.2906500046e-07
    2.3992399219e-03    1.3422399547e-07
    2.4989699014e-03    1.3930099385e-07
    2.5999199133e-03    1.4427500616e-07
    2.6996498927e-03    1.4899400469e-07
    2.7993801050e-03    1.5358699557e-07
    2.8991100844e-03    1.5814900678e-07
    2.9988300521e-03    1.6264800706e-07
    3.0997600406e-03    1.6711599926e-07
    3.1994699966e-03    1.7141799447e-07
    3.2991799526e-03    1.7565699295e-07
    3.3988798968e-03    1.7979100164e-07
    3.4988799598e-03    1.8378599975e-07
    3.5997300874e-03    1.8775099875e-07
    3.6994200200e-03    1.9164599507e-07
    3.7991199642e-03    1.9544499708e-07
    3.8988098968e-03    1.9909599303e-07
    3.9997198619e-03    2.0262800149e-07
    4.0994100273e-03    2.0601200390e-07
    4.1998499073e-03    2.0928899858e-07
    4.2995400727e-03    2.1236100167e-07
    4.3992297724e-03    2.1525799809e-07
    4.4997301884e-03    2.1801000116e-07
    4.5994301327e-03    2.2048899950e-07
    4.6991198324e-03    2.2264799782e-07
    4.7991098836e-03    2.2452699966e-07
    4.8991697840e-03    2.2615400042e-07
    4.9989097752e-03    2.2749199502e-07
    5.0995298661e-03    2.2851399706e-07
    5.1992097870e-03    2.2925399890e-07
    5.2994498983e-03    2.2982399628e-07
    5.3996299393e-03    2.3025999951e-07
    5.4993601516e-03    2.3055700638e-07
    5.5995602161e-03    2.3075500621e-07
    5.6999400258e-03    2.3089700107e-07
    5.7998499833e-03    2.3099200064e-07
    5.8988300152e-03    2.3094699486e-07
    5.9998501092e-03    2.3110699487e-07
    6.0998299159e-03    2.3166199981e-07
    6.1999601312e-03    2.3226100154e-07
    6.2991799787e-03    2.3238500546e-07
    6.3993800431e-03    2.3202200339e-07
    6.4995200373e-03    2.3045799935e-07
    6.5998598002e-03    2.2949500078e-07
    6.6990898922e-03    2.3088600187e-07
    6.7999497987e-03    2.3184699671e-07
    6.8994001485e-03    2.3185299369e-07
    6.9994498044e-03    2.3265499749e-07
    7.0998999290e-03    2.3512099290e-07
    7.1988701820e-03    2.3810800087e-07
    7.2998302057e-03    2.4089499107e-07
    7.3992698453e-03    2.4363001216e-07
    7.4999900535e-03    2.4609499860e-07
    7.5999400578e-03    2.4781598995e-07
    7.6996101998e-03    2.4867199500e-07
    7.7994000167e-03    2.4893398631e-07
    7.8994100913e-03    2.4965601142e-07
    7.9989396036e-03    2.5103000212e-07
    8.0998800695e-03    2.5287599215e-07
    8.1994403154e-03    2.5510800583e-07
    8.2994299009e-03    2.5720700592e-07
    8.3999102935e-03    2.5886700428e-07
    8.4998002276e-03    2.6022900101e-07
    8.5998801515e-03    2.6114599905e-07
    8.6998296902e-03    2.6173700007e-07
    8.7989196181e-03    2.6240300599e-07
    8.8992901146e-03    2.6320000757e-07
    8.9999595657e-03    2.6376798701e-07
    9.0990196913e-03    2.6390500807e-07
    9.1994898394e-03    2.6397600550e-07
    9.2997802421e-03    2.6425999522e-07
    9.3998499215e-03    2.6498199190e-07
    9.4996597618e-03    2.6603601100e-07
    9.5994602889e-03    2.6724299573e-07
    9.6996696666e-03    2.6852200108e-07
    9.7995502874e-03    2.6992699986e-07
    9.8998798057e-03    2.7127100566e-07
    9.9994000047e-03    2.7245599199e-07
    1.0099600069e-02    2.7366999689e-07
    1.0199200362e-02    2.7492498589e-07
    1.0299299844e-02    2.7628200883e-07
    1.0399599560e-02    2.7783698897e-07
    1.0499699973e-02    2.7949400305e-07
    1.0599800386e-02    2.8102599003e-07
    1.0700000450e-02    2.8223499271e-07
    1.0799500160e-02    2.8321798595e-07
    1.0899400339e-02    2.8433100852e-07
    1.0999600403e-02    2.8555700737e-07
    1.1099499650e-02    2.8664601359e-07
    1.1199899949e-02    2.8770699600e-07
    1.1299300008e-02    2.8907498972e-07
    1.1399899609e-02    2.9081300568e-07
    1.1499200016e-02    2.9261198620e-07
    1.1599300429e-02    2.9441400784e-07
    1.1699199677e-02    2.9631399912e-07
    1.1799300089e-02    2.9838199112e-07
    1.1899099685e-02    3.0049400834e-07
    1.1999900453e-02    3.0258300399e-07
    1.2099999934e-02    3.0469499279e-07
    1.2199499644e-02    3.0690600283e-07
    1.2299699709e-02    3.0913298588e-07
    1.2399899773e-02    3.1126398881e-07
    1.2500000186e-02    3.1330699812e-07
    1.2599799782e-02    3.1539099155e-07
    1.2699400075e-02    3.1760498587e-07
    1.2799600139e-02    3.1994699157e-07
    1.2899300084e-02    3.2244599879e-07
    1.2999599800e-02    3.2517499449e-07
    1.3099400327e-02    3.2802600458e-07
    1.3199600391e-02    3.3084100437e-07
    1.3299800456e-02    3.3358500673e-07
    1.3399999589e-02    3.3642200492e-07
    1.3499500230e-02    3.3936800037e-07
    1.3599700294e-02    3.4236001056e-07
    1.3699599542e-02    3.4524001080e-07
    1.3799100183e-02    3.4791401049e-07
    1.3899699785e-02    3.5044899960e-07
    1.3999599963e-02    3.5280601196e-07
    1.4099899679e-02    3.5498399598e-07
    1.4199499972e-02    3.5694401390e-07
    1.4299900271e-02    3.5880100313e-07
    1.4399800450e-02    3.6065199538e-07
    1.4499899931e-02    3.6250600033e-07
    1.4600000344e-02    3.6424299310e-07
    1.4699099585e-02    3.6577199580e-07
    1.4799499884e-02    3.6714399698e-07
    1.4899699949e-02    3.6835999140e-07
    1.4999800362e-02    3.6940599557e-07
    1.5099899843e-02    3.7028098632e-07
    1.5200000256e-02    3.7101901285e-07
    1.5298999846e-02    3.7161200339e-07
    1.5399799682e-02    3.7200999259e-07
    1.5499699861e-02    3.7215801285e-07
    1.5599399805e-02    3.7209500192e-07
    1.5699600801e-02    3.7194101310e-07
    1.5799500048e-02    3.7176201317e-07
    1.5899799764e-02    3.7148001297e-07
    1.5999399126e-02    3.7106801187e-07
    1.6099600121e-02    3.7059800206e-07
    1.6199499369e-02    3.7012600274e-07
    1.6299700364e-02    3.6962100580e-07
    1.6399899498e-02    3.6904700096e-07
    1.6499800608e-02    3.6841399265e-07
    1.6599699855e-02    3.6776299339e-07
    1.6699599102e-02    3.6708399875e-07
    1.6799600795e-02    3.6635299239e-07
    1.6899300739e-02    3.6555499605e-07
    1.6999099404e-02    3.6466599340e-07
    1.7098799348e-02    3.6365000256e-07
    1.7200000584e-02    3.6245398860e-07
    1.7299300060e-02    3.6114300883e-07
    1.7400000244e-02    3.5974798607e-07
    1.7499800771e-02    3.5833900824e-07
    1.7599599436e-02    3.5689899391e-07
    1.7699299380e-02    3.5543999388e-07
    1.7798999324e-02    3.5401200194e-07
    1.7898799852e-02    3.5262499409e-07
    1.7999300733e-02    3.5126700482e-07
    1.8099799752e-02    3.4995900933e-07
    1.8199900165e-02    3.4874901189e-07
    1.8299600109e-02    3.4763900203e-07
    1.8399400637e-02    3.4656900993e-07
    1.8499199301e-02    3.4547500150e-07
    1.8598899245e-02    3.4434000895e-07
    1.8699899316e-02    3.4317599784e-07
    1.8799500540e-02    3.4202901134e-07
    1.8899299204e-02    3.4087298673e-07
    1.8998999149e-02    3.3971099356e-07
    1.9099500030e-02    3.3850798786e-07
    1.9199199975e-02    3.3724600712e-07
    1.9299000502e-02    3.3588798942e-07
    1.9400000572e-02    3.3439999925e-07
    1.9499700516e-02    3.3285098766e-07
    1.9599499181e-02    3.3125201071e-07
    1.9699299708e-02    3.2958399743e-07
    1.9798999652e-02    3.2781699133e-07
    1.9898800179e-02    3.2593800370e-07
    1.9999800250e-02    3.2393799643e-07
    2.0099600777e-02    3.2188100363e-07
    2.0199300721e-02    3.1973300452e-07
    2.0299099386e-02    3.1749900131e-07
    2.0398899913e-02    3.1519499544e-07
    2.0499899983e-02    3.1279299151e-07
    2.0599599928e-02    3.1033800951e-07
    2.0699400455e-02    3.0778801374e-07
    2.0799199119e-02    3.0514598848e-07
    2.0898999646e-02    3.0242199500e-07
    2.0999899134e-02    2.9958999903e-07
    2.1099699661e-02    2.9671400625e-07
    2.1199500188e-02    2.9375900112e-07
    2.1299300715e-02    2.9074899999e-07
    2.1399000660e-02    2.8770000426e-07
    2.1498799324e-02    2.8462000046e-07
    2.1599799395e-02    2.8149099762e-07
    2.1699599922e-02    2.7838800065e-07
    2.1799400449e-02    2.7526098734e-07
    2.1899100393e-02    2.7209199516e-07
    2.1998900920e-02    2.6886701221e-07
    2.2099899128e-02    2.6554300803e-07
    2.2199699655e-02    2.6217099958e-07
    2.2299399599e-02    2.5867700515e-07
    2.2399200127e-02    2.5503700840e-07
    2.2499000654e-02    2.5124600711e-07
    2.2600000724e-02    2.4728299763e-07
    2.2699799389e-02    2.4329500548e-07
    2.2799499333e-02    2.3926600079e-07
    2.2899299860e-02    2.3522099468e-07
    2.2999100387e-02    2.3120300341e-07
    2.3098800331e-02    2.2723899917e-07
    2.3199800402e-02    2.2327799343e-07
    2.3299600929e-02    2.1940199701e-07
    2.3399399593e-02    2.1556499519e-07
    2.3499200121e-02    2.1179199905e-07
    2.3598900065e-02    2.0809899581e-07
    2.3699900135e-02    2.0442800519e-07
    2.3799799383e-02    2.0084499397e-07
    2.3899100721e-02    1.9730100576e-07
    2.3998999968e-02    1.9373999294e-07
    2.4099500850e-02    1.9016199815e-07
    2.4199299514e-02    1.8662299794e-07
    2.4299500510e-02    1.8312600503e-07
    2.4399299175e-02    1.7971299826e-07
    2.4499099702e-02    1.7635200322e-07
    2.4598799646e-02    1.7301699984e-07
    2.4699799716e-02    1.6967099725e-07
    2.4799600244e-02    1.6642499645e-07
    2.4899400771e-02    1.6326299601e-07
    2.4999199435e-02    1.6018699966e-07
    2.5098999962e-02    1.5721299462e-07
    2.5200000033e-02    1.5432000566e-07
    2.5299699977e-02    1.5155599442e-07
    2.5399699807e-02    1.4884699340e-07
    2.5499500334e-02    1.4617799593e-07
    2.5599200279e-02    1.4355200051e-07
    2.5699000806e-02    1.4099400403e-07
    2.5798799470e-02    1.3852400116e-07
    2.5900000706e-02    1.3611600025e-07
    2.5999600068e-02    1.3383800024e-07
    2.6099100709e-02    1.3162599544e-07
    2.6199400425e-02    1.2942500405e-07
    2.6299299672e-02    1.2723299392e-07
    2.6399500668e-02    1.2502799507e-07
    2.6499699801e-02    1.2282400519e-07
    2.6599600911e-02    1.2061499888e-07
    2.6699300855e-02    1.1836900171e-07
    2.6799799874e-02    1.1605300188e-07
    2.6899699122e-02    1.1371299991e-07
    2.6999600232e-02    1.1133599997e-07
    2.7099799365e-02    1.0891500324e-07
    2.7200000361e-02    1.0646900250e-07
    2.7299499139e-02    1.0404500017e-07
    2.7399700135e-02    1.0164300335e-07
    2.7499899268e-02    9.9284498845e-08
    2.7599500492e-02    9.6960796725e-08
    2.7699800208e-02    9.4604402534e-08
    2.7799399570e-02    9.2234202498e-08
    2.7899600565e-02    8.9802803416e-08
    2.7999799699e-02    8.7315598307e-08
    2.8099300340e-02    8.4801101252e-08
    2.8199499473e-02    8.2264598689e-08
    2.8299400583e-02    7.9734498115e-08
    2.8399700299e-02    7.7148797573e-08
    2.8499500826e-02    7.4531996574e-08
    2.8599699959e-02    7.1877202856e-08
    2.8699999675e-02    6.9196900654e-08
    2.8799800202e-02    6.6508498264e-08
    2.8899600729e-02    6.3818497154e-08
    2.8999200091e-02    6.1165799536e-08
    2.9099300504e-02    5.8539900039e-08
    2.9199600220e-02    5.5912899199e-08
    2.9299799353e-02    5.3238800035e-08
    2.9399100691e-02    5.0530800877e-08
    2.9499899596e-02    4.7734001640e-08
    2.9599599540e-02    4.4939401533e-08
    2.9699800536e-02    4.2134200129e-08
    2.9799800366e-02    3.9350201320e-08
    2.9899699613e-02    3.6580299678e-08
    2.9999900609e-02    3.3820999334e-08
