       301
    0.0000000000e+00    0.0000000000e+00
    9.9796299764e-05    0.0000000000e+00
    1.9923200307e-04    3.7048299983e-09
    2.9902800452e-04    1.3810599775e-08
    3.9882300189e-04    2.4585800062e-08
    4.9983500503e-04    3.5407701660e-08
    5.9963000240e-04    4.6029001055e-08
    6.9942302071e-04    5.6506500812e-08
    7.9921598081e-04    6.6914097374e-08
    8.9900899911e-04    7.7252998665e-08
    9.9880003836e-04    8.7532001203e-08
    1.0998100042e-03    9.7856599268e-08
    1.1996000540e-03    1.0799399774e-07
    1.2993899873e-03    1.1812600320e-07
    1.3991700253e-03    1.2830800245e-07
    1.4989400515e-03    1.3851399672e-07
    1.5999299940e-03    1.4879999810e-07
    1.6997000203e-03    1.5893600391e-07
    1.7994700465e-03    1.6907999623e-07
    1.8992299447e-03    1.7923299822e-07
    1.9990000874e-03    1.8934399293e-07
    2.0999799017e-03    1.9956999608e-07
    2.1997399163e-03    2.0966500358e-07
    2.2994899191e-03    2.1978399900e-07
    2.3992399219e-03    2.2987499904e-07
    2.4989699014e-03    2.4003099952e-07
    2.5999199133e-03    2.5027699735e-07
    2.6996498927e-03    2.6031599987e-07
    2.7993801050e-03    2.7025399163e-07
    2.8991100844e-03    2.8006800790e-07
    2.9988300521e-03    2.8981099831e-07
    3.0997600406e-03    2.9952499858e-07
    3.1994699966e-03    3.0890700486e-07
    3.2991799526e-03    3.1803500633e-07
    3.3988798968e-03    3.2695899677e-07
    3.4988799598e-03    3.3576500869e-07
    3.5997300874e-03    3.4449399777e-07
    3.6994200200e-03    3.5300999457e-07
    3.7991199642e-03    3.6148699678e-07
    3.8988098968e-03    3.6994299535e-07
    3.9997198619e-03    3.7843400946e-07
    4.0994100273e-03    3.8674400571e-07
    4.1998499073e-03    3.9510200622e-07
    4.2995400727e-03    4.0344801278e-07
    4.3992297724e-03    4.1181399979e-07
    4.4997301884e-03    4.2022199409e-07
    4.5994301327e-03    4.2858900429e-07
    4.6991198324e-03    4.3703599317e-07
    4.7991098836e-03    4.4559999424e-07
    4.8991697840e-03    4.5427000828e-07
    4.9989097752e-03    4.6309799018e-07
    5.0995298661e-03    4.7220498800e-07
    5.1992097870e-03    4.8140202580e-07
    5.2994498983e-03    4.9078698794e-07
    5.3996299393e-03    5.0030797638e-07
    5.4993601516e-03    5.0990297495e-07
    5.5995602161e-03    5.1956499192e-07
    5.6999400258e-03    5.2917800986e-07
    5.7998499833e-03    5.3869899830e-07
    5.8988300152e-03    5.4833401464e-07
    5.9998501092e-03    5.5829099210e-07
    6.0998299159e-03    5.6712400465e-07
    6.1999601312e-03    5.7561697986e-07
    6.2991799787e-03    5.8274497405e-07
    6.3993800431e-03    5.8963701122e-07
    6.4995200373e-03    5.9727000234e-07
    6.5998598002e-03    6.0367699461e-07
    6.6990898922e-03    6.0880302044e-07
    6.7999497987e-03    6.1345701852e-07
    6.8994001485e-03    6.1836300347e-07
    6.9994498044e-03    6.2312000182e-07
    7.0998999290e-03    6.2751001906e-07
    7.1988701820e-03    6.3289797936e-07
    7.2998302057e-03    6.3941297412e-07
    7.3992698453e-03    6.4583599624e-07
    7.4999900535e-03    6.5193802357e-07
    7.5999400578e-03    6.5785002334e-07
    7.6996101998e-03    6.6443402602e-07
    7.7994000167e-03    6.7168002715e-07
    7.8994100913e-03    6.7925901703e-07
    7.9989396036e-03    6.8698398081e-07
    8.0998800695e-03    6.9489499310e-07
    8.1994403154e-03    7.0272199082e-07
    8.2994299009e-03    7.1040699368e-07
    8.3999102935e-03    7.1788002742e-07
    8.4998002276e-03    7.2492298386e-07
    8.5998801515e-03    7.3169701409e-07
    8.6998296902e-03    7.3869301787e-07
    8.7989196181e-03    7.4582197840e-07
    8.8992901146e-03    7.5273197808e-07
    8.9999595657e-03    7.5906598340e-07
    9.0990196913e-03    7.6459201637e-07
    9.1994898394e-03    7.6959202033e-07
    9.2997802421e-03    7.7429797329e-07
    9.3998499215e-03    7.7896402217e-07
    9.4996597618e-03    7.8380202240e-07
    9.5994602889e-03    7.8886301935e-07
    9.6996696666e-03    7.9399399056e-07
    9.7995502874e-03    7.9863002611e-07
    9.8998798057e-03    8.0253101942e-07
    9.9994000047e-03    8.0580400663e-07
    1.0099600069e-02    8.0869102703e-07
    1.0199200362e-02    8.1133799767e-07
    1.0299299844e-02    8.1386002648e-07
    1.0399599560e-02    8.1619799630e-07
    1.0499699973e-02    8.1811401742e-07
    1.0599800386e-02    8.1960598663e-07
    1.0700000450e-02    8.2096300957e-07
    1.0799500160e-02    8.2233998455e-07
    1.0899400339e-02    8.2361498244e-07
    1.0999600403e-02    8.2454897665e-07
    1.1099499650e-02    8.2527901668e-07
    1.1199899949e-02    8.2603997953e-07
    1.1299300008e-02    8.2663700596e-07
    1.1399899609e-02    8.2692901060e-07
    1.1499200016e-02    8.2686102587e-07
    1.1599300429e-02    8.2642799271e-07
    1.1699199677e-02    8.2549598801e-07
    1.1799300089e-02    8.2407200352e-07
    1.1899099685e-02    8.2238102550e-07
    1.1999900453e-02    8.2043800376e-07
    1.2099999934e-02    8.1826800624e-07
    1.2199499644e-02    8.1598602719e-07
    1.2299699709e-02    8.1365300275e-07
    1.2399899773e-02    8.1128001739e-07
    1.2500000186e-02    8.0886599108e-07
    1.2599799782e-02    8.0653398982e-07
    1.2699400075e-02    8.0437700944e-07
    1.2799600139e-02    8.0235901123e-07
    1.2899300084e-02    8.0041598949e-07
    1.2999599800e-02    7.9841498746e-07
    1.3099400327e-02    7.9633599626e-07
    1.3199600391e-02    7.9417202414e-07
    1.3299800456e-02    7.9186099811e-07
    1.3399999589e-02    7.8935102010e-07
    1.3499500230e-02    7.8675901705e-07
    1.3599700294e-02    7.8416002225e-07
    1.3699599542e-02    7.8151498428e-07
    1.3799100183e-02    7.7884698158e-07
    1.3899699785e-02    7.7625702488e-07
    1.3999599963e-02    7.7383202779e-07
    1.4099899679e-02    7.7141902466e-07
    1.4199499972e-02    7.6898800216e-07
    1.4299900271e-02    7.6656999681e-07
    1.4399800450e-02    7.6423799555e-07
    1.4499899931e-02    7.6200302601e-07
    1.4600000344e-02    7.5991397352e-07
    1.4699099585e-02    7.5797498766e-07
    1.4799499884e-02    7.5609398209e-07
    1.4899699949e-02    7.5424497936e-07
    1.4999800362e-02    7.5245600328e-07
    1.5099899843e-02    7.5081601381e-07
    1.5200000256e-02    7.4940300010e-07
    1.5298999846e-02    7.4820400187e-07
    1.5399799682e-02    7.4706002806e-07
    1.5499699861e-02    7.4590900567e-07
    1.5599399805e-02    7.4476201917e-07
    1.5699600801e-02    7.4361901170e-07
    1.5799500048e-02    7.4242001347e-07
    1.5899799764e-02    7.4108601211e-07
    1.5999399126e-02    7.3959398605e-07
    1.6099600121e-02    7.3788197597e-07
    1.6199499369e-02    7.3596902439e-07
    1.6299700364e-02    7.3391800015e-07
    1.6399899498e-02    7.3181399785e-07
    1.6499800608e-02    7.2971698728e-07
    1.6599699855e-02    7.2763901926e-07
    1.6699599102e-02    7.2559197406e-07
    1.6799600795e-02    7.2357499903e-07
    1.6899300739e-02    7.2162697506e-07
    1.6999099404e-02    7.1979900440e-07
    1.7098799348e-02    7.1811899716e-07
    1.7200000584e-02    7.1654199019e-07
    1.7299300060e-02    7.1506997301e-07
    1.7400000244e-02    7.1360199172e-07
    1.7499800771e-02    7.1211900377e-07
    1.7599599436e-02    7.1058201456e-07
    1.7699299380e-02    7.0897999649e-07
    1.7798999324e-02    7.0731397273e-07
    1.7898799852e-02    7.0554801823e-07
    1.7999300733e-02    7.0363597615e-07
    1.8099799752e-02    7.0155897447e-07
    1.8199900165e-02    6.9934799285e-07
    1.8299600109e-02    6.9704600492e-07
    1.8399400637e-02    6.9469598429e-07
    1.8499199301e-02    6.9232902433e-07
    1.8598899245e-02    6.8994899038e-07
    1.8699899316e-02    6.8751000981e-07
    1.8799500540e-02    6.8505801210e-07
    1.8899299204e-02    6.8254598773e-07
    1.8998999149e-02    6.8000497322e-07
    1.9099500030e-02    6.7743900445e-07
    1.9199199975e-02    6.7491799882e-07
    1.9299000502e-02    6.7246099889e-07
    1.9400000572e-02    6.7006902782e-07
    1.9499700516e-02    6.6782797603e-07
    1.9599499181e-02    6.6572897595e-07
    1.9699299708e-02    6.6378197516e-07
    1.9798999652e-02    6.6200300353e-07
    1.9898800179e-02    6.6040200863e-07
    1.9999800250e-02    6.5895397938e-07
    2.0099600777e-02    6.5765999580e-07
    2.0199300721e-02    6.5645997438e-07
    2.0299099386e-02    6.5531600058e-07
    2.0398899913e-02    6.5418697659e-07
    2.0499899983e-02    6.5303800056e-07
    2.0599599928e-02    6.5187498421e-07
    2.0699400455e-02    6.5066700472e-07
    2.0799199119e-02    6.4941599476e-07
    2.0898999646e-02    6.4812201117e-07
    2.0999899134e-02    6.4677197997e-07
    2.1099699661e-02    6.4540301992e-07
    2.1199500188e-02    6.4403701572e-07
    2.1299300715e-02    6.4272501277e-07
    2.1399000660e-02    6.4149799073e-07
    2.1498799324e-02    6.4035498326e-07
    2.1599799395e-02    6.3927200245e-07
    2.1699599922e-02    6.3826900032e-07
    2.1799400449e-02    6.3733898514e-07
    2.1899100393e-02    6.3648701598e-07
    2.1998900920e-02    6.3571201281e-07
    2.2099899128e-02    6.3499902581e-07
    2.2199699655e-02    6.3433998321e-07
    2.2299399599e-02    6.3369202508e-07
    2.2399200127e-02    6.3305100184e-07
    2.2499000654e-02    6.3244499415e-07
    2.2600000724e-02    6.3188900867e-07
    2.2699799389e-02    6.3138099904e-07
    2.2799499333e-02    6.3086400814e-07
    2.2899299860e-02    6.3027698616e-07
    2.2999100387e-02    6.2958997660e-07
    2.3098800331e-02    6.2880599216e-07
    2.3199800402e-02    6.2794197220e-07
    2.3299600929e-02    6.2704100401e-07
    2.3399399593e-02    6.2608302187e-07
    2.3499200121e-02    6.2503801246e-07
    2.3598900065e-02    6.2388897959e-07
    2.3699900135e-02    6.2262199663e-07
    2.3799799383e-02    6.2129100797e-07
    2.3899100721e-02    6.1992801648e-07
    2.3998999968e-02    6.1853097577e-07
    2.4099500850e-02    6.1709397414e-07
    2.4199299514e-02    6.1562701603e-07
    2.4299500510e-02    6.1411702745e-07
    2.4399299175e-02    6.1258799633e-07
    2.4499099702e-02    6.1104998395e-07
    2.4598799646e-02    6.0953101411e-07
    2.4699799716e-02    6.0801102109e-07
    2.4799600244e-02    6.0650097566e-07
    2.4899400771e-02    6.0495199250e-07
    2.4999199435e-02    6.0333701413e-07
    2.5098999962e-02    6.0164802562e-07
    2.5200000033e-02    5.9988298062e-07
    2.5299699977e-02    5.9810201947e-07
    2.5399699807e-02    5.9628598592e-07
    2.5499500334e-02    5.9443601685e-07
    2.5599200279e-02    5.9255000906e-07
    2.5699000806e-02    5.9062597302e-07
    2.5798799470e-02    5.8865998653e-07
    2.5900000706e-02    5.8661697722e-07
    2.5999600068e-02    5.8453599650e-07
    2.6099100709e-02    5.8235701772e-07
    2.6199400425e-02    5.8004599168e-07
    2.6299299672e-02    5.7765697647e-07
    2.6399500668e-02    5.7522998986e-07
    2.6499699801e-02    5.7283199340e-07
    2.6599600911e-02    5.7050800706e-07
    2.6699300855e-02    5.6827201433e-07
    2.6799799874e-02    5.6610599586e-07
    2.6899699122e-02    5.6404701354e-07
    2.6999600232e-02    5.6207602483e-07
    2.7099799365e-02    5.6018001260e-07
    2.7200000361e-02    5.5833197621e-07
    2.7299499139e-02    5.5648098396e-07
    2.7399700135e-02    5.5455302572e-07
    2.7499899268e-02    5.5252797893e-07
    2.7599500492e-02    5.5041698488e-07
    2.7699800208e-02    5.4821498452e-07
    2.7799399570e-02    5.4598399402e-07
    2.7899600565e-02    5.4370798352e-07
    2.7999799699e-02    5.4142702766e-07
    2.8099300340e-02    5.3915499620e-07
    2.8199499473e-02    5.3682902035e-07
    2.8299400583e-02    5.3445501180e-07
    2.8399700299e-02    5.3200398042e-07
    2.8499500826e-02    5.2948297480e-07
    2.8599699959e-02    5.2685197716e-07
    2.8699999675e-02    5.2412997320e-07
    2.8799800202e-02    5.2136601880e-07
    2.8899600729e-02    5.1858000916e-07
    2.8999200091e-02    5.1581599791e-07
    2.9099300504e-02    5.1307699778e-07
    2.9199600220e-02    5.1039597793e-07
    2.9299799353e-02    5.0779897265e-07
    2.9399100691e-02    5.0530701401e-07
    2.9499899596e-02    5.0284097597e-07
    2.9599599540e-02    5.0042700650e-07
    2.9699800536e-02    4.9800098623e-07
    2.9799800366e-02    4.9555501391e-07
    2.9899699613e-02    4.9304901495e-07
    2.9999900609e-02    4.9046298045e-07
