       301
    0.0000000000e+00    0.0000000000e+00
    9.9796299764e-05    0.0000000000e+00
    1.9923200307e-04    2.4616100269e-09
    2.9902800452e-04    1.0966400232e-08
    3.9882300189e-04    2.0254400823e-08
    4.9983500503e-04    2.9647599931e-08
    5.9963000240e-04    3.8867401742e-08
    6.9942302071e-04    4.7907498413e-08
    7.9921598081e-04    5.6833499684e-08
    8.9900899911e-04    6.5722701947e-08
    9.9880003836e-04    7.4578402121e-08
    1.0998100042e-03    8.3401602069e-08
    1.1996000540e-03    9.2042398592e-08
    1.2993899873e-03    1.0067400069e-07
    1.3991700253e-03    1.0933899830e-07
    1.4989400515e-03    1.1806100275e-07
    1.5999299940e-03    1.2675799610e-07
    1.6997000203e-03    1.3525099973e-07
    1.7994700465e-03    1.4377799573e-07
    1.8992299447e-03    1.5237600337e-07
    1.9990000874e-03    1.6081600052e-07
    2.0999799017e-03    1.6926800583e-07
    2.1997399163e-03    1.7760599746e-07
    2.2994899191e-03    1.8602699470e-07
    2.3992399219e-03    1.9450000366e-07
    2.4989699014e-03    2.0302799442e-07
    2.5999199133e-03    2.1181699594e-07
    2.6996498927e-03    2.2071100148e-07
    2.7993801050e-03    2.2978299796e-07
    2.8991100844e-03    2.3906301294e-07
    2.9988300521e-03    2.4860099757e-07
    3.0997600406e-03    2.5849999474e-07
    3.1994699966e-03    2.6854499424e-07
    3.2991799526e-03    2.7869899100e-07
    3.3988798968e-03    2.8901899896e-07
    3.4988799598e-03    2.9973699611e-07
    3.5997300874e-03    3.1088001151e-07
    3.6994200200e-03    3.2220799540e-07
    3.7991199642e-03    3.3387999565e-07
    3.8988098968e-03    3.4598099319e-07
    3.9997198619e-03    3.5865400605e-07
    4.0994100273e-03    3.7150400090e-07
    4.1998499073e-03    3.8471600305e-07
    4.2995400727e-03    3.9795199314e-07
    4.3992297724e-03    4.1111701421e-07
    4.4997301884e-03    4.2418199087e-07
    4.5994301327e-03    4.3681998818e-07
    4.6991198324e-03    4.4896700047e-07
    4.7991098836e-03    4.6054199743e-07
    4.8991697840e-03    4.7137200454e-07
    4.9989097752e-03    4.8141799880e-07
    5.0995298661e-03    4.9097599231e-07
    5.1992097870e-03    5.0002398666e-07
    5.2994498983e-03    5.0878099955e-07
    5.3996299393e-03    5.1735901252e-07
    5.4993601516e-03    5.2580901411e-07
    5.5995602161e-03    5.3425901569e-07
    5.6999400258e-03    5.4267098903e-07
    5.7998499833e-03    5.5088901263e-07
    5.8988300152e-03    5.5914802033e-07
    5.9998501092e-03    5.6797500747e-07
    6.0998299159e-03    5.7550101928e-07
    6.1999601312e-03    5.8157002059e-07
    6.2991799787e-03    5.8668598513e-07
    6.3993800431e-03    5.9148999298e-07
    6.4995200373e-03    5.9818597720e-07
    6.5998598002e-03    6.0521500700e-07
    6.6990898922e-03    6.1116202232e-07
    6.7999497987e-03    6.1658499817e-07
    6.8994001485e-03    6.2222801489e-07
    6.9994498044e-03    6.2880798168e-07
    7.0998999290e-03    6.3488397473e-07
    7.1988701820e-03    6.4240998654e-07
    7.2998302057e-03    6.5193000864e-07
    7.3992698453e-03    6.6166001034e-07
    7.4999900535e-03    6.7070698151e-07
    7.5999400578e-03    6.7886901434e-07
    7.6996101998e-03    6.8738501113e-07
    7.7994000167e-03    6.9705697570e-07
    7.8994100913e-03    7.0755902470e-07
    7.9989396036e-03    7.1743301078e-07
    8.0998800695e-03    7.2631002013e-07
    8.1994403154e-03    7.3394102174e-07
    8.2994299009e-03    7.3999001415e-07
    8.3999102935e-03    7.4439799391e-07
    8.4998002276e-03    7.4737897648e-07
    8.5998801515e-03    7.4948502515e-07
    8.6998296902e-03    7.5134897770e-07
    8.7989196181e-03    7.5314397918e-07
    8.8992901146e-03    7.5528197385e-07
    8.9999595657e-03    7.5851198744e-07
    9.0990196913e-03    7.6299301099e-07
    9.1994898394e-03    7.6842798080e-07
    9.2997802421e-03    7.7421498190e-07
    9.3998499215e-03    7.8018297245e-07
    9.4996597618e-03    7.8633900102e-07
    9.5994602889e-03    7.9249798546e-07
    9.6996696666e-03    7.9838201827e-07
    9.7995502874e-03    8.0355800947e-07
    9.8998798057e-03    8.0774600519e-07
    9.9994000047e-03    8.1121999074e-07
    1.0099600069e-02    8.1480300196e-07
    1.0199200362e-02    8.1855597500e-07
    1.0299299844e-02    8.2208401864e-07
    1.0399599560e-02    8.2481801655e-07
    1.0499699973e-02    8.2665400214e-07
    1.0599800386e-02    8.2782798927e-07
    1.0700000450e-02    8.2853699723e-07
    1.0799500160e-02    8.2901499354e-07
    1.0899400339e-02    8.2962202441e-07
    1.0999600403e-02    8.3039600440e-07
    1.1099499650e-02    8.3115600091e-07
    1.1199899949e-02    8.3175700638e-07
    1.1299300008e-02    8.3206202817e-07
    1.1399899609e-02    8.3218901636e-07
    1.1499200016e-02    8.3237301851e-07
    1.1599300429e-02    8.3253297589e-07
    1.1699199677e-02    8.3256099970e-07
    1.1799300089e-02    8.3219902081e-07
    1.1899099685e-02    8.3122699834e-07
    1.1999900453e-02    8.2970200310e-07
    1.2099999934e-02    8.2792001876e-07
    1.2199499644e-02    8.2606601381e-07
    1.2299699709e-02    8.2415397173e-07
    1.2399899773e-02    8.2208799768e-07
    1.2500000186e-02    8.1990697254e-07
    1.2599799782e-02    8.1765500681e-07
    1.2699400075e-02    8.1525399764e-07
    1.2799600139e-02    8.1255700479e-07
    1.2899300084e-02    8.0956800730e-07
    1.2999599800e-02    8.0636800703e-07
    1.3099400327e-02    8.0309501982e-07
    1.3199600391e-02    7.9996101476e-07
    1.3299800456e-02    7.9708098610e-07
    1.3399999589e-02    7.9435102407e-07
    1.3499500230e-02    7.9156501442e-07
    1.3599700294e-02    7.8863399722e-07
    1.3699599542e-02    7.8577801332e-07
    1.3799100183e-02    7.8317299312e-07
    1.3899699785e-02    7.8077101762e-07
    1.3999599963e-02    7.7860499914e-07
    1.4099899679e-02    7.7662997455e-07
    1.4199499972e-02    7.7480399341e-07
    1.4299900271e-02    7.7295601386e-07
    1.4399800450e-02    7.7099599594e-07
    1.4499899931e-02    7.6886198030e-07
    1.4600000344e-02    7.6653202541e-07
    1.4699099585e-02    7.6396401028e-07
    1.4799499884e-02    7.6101298419e-07
    1.4899699949e-02    7.5781099440e-07
    1.4999800362e-02    7.5453402815e-07
    1.5099899843e-02    7.5130799360e-07
    1.5200000256e-02    7.4827801200e-07
    1.5298999846e-02    7.4557198104e-07
    1.5399799682e-02    7.4319598298e-07
    1.5499699861e-02    7.4120697491e-07
    1.5599399805e-02    7.3955499147e-07
    1.5699600801e-02    7.3824998026e-07
    1.5799500048e-02    7.3729000860e-07
    1.5899799764e-02    7.3662101840e-07
    1.5999399126e-02    7.3616200780e-07
    1.6099600121e-02    7.3573397685e-07
    1.6199499369e-02    7.3518299359e-07
    1.6299700364e-02    7.3446000215e-07
    1.6399899498e-02    7.3357801966e-07
    1.6499800608e-02    7.3254898325e-07
    1.6599699855e-02    7.3135299772e-07
    1.6699599102e-02    7.3002502177e-07
    1.6799600795e-02    7.2861001854e-07
    1.6899300739e-02    7.2716898103e-07
    1.6999099404e-02    7.2576699495e-07
    1.7098799348e-02    7.2442901455e-07
    1.7200000584e-02    7.2304499099e-07
    1.7299300060e-02    7.2151601671e-07
    1.7400000244e-02    7.1970197268e-07
    1.7499800771e-02    7.1761900244e-07
    1.7599599436e-02    7.1533099799e-07
    1.7699299380e-02    7.1294499548e-07
    1.7798999324e-02    7.1054000728e-07
    1.7898799852e-02    7.0815599429e-07
    1.7999300733e-02    7.0584201239e-07
    1.8099799752e-02    7.0363000759e-07
    1.8199900165e-02    7.0151099862e-07
    1.8299600109e-02    6.9945099312e-07
    1.8399400637e-02    6.9748398346e-07
    1.8499199301e-02    6.9564197247e-07
    1.8598899245e-02    6.9387101576e-07
    1.8699899316e-02    6.9211398568e-07
    1.8799500540e-02    6.9036798322e-07
    1.8899299204e-02    6.8857400493e-07
    1.8998999149e-02    6.8675399234e-07
    1.9099500030e-02    6.8489600835e-07
    1.9199199975e-02    6.8304700562e-07
    1.9299000502e-02    6.8120897367e-07
    1.9400000572e-02    6.7933899572e-07
    1.9499700516e-02    6.7744400667e-07
    1.9599499181e-02    6.7545602178e-07
    1.9699299708e-02    6.7337401788e-07
    1.9798999652e-02    6.7121800384e-07
    1.9898800179e-02    6.6894301654e-07
    1.9999800250e-02    6.6650801500e-07
    2.0099600777e-02    6.6399098841e-07
    2.0199300721e-02    6.6135100951e-07
    2.0299099386e-02    6.5861502208e-07
    2.0398899913e-02    6.5584600861e-07
    2.0499899983e-02    6.5308898911e-07
    2.0599599928e-02    6.5048499209e-07
    2.0699400455e-02    6.4808500611e-07
    2.0799199119e-02    6.4599197458e-07
    2.0898999646e-02    6.4426097879e-07
    2.0999899134e-02    6.4287002033e-07
    2.1099699661e-02    6.4181301695e-07
    2.1199500188e-02    6.4101300268e-07
    2.1299300715e-02    6.4039198833e-07
    2.1399000660e-02    6.3988301235e-07
    2.1498799324e-02    6.3941297412e-07
    2.1599799395e-02    6.3891599211e-07
    2.1699599922e-02    6.3841901010e-07
    2.1799400449e-02    6.3795300775e-07
    2.1899100393e-02    6.3754697521e-07
    2.1998900920e-02    6.3720699472e-07
    2.2099899128e-02    6.3690401930e-07
    2.2199699655e-02    6.3658598037e-07
    2.2299399599e-02    6.3619000912e-07
    2.2399200127e-02    6.3568597852e-07
    2.2499000654e-02    6.3509997972e-07
    2.2600000724e-02    6.3446498189e-07
    2.2699799389e-02    6.3379599169e-07
    2.2799499333e-02    6.3305100184e-07
    2.2899299860e-02    6.3217902380e-07
    2.2999100387e-02    6.3117602167e-07
    2.3098800331e-02    6.3010202211e-07
    2.3199800402e-02    6.2905002096e-07
    2.3299600929e-02    6.2816002355e-07
    2.3399399593e-02    6.2747199081e-07
    2.3499200121e-02    6.2696500436e-07
    2.3598900065e-02    6.2661598577e-07
    2.3699900135e-02    6.2643800902e-07
    2.3799799383e-02    6.2643698584e-07
    2.3899100721e-02    6.2657602484e-07
    2.3998999968e-02    6.2676298285e-07
    2.4099500850e-02    6.2689900915e-07
    2.4199299514e-02    6.2687598756e-07
    2.4299500510e-02    6.2656300770e-07
    2.4399299175e-02    6.2586201466e-07
    2.4499099702e-02    6.2473600337e-07
    2.4598799646e-02    6.2321402083e-07
    2.4699799716e-02    6.2132301082e-07
    2.4799600244e-02    6.1917501171e-07
    2.4899400771e-02    6.1685301489e-07
    2.4999199435e-02    6.1447099142e-07
    2.5098999962e-02    6.1211602542e-07
    2.5200000033e-02    6.0983398953e-07
    2.5299699977e-02    6.0773101040e-07
    2.5399699807e-02    6.0578298644e-07
    2.5499500334e-02    6.0396899926e-07
    2.5599200279e-02    6.0223800347e-07
    2.5699000806e-02    6.0055401718e-07
    2.5798799470e-02    5.9888401438e-07
    2.5900000706e-02    5.9717098111e-07
    2.5999600068e-02    5.9541298469e-07
    2.6099100709e-02    5.9355397752e-07
    2.6199400425e-02    5.9157997612e-07
    2.6299299672e-02    5.8953702364e-07
    2.6399500668e-02    5.8742801912e-07
    2.6499699801e-02    5.8527302826e-07
    2.6599600911e-02    5.8307500694e-07
    2.6699300855e-02    5.8078200027e-07
    2.6799799874e-02    5.7830698097e-07
    2.6899699122e-02    5.7566700207e-07
    2.6999600232e-02    5.7287900290e-07
    2.7099799365e-02    5.6999698472e-07
    2.7200000361e-02    5.6708097418e-07
    2.7299499139e-02    5.6419298744e-07
    2.7399700135e-02    5.6132398640e-07
    2.7499899268e-02    5.5850398439e-07
    2.7599500492e-02    5.5576202840e-07
    2.7699800208e-02    5.5306202285e-07
    2.7799399570e-02    5.5047399883e-07
    2.7899600565e-02    5.4797999383e-07
    2.7999799699e-02    5.4559200180e-07
    2.8099300340e-02    5.4333798971e-07
    2.8199499473e-02    5.4118402204e-07
    2.8299400583e-02    5.3913697684e-07
    2.8399700299e-02    5.3715899639e-07
    2.8499500826e-02    5.3524098576e-07
    2.8599699959e-02    5.3332900052e-07
    2.8699999675e-02    5.3139399370e-07
    2.8799800202e-02    5.2943499895e-07
    2.8899600729e-02    5.2741097534e-07
    2.8999200091e-02    5.2524200100e-07
    2.9099300504e-02    5.2282399565e-07
    2.9199600220e-02    5.2011802154e-07
    2.9299799353e-02    5.1712902405e-07
    2.9399100691e-02    5.1395301170e-07
    2.9499899596e-02    5.1059902262e-07
    2.9599599540e-02    5.0724497669e-07
    2.9699800536e-02    5.0391997775e-07
    2.9799800366e-02    5.0071599844e-07
    2.9899699613e-02    4.9764298637e-07
    2.9999900609e-02    4.9469900887e-07
