       301
    0.0000000000e+00    0.0000000000e+00
    9.9796299764e-05    0.0000000000e+00
    1.9923200307e-04    6.7598802111e-09
    2.9902800452e-04    2.0086499575e-08
    3.9882300189e-04    3.3896000673e-08
    4.9983500503e-04    4.7845798434e-08
    5.9963000240e-04    6.1559596531e-08
    6.9942302071e-04    7.5111302067e-08
    7.9921598081e-04    8.8576300072e-08
    8.9900899911e-04    1.0202099787e-07
    9.9880003836e-04    1.1556399926e-07
    1.0998100042e-03    1.2919799985e-07
    1.1996000540e-03    1.4263299875e-07
    1.2993899873e-03    1.5619299631e-07
    1.3991700253e-03    1.6977000428e-07
    1.4989400515e-03    1.8336599794e-07
    1.5999299940e-03    1.9716699740e-07
    1.6997000203e-03    2.1101399739e-07
    1.7994700465e-03    2.2498799979e-07
    1.8992299447e-03    2.3895898948e-07
    1.9990000874e-03    2.5313599394e-07
    2.0999799017e-03    2.6782299756e-07
    2.1997399163e-03    2.8257301210e-07
    2.2994899191e-03    2.9759200970e-07
    2.3992399219e-03    3.1283900626e-07
    2.4989699014e-03    3.2830200780e-07
    2.5999199133e-03    3.4432301277e-07
    2.6996498927e-03    3.6054998986e-07
    2.7993801050e-03    3.7717799728e-07
    2.8991100844e-03    3.9410301156e-07
    2.9988300521e-03    4.1107199422e-07
    3.0997600406e-03    4.2829000790e-07
    3.1994699966e-03    4.4529699039e-07
    3.2991799526e-03    4.6226500672e-07
    3.3988798968e-03    4.7917302481e-07
    3.4988799598e-03    4.9599100294e-07
    3.5997300874e-03    5.1281301694e-07
    3.6994200200e-03    5.2934302630e-07
    3.7991199642e-03    5.4561502338e-07
    3.8988098968e-03    5.6150497585e-07
    3.9997198619e-03    5.7724099634e-07
    4.0994100273e-03    5.9236697325e-07
    4.1998499073e-03    6.0707401417e-07
    4.2995400727e-03    6.2111001853e-07
    4.3992297724e-03    6.3469400402e-07
    4.4997301884e-03    6.4808597244e-07
    4.5994301327e-03    6.6120497877e-07
    4.6991198324e-03    6.7420199912e-07
    4.7991098836e-03    6.8732799718e-07
    4.8991697840e-03    7.0071001801e-07
    4.9989097752e-03    7.1434499205e-07
    5.0995298661e-03    7.2834399134e-07
    5.1992097870e-03    7.4241000902e-07
    5.2994498983e-03    7.5665900567e-07
    5.3996299393e-03    7.7080801475e-07
    5.4993601516e-03    7.8458498365e-07
    5.5995602161e-03    7.9806102349e-07
    5.6999400258e-03    8.1121299900e-07
    5.7998499833e-03    8.2420501712e-07
    5.8988300152e-03    8.3661802819e-07
    5.9998501092e-03    8.4764002395e-07
    6.0998299159e-03    8.5630597368e-07
    6.1999601312e-03    8.6400302735e-07
    6.2991799787e-03    8.7328402287e-07
    6.3993800431e-03    8.8468300419e-07
    6.4995200373e-03    8.9721601171e-07
    6.5998598002e-03    9.0976698175e-07
    6.6990898922e-03    9.2137400998e-07
    6.7999497987e-03    9.3120098654e-07
    6.8994001485e-03    9.3930401590e-07
    6.9994498044e-03    9.4671099760e-07
    7.0998999290e-03    9.5416100976e-07
    7.1988701820e-03    9.6186101928e-07
    7.2998302057e-03    9.6804296845e-07
    7.3992698453e-03    9.7371605534e-07
    7.4999900535e-03    9.7918905340e-07
    7.5999400578e-03    9.8373504898e-07
    7.6996101998e-03    9.8706004792e-07
    7.7994000167e-03    9.8928398984e-07
    7.8994100913e-03    9.9113594842e-07
    7.9989396036e-03    9.9260796560e-07
    8.0998800695e-03    9.9332100945e-07
    8.1994403154e-03    9.9330895864e-07
    8.2994299009e-03    9.9305498225e-07
    8.3999102935e-03    9.9361295725e-07
    8.4998002276e-03    9.9483099802e-07
    8.5998801515e-03    9.9641795259e-07
    8.6998296902e-03    9.9831595435e-07
    8.7989196181e-03    1.0278500366e+02
    8.8992901146e-03    3.0287600708e+02
    8.9999595657e-03    3.6689099121e+02
    9.0990196913e-03    4.1314999390e+02
    9.1994898394e-03    4.4362600708e+02
    9.2997802421e-03    4.2981799316e+02
    9.3998499215e-03    3.3468099976e+02
    9.4996597618e-03    2.2467700195e+02
    9.5994602889e-03    2.0637199402e+02
    9.6996696666e-03    2.3109500122e+02
    9.7995502874e-03    2.6770098877e+02
    9.8998798057e-03    3.0142098999e+02
    9.9994000047e-03    2.8911099243e+02
    1.0099600069e-02    2.8358898926e+02
    1.0199200362e-02    2.7805499268e+02
    1.0299299844e-02    2.5308599854e+02
    1.0399599560e-02    2.1060600281e+02
    1.0499699973e-02    1.8825599670e+02
    1.0599800386e-02    2.3822300720e+02
    1.0700000450e-02    2.8241299438e+02
    1.0799500160e-02    2.8652700806e+02
    1.0899400339e-02    2.7924798584e+02
    1.0999600403e-02    2.5981799316e+02
    1.1099499650e-02    2.3618800354e+02
    1.1199899949e-02    1.8300199890e+02
    1.1299300008e-02    1.3712100220e+02
    1.1399899609e-02    1.2310199738e+02
    1.1499200016e-02    1.3323199463e+02
    1.1599300429e-02    1.5575000000e+02
    1.1699199677e-02    2.0808999634e+02
    1.1799300089e-02    2.5798400879e+02
    1.1899099685e-02    2.6622299194e+02
    1.1999900453e-02    2.3026499939e+02
    1.2099999934e-02    2.3307099915e+02
    1.2199499644e-02    2.4847000122e+02
    1.2299699709e-02    2.6574200439e+02
    1.2399899773e-02    2.7170999146e+02
    1.2500000186e-02    2.5697500610e+02
    1.2599799782e-02    2.5470899963e+02
    1.2699400075e-02    2.5469099426e+02
    1.2799600139e-02    2.5470399475e+02
    1.2899300084e-02    2.5299899292e+02
    1.2999599800e-02    2.0330000305e+02
    1.3099400327e-02    1.2333200073e+02
    1.3199600391e-02    6.8251502991e+01
    1.3299800456e-02    4.9324901581e+01
    1.3399999589e-02    4.9112598419e+01
    1.3499500230e-02    2.2120000839e+01
    1.3599700294e-02    9.9951205357e-07
    1.3699599542e-02    9.9885301097e-07
    1.3799100183e-02    9.9799297004e-07
    1.3899699785e-02    9.9706994661e-07
    1.3999599963e-02    9.9603698800e-07
    1.4099899679e-02    9.9480803328e-07
    1.4199499972e-02    9.9334999959e-07
    1.4299900271e-02    9.9172905266e-07
    1.4399800450e-02    9.9000794762e-07
    1.4499899931e-02    9.8817997696e-07
    1.4600000344e-02    9.8627504030e-07
    1.4699099585e-02    9.8431496554e-07
    1.4799499884e-02    9.8228497336e-07
    1.4899699949e-02    9.8031705420e-07
    1.4999800362e-02    9.7844895208e-07
    1.5099899843e-02    9.7662996268e-07
    1.5200000256e-02    9.7472104699e-07
    1.5298999846e-02    9.7257702691e-07
    1.5399799682e-02    9.7013003142e-07
    1.5499699861e-02    9.6742394362e-07
    1.5599399805e-02    9.6440794550e-07
    1.5699600801e-02    9.6109101833e-07
    1.5799500048e-02    9.5763800800e-07
    1.5899799764e-02    9.5417703960e-07
    1.5999399126e-02    9.5083902352e-07
    1.6099600121e-02    9.4764197911e-07
    1.6199499369e-02    9.4468902034e-07
    1.6299700364e-02    9.4190301070e-07
    1.6399899498e-02    9.3913200772e-07
    1.6499800608e-02    9.3630501397e-07
    1.6599699855e-02    9.3342100627e-07
    1.6699599102e-02    9.3053699857e-07
    1.6799600795e-02    9.2768601689e-07
    1.6899300739e-02    9.2490199677e-07
    1.6999099404e-02    9.2225297976e-07
    1.7098799348e-02    9.1978597538e-07
    1.7200000584e-02    9.1740099606e-07
    1.7299300060e-02    9.1506899480e-07
    1.7400000244e-02    9.1264701041e-07
    1.7499800771e-02    9.1018398507e-07
    1.7599599436e-02    9.0767400707e-07
    1.7699299380e-02    9.0511599637e-07
    1.7798999324e-02    9.0260397201e-07
    1.7898799852e-02    9.0025997679e-07
    1.7999300733e-02    8.9814898274e-07
    1.8099799752e-02    8.9631600986e-07
    1.8199900165e-02    8.9476401399e-07
    1.8299600109e-02    8.9345599008e-07
    1.8399400637e-02    8.9231099309e-07
    1.8499199301e-02    8.9123301450e-07
    1.8598899245e-02    8.9010700322e-07
    1.8699899316e-02    8.8880000249e-07
    1.8799500540e-02    8.8724897296e-07
    1.8899299204e-02    8.8543902166e-07
    1.8998999149e-02    8.8343301741e-07
    1.9099500030e-02    8.8129797859e-07
    1.9199199975e-02    8.7918999725e-07
    1.9299000502e-02    8.7723202569e-07
    1.9400000572e-02    8.7547999783e-07
    1.9499700516e-02    8.7400599114e-07
    1.9599499181e-02    8.7277300054e-07
    1.9699299708e-02    8.7169502194e-07
    1.9798999652e-02    8.7071697408e-07
    1.9898800179e-02    8.6982697667e-07
    1.9999800250e-02    8.6901297891e-07
    2.0099600777e-02    8.6825002654e-07
    2.0199300721e-02    8.6743801830e-07
    2.0299099386e-02    8.6646497266e-07
    2.0398899913e-02    8.6521697540e-07
    2.0499899983e-02    8.6361501417e-07
    2.0599599928e-02    8.6173400859e-07
    2.0699400455e-02    8.5966001961e-07
    2.0799199119e-02    8.5751298684e-07
    2.0898999646e-02    8.5543797468e-07
    2.0999899134e-02    8.5353298118e-07
    2.1099699661e-02    8.5192499455e-07
    2.1199500188e-02    8.5063101096e-07
    2.1299300715e-02    8.4959799551e-07
    2.1399000660e-02    8.4868099748e-07
    2.1498799324e-02    8.4769601472e-07
    2.1599799395e-02    8.4649599330e-07
    2.1699599922e-02    8.4503898279e-07
    2.1799400449e-02    8.4331702510e-07
    2.1899100393e-02    8.4135899669e-07
    2.1998900920e-02    8.3922100202e-07
    2.2099899128e-02    8.3694601472e-07
    2.2199699655e-02    8.3467699596e-07
    2.2299399599e-02    8.3251399019e-07
    2.2399200127e-02    8.3055999767e-07
    2.2499000654e-02    8.2886799646e-07
    2.2600000724e-02    8.2740797325e-07
    2.2699799389e-02    8.2619499153e-07
    2.2799499333e-02    8.2518698719e-07
    2.2899299860e-02    8.2435502691e-07
    2.2999100387e-02    8.2363197862e-07
    2.3098800331e-02    8.2293098558e-07
    2.3199800402e-02    8.2215302655e-07
    2.3299600929e-02    8.2124597611e-07
    2.3399399593e-02    8.2013599467e-07
    2.3499200121e-02    8.1877897173e-07
    2.3598900065e-02    8.1720202161e-07
    2.3699900135e-02    8.1546301089e-07
    2.3799799383e-02    8.1372201066e-07
    2.3899100721e-02    8.1209702785e-07
    2.3998999968e-02    8.1068299096e-07
    2.4099500850e-02    8.0955402382e-07
    2.4199299514e-02    8.0870097463e-07
    2.4299500510e-02    8.0803602032e-07
    2.4399299175e-02    8.0748100117e-07
    2.4499099702e-02    8.0699300042e-07
    2.4598799646e-02    8.0655399870e-07
    2.4699799716e-02    8.0615399156e-07
    2.4799600244e-02    8.0579701489e-07
    2.4899400771e-02    8.0549102677e-07
    2.4999199435e-02    8.0525200019e-07
    2.5098999962e-02    8.0508897327e-07
    2.5200000033e-02    8.0498597299e-07
    2.5299699977e-02    8.0491099652e-07
    2.5399699807e-02    8.0482999465e-07
    2.5499500334e-02    8.0468998931e-07
    2.5599200279e-02    8.0443101069e-07
    2.5699000806e-02    8.0398899627e-07
    2.5798799470e-02    8.0333001051e-07
    2.5900000706e-02    8.0245200706e-07
    2.5999600068e-02    8.0145099446e-07
    2.6099100709e-02    8.0042201489e-07
    2.6199400425e-02    7.9944697973e-07
    2.6299299672e-02    7.9860001279e-07
    2.6399500668e-02    7.9790697782e-07
    2.6499699801e-02    7.9737799297e-07
    2.6599600911e-02    7.9699498201e-07
    2.6699300855e-02    7.9671502817e-07
    2.6799799874e-02    7.9643899653e-07
    2.6899699122e-02    7.9605399605e-07
    2.6999600232e-02    7.9544901155e-07
    2.7099799365e-02    7.9456799540e-07
    2.7200000361e-02    7.9343698189e-07
    2.7299499139e-02    7.9213998561e-07
    2.7399700135e-02    7.9077602777e-07
    2.7499899268e-02    7.8944901816e-07
    2.7599500492e-02    7.8823001104e-07
    2.7699800208e-02    7.8713600260e-07
    2.7799399570e-02    7.8615602206e-07
    2.7899600565e-02    7.8520798752e-07
    2.7999799699e-02    7.8418497651e-07
    2.8099300340e-02    7.8297301798e-07
    2.8199499473e-02    7.8148400462e-07
    2.8299400583e-02    7.7971901646e-07
    2.8399700299e-02    7.7768100937e-07
    2.8499500826e-02    7.7546502553e-07
    2.8599699959e-02    7.7315098679e-07
    2.8699999675e-02    7.7084501982e-07
    2.8799800202e-02    7.6861999787e-07
    2.8899600729e-02    7.6648899494e-07
    2.8999200091e-02    7.6448901609e-07
    2.9099300504e-02    7.6259999560e-07
    2.9199600220e-02    7.6079902556e-07
    2.9299799353e-02    7.5905398944e-07
    2.9399100691e-02    7.5734499205e-07
    2.9499899596e-02    7.5556101820e-07
    2.9599599540e-02    7.5369001706e-07
    2.9699800536e-02    7.5167497471e-07
    2.9799800366e-02    7.4948900419e-07
    2.9899699613e-02    7.4713199183e-07
    2.9999900609e-02    7.4464202271e-07
