       301
    0.0000000000e+00    0.0000000000e+00
    9.9796299764e-05    0.0000000000e+00
    1.9923200307e-04    9.7692298695e-09
    2.9902800452e-04    2.6110900109e-08
    3.9882300189e-04    4.2776598264e-08
    4.9983500503e-04    5.9504500882e-08
    5.9963000240e-04    7.5926003262e-08
    6.9942302071e-04    9.2231196902e-08
    7.9921598081e-04    1.0843400133e-07
    8.9900899911e-04    1.2452299814e-07
    9.9880003836e-04    1.4050499431e-07
    1.0998100042e-03    1.5663600550e-07
    1.1996000540e-03    1.7248399331e-07
    1.2993899873e-03    1.8823899950e-07
    1.3991700253e-03    2.0385999733e-07
    1.4989400515e-03    2.1937199790e-07
    1.5999299940e-03    2.3502799706e-07
    1.6997000203e-03    2.5037599016e-07
    1.7994700465e-03    2.6545600917e-07
    1.8992299447e-03    2.8032800969e-07
    1.9990000874e-03    2.9501399013e-07
    2.0999799017e-03    3.0968899978e-07
    2.1997399163e-03    3.2389800708e-07
    2.2994899191e-03    3.3782600894e-07
    2.3992399219e-03    3.5149000155e-07
    2.4989699014e-03    3.6491499600e-07
    2.5999199133e-03    3.7826501398e-07
    2.6996498927e-03    3.9131100493e-07
    2.7993801050e-03    4.0432200876e-07
    2.8991100844e-03    4.1733301259e-07
    2.9988300521e-03    4.3031801056e-07
    3.0997600406e-03    4.4346398909e-07
    3.1994699966e-03    4.5650600100e-07
    3.2991799526e-03    4.6967500111e-07
    3.3988798968e-03    4.8291400390e-07
    3.4988799598e-03    4.9620200571e-07
    3.5997300874e-03    5.0966201570e-07
    3.6994200200e-03    5.2308200793e-07
    3.7991199642e-03    5.3662000710e-07
    3.8988098968e-03    5.5022201195e-07
    3.9997198619e-03    5.6404701354e-07
    4.0994100273e-03    5.7785098306e-07
    4.1998499073e-03    5.9193700963e-07
    4.2995400727e-03    6.0605998442e-07
    4.3992297724e-03    6.2033700488e-07
    4.4997301884e-03    6.3485600776e-07
    4.5994301327e-03    6.4931799670e-07
    4.6991198324e-03    6.6374099106e-07
    4.7991098836e-03    6.7813897431e-07
    4.8991697840e-03    6.9248602586e-07
    4.9989097752e-03    7.0673598884e-07
    5.0995298661e-03    7.2103398452e-07
    5.1992097870e-03    7.3514900123e-07
    5.2994498983e-03    7.4928101412e-07
    5.3996299393e-03    7.6335300037e-07
    5.4993601516e-03    7.7732300952e-07
    5.5995602161e-03    7.9128398056e-07
    5.6999400258e-03    8.0515400214e-07
    5.7998499833e-03    8.1884502379e-07
    5.8988300152e-03    8.3156601249e-07
    5.9998501092e-03    8.4320402038e-07
    6.0998299159e-03    8.5342298917e-07
    6.1999601312e-03    8.6308199343e-07
    6.2991799787e-03    8.7381499725e-07
    6.3993800431e-03    8.8564598855e-07
    6.4995200373e-03    8.9759600996e-07
    6.5998598002e-03    9.0952102028e-07
    6.6990898922e-03    9.2075197244e-07
    6.7999497987e-03    9.3131001222e-07
    6.8994001485e-03    9.4091802794e-07
    6.9994498044e-03    9.4953099961e-07
    7.0998999290e-03    9.5708003300e-07
    7.1988701820e-03    9.6388703241e-07
    7.2998302057e-03    9.6928295079e-07
    7.3992698453e-03    9.7331201232e-07
    7.4999900535e-03    9.7686199751e-07
    7.5999400578e-03    9.7987799563e-07
    7.6996101998e-03    9.8270095350e-07
    7.7994000167e-03    9.8518398772e-07
    7.8994100913e-03    9.8736404652e-07
    7.9989396036e-03    9.8984003216e-07
    8.0998800695e-03    9.9265196241e-07
    8.1994403154e-03    9.9478404536e-07
    8.2994299009e-03    9.9584497093e-07
    8.3999102935e-03    9.9631301964e-07
    8.4998002276e-03    9.9661599506e-07
    8.5998801515e-03    9.9686496924e-07
    8.6998296902e-03    9.9703197520e-07
    8.7989196181e-03    9.9759904515e-07
    8.8992901146e-03    9.9863700598e-07
    8.9999595657e-03    9.9951000720e-07
    9.0990196913e-03    6.4598097801e+00
    9.1994898394e-03    4.3363099098e+00
    9.2997802421e-03    9.9959595445e-07
    9.3998499215e-03    9.9936096376e-07
    9.4996597618e-03    9.9920600860e-07
    9.5994602889e-03    9.9930900888e-07
    9.6996696666e-03    9.9943804344e-07
    9.7995502874e-03    9.9941496501e-07
    9.8998798057e-03    9.9935095932e-07
    9.9994000047e-03    9.9928001873e-07
    1.0099600069e-02    9.9933902220e-07
    1.0199200362e-02    9.9954900179e-07
    1.0299299844e-02    3.7344898224e+01
    1.0399599560e-02    9.0924896240e+01
    1.0499699973e-02    1.4009599304e+02
    1.0599800386e-02    1.8176600647e+02
    1.0700000450e-02    1.9513600159e+02
    1.0799500160e-02    1.8790699768e+02
    1.0899400339e-02    1.7134199524e+02
    1.0999600403e-02    1.4463200378e+02
    1.1099499650e-02    1.2820500183e+02
    1.1199899949e-02    1.1286000061e+02
    1.1299300008e-02    1.0291400146e+02
    1.1399899609e-02    9.2365402222e+01
    1.1499200016e-02    8.4675201416e+01
    1.1599300429e-02    9.2827903748e+01
    1.1699199677e-02    9.3541297913e+01
    1.1799300089e-02    9.1643997192e+01
    1.1899099685e-02    8.6121002197e+01
    1.1999900453e-02    9.2555999756e+01
    1.2099999934e-02    9.2879096985e+01
    1.2199499644e-02    8.3223297119e+01
    1.2299699709e-02    6.8963996887e+01
    1.2399899773e-02    5.7860198975e+01
    1.2500000186e-02    2.2201599121e+01
    1.2599799782e-02    9.9968497125e-07
    1.2699400075e-02    9.9954797861e-07
    1.2799600139e-02    9.9933504316e-07
    1.2899300084e-02    9.9898704775e-07
    1.2999599800e-02    9.9846204193e-07
    1.3099400327e-02    9.9774797491e-07
    1.3199600391e-02    9.9682802102e-07
    1.3299800456e-02    9.9569103895e-07
    1.3399999589e-02    9.9434600997e-07
    1.3499500230e-02    9.9277099253e-07
    1.3599700294e-02    9.9100702755e-07
    1.3699599542e-02    9.8928899206e-07
    1.3799100183e-02    9.8772000001e-07
    1.3899699785e-02    9.8621194411e-07
    1.3999599963e-02    9.8476596122e-07
    1.4099899679e-02    9.8338898624e-07
    1.4199499972e-02    9.8206896837e-07
    1.4299900271e-02    9.8073201116e-07
    1.4399800450e-02    9.7937299870e-07
    1.4499899931e-02    9.7796203136e-07
    1.4600000344e-02    9.7642202945e-07
    1.4699099585e-02    9.7468500826e-07
    1.4799499884e-02    9.7268002719e-07
    1.4899699949e-02    9.7043005098e-07
    1.4999800362e-02    9.6796202342e-07
    1.5099899843e-02    9.6530504834e-07
    1.5200000256e-02    9.6250596471e-07
    1.5298999846e-02    9.5965594937e-07
    1.5399799682e-02    9.5674704426e-07
    1.5499699861e-02    9.5391396826e-07
    1.5599399805e-02    9.5116797638e-07
    1.5699600801e-02    9.4847001719e-07
    1.5799500048e-02    9.4577598020e-07
    1.5899799764e-02    9.4302401976e-07
    1.5999399126e-02    9.4026302122e-07
    1.6099600121e-02    9.3749997632e-07
    1.6199499369e-02    9.3476802476e-07
    1.6299700364e-02    9.3203601637e-07
    1.6399899498e-02    9.2933601081e-07
    1.6499800608e-02    9.2670302365e-07
    1.6599699855e-02    9.2409902663e-07
    1.6699599102e-02    9.2149002739e-07
    1.6799600795e-02    9.1888000497e-07
    1.6899300739e-02    9.1632898602e-07
    1.6999099404e-02    9.1384697498e-07
    1.7098799348e-02    9.1140998393e-07
    1.7200000584e-02    9.0894900495e-07
    1.7299300060e-02    9.0652798690e-07
    1.7400000244e-02    9.0407502285e-07
    1.7499800771e-02    9.0165201527e-07
    1.7599599436e-02    8.9925100610e-07
    1.7699299380e-02    8.9689302740e-07
    1.7798999324e-02    8.9459297214e-07
    1.7898799852e-02    8.9234299594e-07
    1.7999300733e-02    8.9012598892e-07
    1.8099799752e-02    8.8796798536e-07
    1.8199900165e-02    8.8590599034e-07
    1.8299600109e-02    8.8397501941e-07
    1.8399400637e-02    8.8220900807e-07
    1.8499199301e-02    8.8065399950e-07
    1.8598899245e-02    8.7931698545e-07
    1.8699899316e-02    8.7815601546e-07
    1.8799500540e-02    8.7715102381e-07
    1.8899299204e-02    8.7622800038e-07
    1.8998999149e-02    8.7533402393e-07
    1.9099500030e-02    8.7438900209e-07
    1.9199199975e-02    8.7336400156e-07
    1.9299000502e-02    8.7224702838e-07
    1.9400000572e-02    8.7104200475e-07
    1.9499700516e-02    8.6976598368e-07
    1.9599499181e-02    8.6838497282e-07
    1.9699299708e-02    8.6688498868e-07
    1.9798999652e-02    8.6528200427e-07
    1.9898800179e-02    8.6361097829e-07
    1.9999800250e-02    8.6188697423e-07
    2.0099600777e-02    8.6019099399e-07
    2.0199300721e-02    8.5854202325e-07
    2.0299099386e-02    8.5696098040e-07
    2.0398899913e-02    8.5544098738e-07
    2.0499899983e-02    8.5397300609e-07
    2.0599599928e-02    8.5260398919e-07
    2.0699400455e-02    8.5132700178e-07
    2.0799199119e-02    8.5011902229e-07
    2.0898999646e-02    8.4891598817e-07
    2.0999899134e-02    8.4763001951e-07
    2.1099699661e-02    8.4624400642e-07
    2.1199500188e-02    8.4471901118e-07
    2.1299300715e-02    8.4305901282e-07
    2.1399000660e-02    8.4129601419e-07
    2.1498799324e-02    8.3946201812e-07
    2.1599799395e-02    8.3757799985e-07
    2.1699599922e-02    8.3573701204e-07
    2.1799400449e-02    8.3395701722e-07
    2.1899100393e-02    8.3225700109e-07
    2.1998900920e-02    8.3062400336e-07
    2.2099899128e-02    8.2900197640e-07
    2.2199699655e-02    8.2740001517e-07
    2.2299399599e-02    8.2580697836e-07
    2.2399200127e-02    8.2423002823e-07
    2.2499000654e-02    8.2266598156e-07
    2.2600000724e-02    8.2108601873e-07
    2.2699799389e-02    8.1952299524e-07
    2.2799499333e-02    8.1794701146e-07
    2.2899299860e-02    8.1634800608e-07
    2.2999100387e-02    8.1473200453e-07
    2.3098800331e-02    8.1313902456e-07
    2.3199800402e-02    8.1159697629e-07
    2.3299600929e-02    8.1018902165e-07
    2.3399399593e-02    8.0892800725e-07
    2.3499200121e-02    8.0782200484e-07
    2.3598900065e-02    8.0683702208e-07
    2.3699900135e-02    8.0590399421e-07
    2.3799799383e-02    8.0501001776e-07
    2.3899100721e-02    8.0413997239e-07
    2.3998999968e-02    8.0328601371e-07
    2.4099500850e-02    8.0244200262e-07
    2.4199299514e-02    8.0160697280e-07
    2.4299500510e-02    8.0077597886e-07
    2.4399299175e-02    7.9997499824e-07
    2.4499099702e-02    7.9922597251e-07
    2.4598799646e-02    7.9854197566e-07
    2.4699799716e-02    7.9790902419e-07
    2.4799600244e-02    7.9731199776e-07
    2.4899400771e-02    7.9670900277e-07
    2.4999199435e-02    7.9607900716e-07
    2.5098999962e-02    7.9541797504e-07
    2.5200000033e-02    7.9472602010e-07
    2.5299699977e-02    7.9402997244e-07
    2.5399699807e-02    7.9336297176e-07
    2.5499500334e-02    7.9277299392e-07
    2.5599200279e-02    7.9228897221e-07
    2.5699000806e-02    7.9189402413e-07
    2.5798799470e-02    7.9152897570e-07
    2.5900000706e-02    7.9112197682e-07
    2.5999600068e-02    7.9063897829e-07
    2.6099100709e-02    7.9004001918e-07
    2.6199400425e-02    7.8930401060e-07
    2.6299299672e-02    7.8844300333e-07
    2.6399500668e-02    7.8748001897e-07
    2.6499699801e-02    7.8645598478e-07
    2.6599600911e-02    7.8541000903e-07
    2.6699300855e-02    7.8437199136e-07
    2.6799799874e-02    7.8335102671e-07
    2.6899699122e-02    7.8237002299e-07
    2.6999600232e-02    7.8142301163e-07
    2.7099799365e-02    7.8050101138e-07
    2.7200000361e-02    7.7957599842e-07
    2.7299499139e-02    7.7859499470e-07
    2.7399700135e-02    7.7746398119e-07
    2.7499899268e-02    7.7613600524e-07
    2.7599500492e-02    7.7461402270e-07
    2.7699800208e-02    7.7287899103e-07
    2.7799399570e-02    7.7102697560e-07
    2.7899600565e-02    7.6910299640e-07
    2.7999799699e-02    7.6717299180e-07
    2.8099300340e-02    7.6528601767e-07
    2.8199499473e-02    7.6343599176e-07
    2.8299400583e-02    7.6165201790e-07
    2.8399700299e-02    7.5992102211e-07
    2.8499500826e-02    7.5825101931e-07
    2.8599699959e-02    7.5659801269e-07
    2.8699999675e-02    7.5493602480e-07
    2.8799800202e-02    7.5323197279e-07
    2.8899600729e-02    7.5145197798e-07
    2.8999200091e-02    7.4957398510e-07
    2.9099300504e-02    7.4757201673e-07
    2.9199600220e-02    7.4546602491e-07
    2.9299799353e-02    7.4329500421e-07
    2.9399100691e-02    7.4109698289e-07
    2.9499899596e-02    7.3883398954e-07
    2.9599599540e-02    7.3656502764e-07
    2.9699800536e-02    7.3426298286e-07
    2.9799800366e-02    7.3195099048e-07
    2.9899699613e-02    7.2962598097e-07
    2.9999900609e-02    7.2728602163e-07
