       301
    0.0000000000e+00    0.0000000000e+00
    9.9796299764e-05    0.0000000000e+00
    1.9923200307e-04    1.0986600074e-08
    2.9902800452e-04    2.8353399628e-08
    3.9882300189e-04    4.6235001605e-08
    4.9983500503e-04    6.4334997774e-08
    5.9963000240e-04    8.2199797191e-08
    6.9942302071e-04    9.9998899827e-08
    7.9921598081e-04    1.1776899811e-07
    8.9900899911e-04    1.3572200430e-07
    9.9880003836e-04    1.5382100571e-07
    1.0998100042e-03    1.7230800609e-07
    1.1996000540e-03    1.9086600389e-07
    1.2993899873e-03    2.0979899773e-07
    1.3991700253e-03    2.2904200137e-07
    1.4989400515e-03    2.4874398719e-07
    1.5999299940e-03    2.6898800343e-07
    1.6997000203e-03    2.8942301356e-07
    1.7994700465e-03    3.1042299042e-07
    1.8992299447e-03    3.3201598626e-07
    1.9990000874e-03    3.5411599697e-07
    2.0999799017e-03    3.7691899024e-07
    2.1997399163e-03    3.9970498733e-07
    2.2994899191e-03    4.2252599997e-07
    2.3992399219e-03    4.4504301400e-07
    2.4989699014e-03    4.6704400347e-07
    2.5999199133e-03    4.8868400881e-07
    2.6996498927e-03    5.0928298378e-07
    2.7993801050e-03    5.2895802582e-07
    2.8991100844e-03    5.4762102764e-07
    2.9988300521e-03    5.6529501080e-07
    3.0997600406e-03    5.8216801335e-07
    3.1994699966e-03    5.9793597984e-07
    3.2991799526e-03    6.1291399334e-07
    3.3988798968e-03    6.2730799755e-07
    3.4988799598e-03    6.4137498157e-07
    3.5997300874e-03    6.5526097615e-07
    3.6994200200e-03    6.6873400328e-07
    3.7991199642e-03    6.8209101300e-07
    3.8988098968e-03    6.9556398330e-07
    3.9997198619e-03    7.0961800702e-07
    4.0994100273e-03    7.2411097563e-07
    4.1998499073e-03    7.3958500479e-07
    4.2995400727e-03    7.5600098626e-07
    4.3992297724e-03    7.7351899108e-07
    4.4997301884e-03    7.9216999893e-07
    4.5994301327e-03    8.1145401509e-07
    4.6991198324e-03    8.3125502215e-07
    4.7991098836e-03    8.5128800720e-07
    4.8991697840e-03    8.7088602641e-07
    4.9989097752e-03    8.8939697207e-07
    5.0995298661e-03    9.0670897634e-07
    5.1992097870e-03    9.2237797844e-07
    5.2994498983e-03    9.3668398904e-07
    5.3996299393e-03    9.4972699571e-07
    5.4993601516e-03    9.6180201581e-07
    5.5995602161e-03    9.7348197414e-07
    5.6999400258e-03    9.8504995094e-07
    5.7998499833e-03    9.9580995538e-07
    5.8988300152e-03    7.8384197998e+02
    5.9998501092e-03    8.6378497314e+02
    6.0998299159e-03    2.9540600586e+02
    6.1999601312e-03    9.9901296835e-07
    6.2991799787e-03    9.9647797924e-07
    6.3993800431e-03    9.9350302207e-07
    6.4995200373e-03    9.8999896636e-07
    6.5998598002e-03    9.8646205515e-07
    6.6990898922e-03    9.8238501778e-07
    6.7999497987e-03    9.7834595181e-07
    6.8994001485e-03    9.7386703146e-07
    6.9994498044e-03    9.6877204214e-07
    7.0998999290e-03    9.6348799161e-07
    7.1988701820e-03    9.5796599453e-07
    7.2998302057e-03    9.5213198392e-07
    7.3992698453e-03    9.4632997616e-07
    7.4999900535e-03    9.3974597348e-07
    7.5999400578e-03    9.3370198329e-07
    7.6996101998e-03    9.2867702506e-07
    7.7994000167e-03    9.2423698561e-07
    7.8994100913e-03    9.2056097856e-07
    7.9989396036e-03    9.1761802423e-07
    8.0998800695e-03    9.1471497399e-07
    8.1994403154e-03    9.1190997864e-07
    8.2994299009e-03    9.0856099177e-07
    8.3999102935e-03    9.0461401214e-07
    8.4998002276e-03    9.0096597205e-07
    8.5998801515e-03    8.9818200877e-07
    8.6998296902e-03    8.9601599029e-07
    8.7989196181e-03    8.9421598659e-07
    8.8992901146e-03    8.9268598913e-07
    8.9999595657e-03    8.9121499514e-07
    9.0990196913e-03    8.8973700940e-07
    9.1994898394e-03    8.8808201326e-07
    9.2997802421e-03    8.8577399993e-07
    9.3998499215e-03    8.8270297738e-07
    9.4996597618e-03    8.7900701828e-07
    9.5994602889e-03    8.7489200951e-07
    9.6996696666e-03    8.7089898670e-07
    9.7995502874e-03    8.6750901573e-07
    9.8998798057e-03    8.6454997472e-07
    9.9994000047e-03    8.6213202621e-07
    1.0099600069e-02    8.6043002057e-07
    1.0199200362e-02    8.5950199491e-07
    1.0299299844e-02    8.5908300207e-07
    1.0399599560e-02    8.5891997514e-07
    1.0499699973e-02    8.5893600499e-07
    1.0599800386e-02    8.5888302692e-07
    1.0700000450e-02    8.5879401013e-07
    1.0799500160e-02    8.5891400659e-07
    1.0899400339e-02    8.5933100991e-07
    1.0999600403e-02    8.6010300038e-07
    1.1099499650e-02    8.6129597321e-07
    1.1199899949e-02    8.6276600086e-07
    1.1299300008e-02    8.6428701707e-07
    1.1399899609e-02    8.6559202828e-07
    1.1499200016e-02    8.6657797738e-07
    1.1599300429e-02    8.6719597903e-07
    1.1699199677e-02    8.6727300186e-07
    1.1799300089e-02    8.6689698264e-07
    1.1899099685e-02    8.6637197683e-07
    1.1999900453e-02    8.6590500814e-07
    1.2099999934e-02    8.6566200252e-07
    1.2199499644e-02    8.6576199010e-07
    1.2299699709e-02    8.6598697635e-07
    1.2399899773e-02    8.6621298578e-07
    1.2500000186e-02    8.6640801555e-07
    1.2599799782e-02    8.6650402409e-07
    1.2699400075e-02    8.6649697550e-07
    1.2799600139e-02    8.6645502506e-07
    1.2899300084e-02    8.6647798980e-07
    1.2999599800e-02    8.6661202658e-07
    1.3099400327e-02    8.6675999000e-07
    1.3199600391e-02    8.6686202394e-07
    1.3299800456e-02    8.6706700131e-07
    1.3399999589e-02    8.6759598616e-07
    1.3499500230e-02    8.6850900516e-07
    1.3599700294e-02    8.6965502533e-07
    1.3699599542e-02    8.7077097533e-07
    1.3799100183e-02    8.7182297648e-07
    1.3899699785e-02    8.7291198270e-07
    1.3999599963e-02    8.7404799842e-07
    1.4099899679e-02    8.7519100589e-07
    1.4199499972e-02    8.7618201405e-07
    1.4299900271e-02    8.7696702167e-07
    1.4399800450e-02    8.7755802269e-07
    1.4499899931e-02    8.7810400373e-07
    1.4600000344e-02    8.7864100351e-07
    1.4699099585e-02    8.7907301349e-07
    1.4799499884e-02    8.7934000703e-07
    1.4899699949e-02    8.7944198413e-07
    1.4999800362e-02    8.7945602445e-07
    1.5099899843e-02    8.7941697302e-07
    1.5200000256e-02    8.7935001147e-07
    1.5298999846e-02    8.7925900516e-07
    1.5399799682e-02    8.7909302238e-07
    1.5499699861e-02    8.7885297262e-07
    1.5599399805e-02    8.7856199116e-07
    1.5699600801e-02    8.7825100081e-07
    1.5799500048e-02    8.7797900505e-07
    1.5899799764e-02    8.7776697910e-07
    1.5999399126e-02    8.7766500201e-07
    1.6099600121e-02    8.7770797563e-07
    1.6199499369e-02    8.7787401526e-07
    1.6299700364e-02    8.7810400373e-07
    1.6399899498e-02    8.7825901574e-07
    1.6499800608e-02    8.7820399131e-07
    1.6599699855e-02    8.7787498160e-07
    1.6699599102e-02    8.7729500819e-07
    1.6799600795e-02    8.7648697900e-07
    1.6899300739e-02    8.7546902705e-07
    1.6999099404e-02    8.7425001993e-07
    1.7098799348e-02    8.7290800366e-07
    1.7200000584e-02    8.7144701411e-07
    1.7299300060e-02    8.6997999915e-07
    1.7400000244e-02    8.6852799086e-07
    1.7499800771e-02    8.6710400637e-07
    1.7599599436e-02    8.6563898094e-07
    1.7699299380e-02    8.6406799937e-07
    1.7798999324e-02    8.6233802676e-07
    1.7898799852e-02    8.6044298087e-07
    1.7999300733e-02    8.5838297537e-07
    1.8099799752e-02    8.5614499312e-07
    1.8199900165e-02    8.5371601699e-07
    1.8299600109e-02    8.5113100567e-07
    1.8399400637e-02    8.4846902837e-07
    1.8499199301e-02    8.4580500470e-07
    1.8598899245e-02    8.4317002802e-07
    1.8699899316e-02    8.4055301386e-07
    1.8799500540e-02    8.3802098061e-07
    1.8899299204e-02    8.3552600927e-07
    1.8998999149e-02    8.3306201759e-07
    1.9099500030e-02    8.3061598843e-07
    1.9199199975e-02    8.2819201452e-07
    1.9299000502e-02    8.2569101778e-07
    1.9400000572e-02    8.2303301951e-07
    1.9499700516e-02    8.2027702319e-07
    1.9599499181e-02    8.1740802216e-07
    1.9699299708e-02    8.1443397448e-07
    1.9798999652e-02    8.1134902530e-07
    1.9898800179e-02    8.0813299519e-07
    1.9999800250e-02    8.0475598452e-07
    2.0099600777e-02    8.0133798974e-07
    2.0199300721e-02    7.9788298990e-07
    2.0299099386e-02    7.9443702816e-07
    2.0398899913e-02    7.9104802353e-07
    2.0499899983e-02    7.8771000744e-07
    2.0599599928e-02    7.8453700780e-07
    2.0699400455e-02    7.8152999095e-07
    2.0799199119e-02    7.7871800386e-07
    2.0898999646e-02    7.7609200844e-07
    2.0999899134e-02    7.7354798123e-07
    2.1099699661e-02    7.7105698892e-07
    2.1199500188e-02    7.6849397601e-07
    2.1299300715e-02    7.6577100572e-07
    2.1399000660e-02    7.6287699358e-07
    2.1498799324e-02    7.5987497894e-07
    2.1599799395e-02    7.5685102274e-07
    2.1699599922e-02    7.5398401123e-07
    2.1799400449e-02    7.5127098853e-07
    2.1899100393e-02    7.4872099276e-07
    2.1998900920e-02    7.4632299629e-07
    2.2099899128e-02    7.4398701599e-07
    2.2199699655e-02    7.4170299058e-07
    2.2299399599e-02    7.3937400202e-07
    2.2399200127e-02    7.3693900049e-07
    2.2499000654e-02    7.3435597869e-07
    2.2600000724e-02    7.3156297731e-07
    2.2699799389e-02    7.2865998391e-07
    2.2799499333e-02    7.2570497878e-07
    2.2899299860e-02    7.2279601682e-07
    2.2999100387e-02    7.2001500939e-07
    2.3098800331e-02    7.1742198315e-07
    2.3199800402e-02    7.1501398224e-07
    2.3299600929e-02    7.1284597425e-07
    2.3399399593e-02    7.1085702302e-07
    2.3499200121e-02    7.0899199045e-07
    2.3598900065e-02    7.0720199119e-07
    2.3699900135e-02    7.0541102559e-07
    2.3799799383e-02    7.0361301141e-07
    2.3899100721e-02    7.0179902423e-07
    2.3998999968e-02    6.9999100560e-07
    2.4099500850e-02    6.9823499871e-07
    2.4199299514e-02    6.9658699431e-07
    2.4299500510e-02    6.9501902544e-07
    2.4399299175e-02    6.9351699494e-07
    2.4499099702e-02    6.9206498665e-07
    2.4598799646e-02    6.9063901265e-07
    2.4699799716e-02    6.8921002594e-07
    2.4799600244e-02    6.8782100016e-07
    2.4899400771e-02    6.8645300644e-07
    2.4999199435e-02    6.8508302320e-07
    2.5098999962e-02    6.8369297423e-07
    2.5200000033e-02    6.8229400085e-07
    2.5299699977e-02    6.8097699568e-07
    2.5399699807e-02    6.7978299967e-07
    2.5499500334e-02    6.7875402010e-07
    2.5599200279e-02    6.7789602554e-07
    2.5699000806e-02    6.7719702201e-07
    2.5798799470e-02    6.7663398795e-07
    2.5900000706e-02    6.7615798116e-07
    2.5999600068e-02    6.7576098672e-07
    2.6099100709e-02    6.7540401005e-07
    2.6199400425e-02    6.7504697654e-07
    2.6299299672e-02    6.7467499321e-07
    2.6399500668e-02    6.7425702355e-07
    2.6499699801e-02    6.7381699864e-07
    2.6599600911e-02    6.7338999088e-07
    2.6699300855e-02    6.7301897388e-07
    2.6799799874e-02    6.7273799687e-07
    2.6899699122e-02    6.7255700742e-07
    2.6999600232e-02    6.7244701540e-07
    2.7099799365e-02    6.7235697543e-07
    2.7200000361e-02    6.7225300882e-07
    2.7299499139e-02    6.7212397425e-07
    2.7399700135e-02    6.7198300258e-07
    2.7499899268e-02    6.7181798613e-07
    2.7599500492e-02    6.7162500272e-07
    2.7699800208e-02    6.7144202376e-07
    2.7799399570e-02    6.7129997205e-07
    2.7899600565e-02    6.7121800384e-07
    2.7999799699e-02    6.7117599656e-07
    2.8099300340e-02    6.7116900482e-07
    2.8199499473e-02    6.7116900482e-07
    2.8299400583e-02    6.7114598323e-07
    2.8399700299e-02    6.7104599566e-07
    2.8499500826e-02    6.7086597255e-07
    2.8599699959e-02    6.7062802600e-07
    2.8699999675e-02    6.7035898610e-07
    2.8799800202e-02    6.7008301130e-07
    2.8899600729e-02    6.6981300506e-07
    2.8999200091e-02    6.6954601152e-07
    2.9099300504e-02    6.6928697606e-07
    2.9199600220e-02    6.6904101459e-07
    2.9299799353e-02    6.6878402549e-07
    2.9399100691e-02    6.6850998337e-07
    2.9499899596e-02    6.6822400413e-07
    2.9599599540e-02    6.6793097631e-07
    2.9699800536e-02    6.6764698659e-07
    2.9799800366e-02    6.6738198257e-07
    2.9899699613e-02    6.6714102331e-07
    2.9999900609e-02    6.6694997258e-07
