       301
    0.0000000000e+00    0.0000000000e+00
    9.9796299764e-05    0.0000000000e+00
    1.9923200307e-04    2.3416998896e-10
    2.9902800452e-04    4.8127701824e-09
    3.9882300189e-04    1.0987199595e-08
    4.9983500503e-04    1.7271700514e-08
    5.9963000240e-04    2.3403400107e-08
    6.9942302071e-04    2.9419799930e-08
    7.9921598081e-04    3.5255798281e-08
    8.9900899911e-04    4.0949700519e-08
    9.9880003836e-04    4.6566398737e-08
    1.0998100042e-03    5.2059398570e-08
    1.1996000540e-03    5.7396800202e-08
    1.2993899873e-03    6.2821399638e-08
    1.3991700253e-03    6.8242897555e-08
    1.4989400515e-03    7.3488202190e-08
    1.5999299940e-03    7.8651801516e-08
    1.6997000203e-03    8.3624897229e-08
    1.7994700465e-03    8.8475800908e-08
    1.8992299447e-03    9.3181796501e-08
    1.9990000874e-03    9.7746898575e-08
    2.0999799017e-03    1.0220600188e-07
    2.1997399163e-03    1.0632700054e-07
    2.2994899191e-03    1.1029499802e-07
    2.3992399219e-03    1.1430100244e-07
    2.4989699014e-03    1.1820699797e-07
    2.5999199133e-03    1.2194800547e-07
    2.6996498927e-03    1.2540900229e-07
    2.7993801050e-03    1.2871400656e-07
    2.8991100844e-03    1.3197499982e-07
    2.9988300521e-03    1.3512899955e-07
    3.0997600406e-03    1.3817700051e-07
    3.1994699966e-03    1.4102400314e-07
    3.2991799526e-03    1.4380900382e-07
    3.3988798968e-03    1.4651899960e-07
    3.4988799598e-03    1.4910600044e-07
    3.5997300874e-03    1.5166300216e-07
    3.6994200200e-03    1.5420900468e-07
    3.7991199642e-03    1.5668399556e-07
    3.8988098968e-03    1.5896800676e-07
    3.9997198619e-03    1.6117699886e-07
    4.0994100273e-03    1.6346000109e-07
    4.1998499073e-03    1.6583599916e-07
    4.2995400727e-03    1.6827999616e-07
    4.3992297724e-03    1.7094299665e-07
    4.4997301884e-03    1.7395500151e-07
    4.5994301327e-03    1.7739199620e-07
    4.6991198324e-03    1.8129900070e-07
    4.7991098836e-03    1.8569799920e-07
    4.8991697840e-03    1.9067199730e-07
    4.9989097752e-03    1.9618100566e-07
    5.0995298661e-03    2.0219299302e-07
    5.1992097870e-03    2.0852699834e-07
    5.2994498983e-03    2.1516200377e-07
    5.3996299393e-03    2.2190100424e-07
    5.4993601516e-03    2.2857000204e-07
    5.5995602161e-03    2.3517900161e-07
    5.6999400258e-03    2.4176898705e-07
    5.7998499833e-03    2.4827801326e-07
    5.8988300152e-03    2.5450398766e-07
    5.9998501092e-03    2.6096799388e-07
    6.0998299159e-03    2.6776700679e-07
    6.1999601312e-03    2.7496599841e-07
    6.2991799787e-03    2.8026599352e-07
    6.3993800431e-03    2.8404500085e-07
    6.4995200373e-03    2.8632800309e-07
    6.5998598002e-03    2.8773899885e-07
    6.6990898922e-03    2.9028998938e-07
    6.7999497987e-03    2.9182299954e-07
    6.8994001485e-03    2.9018801229e-07
    6.9994498044e-03    2.8751401260e-07
    7.0998999290e-03    2.8656700124e-07
    7.1988701820e-03    2.8692301157e-07
    7.2998302057e-03    2.8764500826e-07
    7.3992698453e-03    2.8790199735e-07
    7.4999900535e-03    2.8695799870e-07
    7.5999400578e-03    2.8540401331e-07
    7.6996101998e-03    2.8296400956e-07
    7.7994000167e-03    2.7929200996e-07
    7.8994100913e-03    2.7603098829e-07
    7.9989396036e-03    2.7373999956e-07
    8.0998800695e-03    2.7187201113e-07
    8.1994403154e-03    2.6991199320e-07
    8.2994299009e-03    2.6722000257e-07
    8.3999102935e-03    2.6414500098e-07
    8.4998002276e-03    2.6147100129e-07
    8.5998801515e-03    2.5899001344e-07
    8.6998296902e-03    2.5677900339e-07
    8.7989196181e-03    2.5527100433e-07
    8.8992901146e-03    2.5478499310e-07
    8.9999595657e-03    2.5494401257e-07
    9.0990196913e-03    2.5506500378e-07
    9.1994898394e-03    2.5472999710e-07
    9.2997802421e-03    2.5387600999e-07
    9.3998499215e-03    2.5300300877e-07
    9.4996597618e-03    2.5250798785e-07
    9.5994602889e-03    2.5250099611e-07
    9.6996696666e-03    2.5259001291e-07
    9.7995502874e-03    2.5264401415e-07
    9.8998798057e-03    2.5273399729e-07
    9.9994000047e-03    2.5272998982e-07
    1.0099600069e-02    2.5271199888e-07
    1.0199200362e-02    2.5294301054e-07
    1.0299299844e-02    2.5373398671e-07
    1.0399599560e-02    2.5540899173e-07
    1.0499699973e-02    2.5796398972e-07
    1.0599800386e-02    2.6143499099e-07
    1.0700000450e-02    2.6566499400e-07
    1.0799500160e-02    2.7001598824e-07
    1.0899400339e-02    2.7409001291e-07
    1.0999600403e-02    2.7805899094e-07
    1.1099499650e-02    2.8211098879e-07
    1.1199899949e-02    2.8606100955e-07
    1.1299300008e-02    2.8959900078e-07
    1.1399899609e-02    2.9277501312e-07
    1.1499200016e-02    2.9582500360e-07
    1.1599300429e-02    2.9893701026e-07
    1.1699199677e-02    3.0173200116e-07
    1.1799300089e-02    3.0422600616e-07
    1.1899099685e-02    3.0698799947e-07
    1.1999900453e-02    3.1054000260e-07
    1.2099999934e-02    3.1472001183e-07
    1.2199499644e-02    3.1905000242e-07
    1.2299699709e-02    3.2332900446e-07
    1.2399899773e-02    3.2739998801e-07
    1.2500000186e-02    3.3114099551e-07
    1.2599799782e-02    3.3448898762e-07
    1.2699400075e-02    3.3757899587e-07
    1.2799600139e-02    3.4056600384e-07
    1.2899300084e-02    3.4328098764e-07
    1.2999599800e-02    3.4539399962e-07
    1.3099400327e-02    3.4666800275e-07
    1.3199600391e-02    3.4730999232e-07
    1.3299800456e-02    3.4763900203e-07
    1.3399999589e-02    3.4783698766e-07
    1.3499500230e-02    3.4800601156e-07
    1.3599700294e-02    3.4834400253e-07
    1.3699599542e-02    3.4906901192e-07
    1.3799100183e-02    3.5010899069e-07
    1.3899699785e-02    3.5123798625e-07
    1.3999599963e-02    3.5225099282e-07
    1.4099899679e-02    3.5317899005e-07
    1.4199499972e-02    3.5411400745e-07
    1.4299900271e-02    3.5496299233e-07
    1.4399800450e-02    3.5553699718e-07
    1.4499899931e-02    3.5587399339e-07
    1.4600000344e-02    3.5603500237e-07
    1.4699099585e-02    3.5597798842e-07
    1.4799499884e-02    3.5563701317e-07
    1.4899699949e-02    3.5510498719e-07
    1.4999800362e-02    3.5462198866e-07
    1.5099899843e-02    3.5431799006e-07
    1.5200000256e-02    3.5410201349e-07
    1.5298999846e-02    3.5391900610e-07
    1.5399799682e-02    3.5387100183e-07
    1.5499699861e-02    3.5399799003e-07
    1.5599399805e-02    3.5423300915e-07
    1.5699600801e-02    3.5440498891e-07
    1.5799500048e-02    3.5453101077e-07
    1.5899799764e-02    3.5475500226e-07
    1.5999399126e-02    3.5501901152e-07
    1.6099600121e-02    3.5517101082e-07
    1.6199499369e-02    3.5518701225e-07
    1.6299700364e-02    3.5502799278e-07
    1.6399899498e-02    3.5467400039e-07
    1.6499800608e-02    3.5410801047e-07
    1.6599699855e-02    3.5332300286e-07
    1.6699599102e-02    3.5244198671e-07
    1.6799600795e-02    3.5160300627e-07
    1.6899300739e-02    3.5088299910e-07
    1.6999099404e-02    3.5031999346e-07
    1.7098799348e-02    3.4991799680e-07
    1.7200000584e-02    3.4971699847e-07
    1.7299300060e-02    3.4973101037e-07
    1.7400000244e-02    3.4994599218e-07
    1.7499800771e-02    3.5036799773e-07
    1.7599599436e-02    3.5096098827e-07
    1.7699299380e-02    3.5156298850e-07
    1.7798999324e-02    3.5199201420e-07
    1.7898799852e-02    3.5209700400e-07
    1.7999300733e-02    3.5183899172e-07
    1.8099799752e-02    3.5124298847e-07
    1.8199900165e-02    3.5032201140e-07
    1.8299600109e-02    3.4907199620e-07
    1.8399400637e-02    3.4747199606e-07
    1.8499199301e-02    3.4559698747e-07
    1.8598899245e-02    3.4354300738e-07
    1.8699899316e-02    3.4135499050e-07
    1.8799500540e-02    3.3919599218e-07
    1.8899299204e-02    3.3717199699e-07
    1.8998999149e-02    3.3531600252e-07
    1.9099500030e-02    3.3350198692e-07
    1.9199199975e-02    3.3167100355e-07
    1.9299000502e-02    3.2977499131e-07
    1.9400000572e-02    3.2778601167e-07
    1.9499700516e-02    3.2573899489e-07
    1.9599499181e-02    3.2357201007e-07
    1.9699299708e-02    3.2128099292e-07
    1.9798999652e-02    3.1886401075e-07
    1.9898800179e-02    3.1626498753e-07
    1.9999800250e-02    3.1339399698e-07
    2.0099600777e-02    3.1033499681e-07
    2.0199300721e-02    3.0716799415e-07
    2.0299099386e-02    3.0401199069e-07
    2.0398899913e-02    3.0087099390e-07
    2.0499899983e-02    2.9768199283e-07
    2.0599599928e-02    2.9455199524e-07
    2.0699400455e-02    2.9144499081e-07
    2.0799199119e-02    2.8830700671e-07
    2.0898999646e-02    2.8510800121e-07
    2.0999899134e-02    2.8182398637e-07
    2.1099699661e-02    2.7854900964e-07
    2.1199500188e-02    2.7521198831e-07
    2.1299300715e-02    2.7176000117e-07
    2.1399000660e-02    2.6817599519e-07
    2.1498799324e-02    2.6449498591e-07
    2.1599799395e-02    2.6070799208e-07
    2.1699599922e-02    2.5689800509e-07
    2.1799400449e-02    2.5299598860e-07
    2.1899100393e-02    2.4905199325e-07
    2.1998900920e-02    2.4514699248e-07
    2.2099899128e-02    2.4128499376e-07
    2.2199699655e-02    2.3756200562e-07
    2.2299399599e-02    2.3396700044e-07
    2.2399200127e-02    2.3056699661e-07
    2.2499000654e-02    2.2740199768e-07
    2.2600000724e-02    2.2445399850e-07
    2.2699799389e-02    2.2181100690e-07
    2.2799499333e-02    2.1943600359e-07
    2.2899299860e-02    2.1727500155e-07
    2.2999100387e-02    2.1521199756e-07
    2.3098800331e-02    2.1314799881e-07
    2.3199800402e-02    2.1100099445e-07
    2.3299600929e-02    2.0879200235e-07
    2.3399399593e-02    2.0646500332e-07
    2.3499200121e-02    2.0401100187e-07
    2.3598900065e-02    2.0148600299e-07
    2.3699900135e-02    1.9892100056e-07
    2.3799799383e-02    1.9637199955e-07
    2.3899100721e-02    1.9378100546e-07
    2.3998999968e-02    1.9112299299e-07
    2.4099500850e-02    1.8846900218e-07
    2.4199299514e-02    1.8594199958e-07
    2.4299500510e-02    1.8358500142e-07
    2.4399299175e-02    1.8144000080e-07
    2.4499099702e-02    1.7948499931e-07
    2.4598799646e-02    1.7765999871e-07
    2.4699799716e-02    1.7584200407e-07
    2.4799600244e-02    1.7400900276e-07
    2.4899400771e-02    1.7211699799e-07
    2.4999199435e-02    1.7015599951e-07
    2.5098999962e-02    1.6810299996e-07
    2.5200000033e-02    1.6588700191e-07
    2.5299699977e-02    1.6352800003e-07
    2.5399699807e-02    1.6098300648e-07
    2.5499500334e-02    1.5824200261e-07
    2.5599200279e-02    1.5530899589e-07
    2.5699000806e-02    1.5223399430e-07
    2.5798799470e-02    1.4910600044e-07
    2.5900000706e-02    1.4596000142e-07
    2.5999600068e-02    1.4290999673e-07
    2.6099100709e-02    1.3989499337e-07
    2.6199400425e-02    1.3688999445e-07
    2.6299299672e-02    1.3396299892e-07
    2.6399500668e-02    1.3112399699e-07
    2.6499699801e-02    1.2837699614e-07
    2.6599600911e-02    1.2570700392e-07
    2.6699300855e-02    1.2309300246e-07
    2.6799799874e-02    1.2047000553e-07
    2.6899699122e-02    1.1781099829e-07
    2.6999600232e-02    1.1504300090e-07
    2.7099799365e-02    1.1215900031e-07
    2.7200000361e-02    1.0922399696e-07
    2.7299499139e-02    1.0631300285e-07
    2.7399700135e-02    1.0343799772e-07
    2.7499899268e-02    1.0066300149e-07
    2.7599500492e-02    9.8000199955e-08
    2.7699800208e-02    9.5360903174e-08
    2.7799399570e-02    9.2732499013e-08
    2.7899600565e-02    9.0055301882e-08
    2.7999799699e-02    8.7390496617e-08
    2.8099300340e-02    8.4813002843e-08
    2.8199499473e-02    8.2279399294e-08
    2.8299400583e-02    7.9824602039e-08
    2.8399700299e-02    7.7407300125e-08
    2.8499500826e-02    7.4957803520e-08
    2.8599699959e-02    7.2386200145e-08
    2.8699999675e-02    6.9706800332e-08
    2.8799800202e-02    6.6973896651e-08
    2.8899600729e-02    6.4252702714e-08
    2.8999200091e-02    6.1596900025e-08
    2.9099300504e-02    5.8980699436e-08
    2.9199600220e-02    5.6392298831e-08
    2.9299799353e-02    5.3815799816e-08
    2.9399100691e-02    5.1274000157e-08
    2.9499899596e-02    4.8713300060e-08
    2.9599599540e-02    4.6248601393e-08
    2.9699800536e-02    4.3893400914e-08
    2.9799800366e-02    4.1669199646e-08
    2.9899699613e-02    3.9502499050e-08
    2.9999900609e-02    3.7305799339e-08
