       301
    0.0000000000e+00    0.0000000000e+00
    9.9796299764e-05    0.0000000000e+00
    1.9923200307e-04    3.7048299983e-09
    2.9902800452e-04    1.3810599775e-08
    3.9882300189e-04    2.4585800062e-08
    4.9983500503e-04    3.5407701660e-08
    5.9963000240e-04    4.6029001055e-08
    6.9942302071e-04    5.6506500812e-08
    7.9921598081e-04    6.6914097374e-08
    8.9900899911e-04    7.7252998665e-08
    9.9880003836e-04    8.7532001203e-08
    1.0998100042e-03    9.7856599268e-08
    1.1996000540e-03    1.0799399774e-07
    1.2993899873e-03    1.1812600320e-07
    1.3991700253e-03    1.2830800245e-07
    1.4989400515e-03    1.3851399672e-07
    1.5999299940e-03    1.4879999810e-07
    1.6997000203e-03    1.5893600391e-07
    1.7994700465e-03    1.6907999623e-07
    1.8992299447e-03    1.7923299822e-07
    1.9990000874e-03    1.8934399293e-07
    2.0999799017e-03    1.9956999608e-07
    2.1997399163e-03    2.0966500358e-07
    2.2994899191e-03    2.1978399900e-07
    2.3992399219e-03    2.2987499904e-07
    2.4989699014e-03    2.4003099952e-07
    2.5999199133e-03    2.5027699735e-07
    2.6996498927e-03    2.6031599987e-07
    2.7993801050e-03    2.7025399163e-07
    2.8991100844e-03    2.8006800790e-07
    2.9988300521e-03    2.8981099831e-07
    3.0997600406e-03    2.9952499858e-07
    3.1994699966e-03    3.0890700486e-07
    3.2991799526e-03    3.1803500633e-07
    3.3988798968e-03    3.2695899677e-07
    3.4988799598e-03    3.3576500869e-07
    3.5997300874e-03    3.4449399777e-07
    3.6994200200e-03    3.5300999457e-07
    3.7991199642e-03    3.6148699678e-07
    3.8988098968e-03    3.6994299535e-07
    3.9997198619e-03    3.7843298628e-07
    4.0994100273e-03    3.8674400571e-07
    4.1998499073e-03    3.9510200622e-07
    4.2995400727e-03    4.0344801278e-07
    4.3992297724e-03    4.1181300503e-07
    4.4997301884e-03    4.2022199409e-07
    4.5994301327e-03    4.2858900429e-07
    4.6991198324e-03    4.3703599317e-07
    4.7991098836e-03    4.4559999424e-07
    4.8991697840e-03    4.5427000828e-07
    4.9989097752e-03    4.6309799018e-07
    5.0995298661e-03    4.7220498800e-07
    5.1992097870e-03    4.8140202580e-07
    5.2994498983e-03    4.9078698794e-07
    5.3996299393e-03    5.0030797638e-07
    5.4993601516e-03    5.0990297495e-07
    5.5995602161e-03    5.1956499192e-07
    5.6999400258e-03    5.2917800986e-07
    5.7998499833e-03    5.3869899830e-07
    5.8988300152e-03    5.4833401464e-07
    5.9998501092e-03    5.5829099210e-07
    6.0998299159e-03    5.6712400465e-07
    6.1999601312e-03    5.7561697986e-07
    6.2991799787e-03    5.8274400772e-07
    6.3993800431e-03    5.8963399852e-07
    6.4995200373e-03    5.9727102553e-07
    6.5998598002e-03    6.0367602828e-07
    6.6990898922e-03    6.0880500996e-07
    6.7999497987e-03    6.1346599978e-07
    6.8994001485e-03    6.1838898091e-07
    6.9994498044e-03    6.2316200911e-07
    7.0998999290e-03    6.2756902253e-07
    7.1988701820e-03    6.3296397457e-07
    7.2998302057e-03    6.3948499474e-07
    7.3992698453e-03    6.4590500415e-07
    7.4999900535e-03    6.5200401878e-07
    7.5999400578e-03    6.5790902681e-07
    7.6996101998e-03    6.6448598091e-07
    7.7994000167e-03    6.7172902618e-07
    7.8994100913e-03    6.7931500780e-07
    7.9989396036e-03    6.8704997602e-07
    8.0998800695e-03    6.9497599497e-07
    8.1994403154e-03    7.0282300157e-07
    8.2994299009e-03    7.1051698569e-07
    8.3999102935e-03    7.1798302770e-07
    8.4998002276e-03    7.2501001114e-07
    8.5998801515e-03    7.3177398008e-07
    8.6998296902e-03    7.3875600037e-07
    8.7989196181e-03    7.4586699839e-07
    8.8992901146e-03    7.5275897871e-07
    8.9999595657e-03    7.5907399832e-07
    9.0990196913e-03    7.6457797604e-07
    9.1994898394e-03    7.6955802797e-07
    9.2997802421e-03    7.7424397205e-07
    9.3998499215e-03    7.7888097394e-07
    9.4996597618e-03    7.8368998402e-07
    9.5994602889e-03    7.8875302734e-07
    9.6996696666e-03    7.9388001950e-07
    9.7995502874e-03    7.9852298995e-07
    9.8998798057e-03    8.0243097500e-07
    9.9994000047e-03    8.0570401906e-07
    1.0099600069e-02    8.0859399532e-07
    1.0199200362e-02    8.1123897644e-07
    1.0299299844e-02    8.1375600303e-07
    1.0399599560e-02    8.1609397284e-07
    1.0499699973e-02    8.1801499618e-07
    1.0599800386e-02    8.1950599906e-07
    1.0700000450e-02    8.2086000930e-07
    1.0799500160e-02    8.2223300524e-07
    1.0899400339e-02    8.2350300090e-07
    1.0999600403e-02    8.2444501004e-07
    1.1099499650e-02    8.2518101863e-07
    1.1199899949e-02    8.2593902562e-07
    1.1299300008e-02    8.2653400568e-07
    1.1399899609e-02    8.2681998492e-07
    1.1499200016e-02    8.2674500845e-07
    1.1599300429e-02    8.2631100895e-07
    1.1699199677e-02    8.2538201696e-07
    1.1799300089e-02    8.2395598611e-07
    1.1899099685e-02    8.2227097664e-07
    1.1999900453e-02    8.2033500348e-07
    1.2099999934e-02    8.1816102693e-07
    1.2199499644e-02    8.1587597833e-07
    1.2299699709e-02    8.1354500026e-07
    1.2399899773e-02    8.1117002537e-07
    1.2500000186e-02    8.0875901176e-07
    1.2599799782e-02    8.0642701050e-07
    1.2699400075e-02    8.0426298155e-07
    1.2799600139e-02    8.0224202748e-07
    1.2899300084e-02    8.0029400351e-07
    1.2999599800e-02    7.9829402466e-07
    1.3099400327e-02    7.9622299154e-07
    1.3199600391e-02    7.9407101339e-07
    1.3299800456e-02    7.9176300005e-07
    1.3399999589e-02    7.8925199887e-07
    1.3499500230e-02    7.8666397485e-07
    1.3599700294e-02    7.8406901594e-07
    1.3699599542e-02    7.8142500115e-07
    1.3799100183e-02    7.7875398574e-07
    1.3899699785e-02    7.7615698046e-07
    1.3999599963e-02    7.7372300211e-07
    1.4099899679e-02    7.7130397358e-07
    1.4199499972e-02    7.6887198475e-07
    1.4299900271e-02    7.6645500258e-07
    1.4399800450e-02    7.6412902672e-07
    1.4499899931e-02    7.6190298159e-07
    1.4600000344e-02    7.5981898817e-07
    1.4699099585e-02    7.5788500453e-07
    1.4799499884e-02    7.5600598848e-07
    1.4899699949e-02    7.5415601941e-07
    1.4999800362e-02    7.5236602015e-07
    1.5099899843e-02    7.5072699701e-07
    1.5200000256e-02    7.4931898553e-07
    1.5298999846e-02    7.4812800221e-07
    1.5399799682e-02    7.4698897379e-07
    1.5499699861e-02    7.4584102094e-07
    1.5599399805e-02    7.4469301126e-07
    1.5699600801e-02    7.4354898061e-07
    1.5799500048e-02    7.4234998237e-07
    1.5899799764e-02    7.4101097880e-07
    1.5999399126e-02    7.3950798196e-07
    1.6099600121e-02    7.3778801379e-07
    1.6199499369e-02    7.3586602412e-07
    1.6299700364e-02    7.3380698495e-07
    1.6399899498e-02    7.3169798043e-07
    1.6499800608e-02    7.2959699082e-07
    1.6599699855e-02    7.2751402058e-07
    1.6699599102e-02    7.2545901730e-07
    1.6799600795e-02    7.2343698321e-07
    1.6899300739e-02    7.2148799291e-07
    1.6999099404e-02    7.1966297810e-07
    1.7098799348e-02    7.1799001944e-07
    1.7200000584e-02    7.1642301691e-07
    1.7299300060e-02    7.1495799148e-07
    1.7400000244e-02    7.1349199970e-07
    1.7499800771e-02    7.1201100127e-07
    1.7599599436e-02    7.1048299333e-07
    1.7699299380e-02    7.0889200288e-07
    1.7798999324e-02    7.0724001944e-07
    1.7898799852e-02    7.0549100428e-07
    1.7999300733e-02    7.0359300253e-07
    1.8099799752e-02    7.0152600529e-07
    1.8199900165e-02    6.9932599445e-07
    1.8299600109e-02    6.9703401095e-07
    1.8399400637e-02    6.9469098207e-07
    1.8499199301e-02    6.9233402655e-07
    1.8598899245e-02    6.8996399705e-07
    1.8699899316e-02    6.8753200821e-07
    1.8799500540e-02    6.8508899176e-07
    1.8899299204e-02    6.8258998454e-07
    1.8998999149e-02    6.8006102083e-07
    1.9099500030e-02    6.7750301014e-07
    1.9199199975e-02    6.7498899625e-07
    1.9299000502e-02    6.7253500902e-07
    1.9400000572e-02    6.7014298111e-07
    1.9499700516e-02    6.6789999664e-07
    1.9599499181e-02    6.6579798386e-07
    1.9699299708e-02    6.6384899355e-07
    1.9798999652e-02    6.6207002192e-07
    1.9898800179e-02    6.6046800384e-07
    1.9999800250e-02    6.5901599555e-07
    2.0099600777e-02    6.5771598656e-07
    2.0199300721e-02    6.5650897341e-07
    2.0299099386e-02    6.5535499516e-07
    2.0398899913e-02    6.5421801310e-07
    2.0499899983e-02    6.5306301167e-07
    2.0599599928e-02    6.5189499310e-07
    2.0699400455e-02    6.5068502408e-07
    2.0799199119e-02    6.4943498046e-07
    2.0898999646e-02    6.4814599909e-07
    2.0999899134e-02    6.4679602474e-07
    2.1099699661e-02    6.4542700784e-07
    2.1199500188e-02    6.4406202682e-07
    2.1299300715e-02    6.4275297973e-07
    2.1399000660e-02    6.4152601453e-07
    2.1498799324e-02    6.4038397340e-07
    2.1599799395e-02    6.3930599481e-07
    2.1699599922e-02    6.3830697172e-07
    2.1799400449e-02    6.3738599465e-07
    2.1899100393e-02    6.3655301119e-07
    2.1998900920e-02    6.3580398546e-07
    2.2099899128e-02    6.3512197812e-07
    2.2199699655e-02    6.3449897425e-07
    2.2299399599e-02    6.3389097704e-07
    2.2399200127e-02    6.3328798205e-07
    2.2499000654e-02    6.3271397721e-07
    2.2600000724e-02    6.3219101776e-07
    2.2699799389e-02    6.3171398779e-07
    2.2799499333e-02    6.3123098926e-07
    2.2899299860e-02    6.3069199996e-07
    2.2999100387e-02    6.3006302753e-07
    2.3098800331e-02    6.2934799416e-07
    2.3199800402e-02    6.2855997385e-07
    2.3299600929e-02    6.2773398213e-07
    2.3399399593e-02    6.2684301838e-07
    2.3499200121e-02    6.2585399974e-07
    2.3598900065e-02    6.2475299956e-07
    2.3699900135e-02    6.2352899022e-07
    2.3799799383e-02    6.2224597741e-07
    2.3899100721e-02    6.2093999986e-07
    2.3998999968e-02    6.1961299025e-07
    2.4099500850e-02    6.1826801812e-07
    2.4199299514e-02    6.1690900566e-07
    2.4299500510e-02    6.1550298369e-07
    2.4399299175e-02    6.1406899476e-07
    2.4499099702e-02    6.1260499251e-07
    2.4598799646e-02    6.1112399408e-07
    2.4699799716e-02    6.0961701820e-07
    2.4799600244e-02    6.0811299818e-07
    2.4899400771e-02    6.0657600898e-07
    2.4999199435e-02    6.0499201027e-07
    2.5098999962e-02    6.0336498109e-07
    2.5200000033e-02    6.0169202243e-07
    2.5299699977e-02    6.0001099200e-07
    2.5399699807e-02    5.9828698795e-07
    2.5499500334e-02    5.9650801632e-07
    2.5599200279e-02    5.9465901359e-07
    2.5699000806e-02    5.9273799025e-07
    2.5798799470e-02    5.9074801584e-07
    2.5900000706e-02    5.8865697383e-07
    2.5999600068e-02    5.8651897916e-07
    2.6099100709e-02    5.8429202454e-07
    2.6199400425e-02    5.8195297470e-07
    2.6299299672e-02    5.7956100363e-07
    2.6399500668e-02    5.7715902813e-07
    2.6499699801e-02    5.7480201576e-07
    2.6599600911e-02    5.7251997987e-07
    2.6699300855e-02    5.7031002143e-07
    2.6799799874e-02    5.6814099025e-07
    2.6899699122e-02    5.6604102383e-07
    2.6999600232e-02    5.6399397863e-07
    2.7099799365e-02    5.6199598930e-07
    2.7200000361e-02    5.6002897963e-07
    2.7299499139e-02    5.5806799537e-07
    2.7399700135e-02    5.5605102034e-07
    2.7499899268e-02    5.5396401422e-07
    2.7599500492e-02    5.5182198366e-07
    2.7699800208e-02    5.4960298712e-07
    2.7799399570e-02    5.4734999821e-07
    2.7899600565e-02    5.4502498870e-07
    2.7999799699e-02    5.4267201222e-07
    2.8099300340e-02    5.4031198715e-07
    2.8199499473e-02    5.3789000276e-07
    2.8299400583e-02    5.3542697742e-07
    2.8399700299e-02    5.3291199720e-07
    2.8499500826e-02    5.3036899317e-07
    2.8599699959e-02    5.2775101267e-07
    2.8699999675e-02    5.2506601378e-07
    2.8799800202e-02    5.2233497172e-07
    2.8899600729e-02    5.1955697700e-07
    2.8999200091e-02    5.1676602197e-07
    2.9099300504e-02    5.1396597200e-07
    2.9199600220e-02    5.1119798172e-07
    2.9299799353e-02    5.0849098443e-07
    2.9399100691e-02    5.0587698297e-07
    2.9499899596e-02    5.0329697387e-07
    2.9599599540e-02    5.0080399205e-07
    2.9699800536e-02    4.9833698768e-07
    2.9799800366e-02    4.9588697948e-07
    2.9899699613e-02    4.9340599162e-07
    2.9999900609e-02    4.9086298759e-07
