       301
    0.0000000000e+00    0.0000000000e+00
    9.9796299764e-05    0.0000000000e+00
    1.9923200307e-04    2.1406999784e-10
    2.9902800452e-04    4.6328199055e-09
    3.9882300189e-04    1.0615499590e-08
    4.9983500503e-04    1.6739800657e-08
    5.9963000240e-04    2.2709899739e-08
    6.9942302071e-04    2.8574799416e-08
    7.9921598081e-04    3.4323399234e-08
    8.9900899911e-04    3.9950499797e-08
    9.9880003836e-04    4.5438099505e-08
    1.0998100042e-03    5.0833200760e-08
    1.1996000540e-03    5.6084800804e-08
    1.2993899873e-03    6.1328201184e-08
    1.3991700253e-03    6.6589400660e-08
    1.4989400515e-03    7.1806702806e-08
    1.5999299940e-03    7.7010902544e-08
    1.6997000203e-03    8.1965701781e-08
    1.7994700465e-03    8.6748201511e-08
    1.8992299447e-03    9.1374602107e-08
    1.9990000874e-03    9.5814598922e-08
    2.0999799017e-03    1.0009600260e-07
    2.1997399163e-03    1.0419000063e-07
    2.2994899191e-03    1.0822199670e-07
    2.3992399219e-03    1.1223600183e-07
    2.4989699014e-03    1.1615200179e-07
    2.5999199133e-03    1.1984499793e-07
    2.6996498927e-03    1.2314100672e-07
    2.7993801050e-03    1.2626499313e-07
    2.8991100844e-03    1.2930699711e-07
    2.9988300521e-03    1.3215999672e-07
    3.0997600406e-03    1.3478199890e-07
    3.1994699966e-03    1.3720000425e-07
    3.2991799526e-03    1.3953099653e-07
    3.3988798968e-03    1.4170800000e-07
    3.4988799598e-03    1.4371100576e-07
    3.5997300874e-03    1.4565199535e-07
    3.6994200200e-03    1.4760199463e-07
    3.7991199642e-03    1.4958000349e-07
    3.8988098968e-03    1.5160699718e-07
    3.9997198619e-03    1.5373599638e-07
    4.0994100273e-03    1.5592699754e-07
    4.1998499073e-03    1.5813300536e-07
    4.2995400727e-03    1.6021699878e-07
    4.3992297724e-03    1.6210300657e-07
    4.4997301884e-03    1.6370799472e-07
    4.5994301327e-03    1.6494999500e-07
    4.6991198324e-03    1.6575600625e-07
    4.7991098836e-03    1.6597100228e-07
    4.8991697840e-03    1.6560299798e-07
    4.9989097752e-03    1.6473900644e-07
    5.0995298661e-03    1.6346800180e-07
    5.1992097870e-03    1.6185900620e-07
    5.2994498983e-03    1.5996799618e-07
    5.3996299393e-03    1.5781100160e-07
    5.4993601516e-03    1.5542700282e-07
    5.5995602161e-03    1.5284899746e-07
    5.6999400258e-03    1.5014400390e-07
    5.7998499833e-03    1.4734899878e-07
    5.8988300152e-03    1.4435799756e-07
    5.9998501092e-03    1.4125500059e-07
    6.0998299159e-03    1.3858600312e-07
    6.1999601312e-03    1.3625300710e-07
    6.2991799787e-03    1.3399400700e-07
    6.3993800431e-03    1.3095200302e-07
    6.4995200373e-03    1.2753500300e-07
    6.5998598002e-03    1.2545800132e-07
    6.6990898922e-03    1.2310100317e-07
    6.7999497987e-03    1.2312099784e-07
    6.8994001485e-03    1.2522200166e-07
    6.9994498044e-03    1.2660800053e-07
    7.0998999290e-03    1.2607600297e-07
    7.1988701820e-03    1.2454799503e-07
    7.2998302057e-03    1.2367199531e-07
    7.3992698453e-03    1.2470700028e-07
    7.4999900535e-03    1.2712699515e-07
    7.5999400578e-03    1.2977500319e-07
    7.6996101998e-03    1.3214399530e-07
    7.7994000167e-03    1.3472700289e-07
    7.8994100913e-03    1.3738700488e-07
    7.9989396036e-03    1.3957000533e-07
    8.0998800695e-03    1.4093700429e-07
    8.1994403154e-03    1.4153700079e-07
    8.2994299009e-03    1.4181199504e-07
    8.3999102935e-03    1.4120699632e-07
    8.4998002276e-03    1.3885200190e-07
    8.5998801515e-03    1.3567699853e-07
    8.6998296902e-03    1.3281000122e-07
    8.7989196181e-03    1.2995799636e-07
    8.8992901146e-03    1.2656700221e-07
    8.9999595657e-03    1.2272700189e-07
    9.0990196913e-03    1.1915300036e-07
    9.1994898394e-03    1.1574100256e-07
    9.2997802421e-03    1.1209500173e-07
    9.3998499215e-03    1.0813899820e-07
    9.4996597618e-03    1.0467100253e-07
    9.5994602889e-03    1.0285800300e-07
    9.6996696666e-03    1.0293599928e-07
    9.7995502874e-03    1.0429700126e-07
    9.8998798057e-03    1.0634700232e-07
    9.9994000047e-03    1.0856499699e-07
    1.0099600069e-02    1.1054000026e-07
    1.0199200362e-02    1.1212900120e-07
    1.0299299844e-02    1.1317799675e-07
    1.0399599560e-02    1.1365099795e-07
    1.0499699973e-02    1.1383500009e-07
    1.0599800386e-02    1.1393800037e-07
    1.0700000450e-02    1.1396399913e-07
    1.0799500160e-02    1.1396900135e-07
    1.0899400339e-02    1.1398699939e-07
    1.0999600403e-02    1.1443299996e-07
    1.1099499650e-02    1.1590900328e-07
    1.1199899949e-02    1.1853200022e-07
    1.1299300008e-02    1.2198700006e-07
    1.1399899609e-02    1.2594699683e-07
    1.1499200016e-02    1.2992499876e-07
    1.1599300429e-02    1.3363299445e-07
    1.1699199677e-02    1.3708400104e-07
    1.1799300089e-02    1.4057900444e-07
    1.1899099685e-02    1.4415199701e-07
    1.1999900453e-02    1.4775399393e-07
    1.2099999934e-02    1.5133700515e-07
    1.2199499644e-02    1.5502300243e-07
    1.2299699709e-02    1.5873500558e-07
    1.2399899773e-02    1.6208700515e-07
    1.2500000186e-02    1.6506599820e-07
    1.2599799782e-02    1.6807899783e-07
    1.2699400075e-02    1.7151400300e-07
    1.2799600139e-02    1.7554100396e-07
    1.2899300084e-02    1.8001699686e-07
    1.2999599800e-02    1.8475400054e-07
    1.3099400327e-02    1.8955999792e-07
    1.3199600391e-02    1.9441600330e-07
    1.3299800456e-02    1.9922200067e-07
    1.3399999589e-02    2.0403399503e-07
    1.3499500230e-02    2.0903000575e-07
    1.3599700294e-02    2.1431699793e-07
    1.3699599542e-02    2.1960799756e-07
    1.3799100183e-02    2.2462900517e-07
    1.3899699785e-02    2.2935900290e-07
    1.3999599963e-02    2.3369699420e-07
    1.4099899679e-02    2.3770600421e-07
    1.4199499972e-02    2.4145998623e-07
    1.4299900271e-02    2.4515199470e-07
    1.4399800450e-02    2.4871698656e-07
    1.4499899931e-02    2.5199599918e-07
    1.4600000344e-02    2.5479599230e-07
    1.4699099585e-02    2.5707799978e-07
    1.4799499884e-02    2.5896198963e-07
    1.4899699949e-02    2.6051199598e-07
    1.4999800362e-02    2.6180600798e-07
    1.5099899843e-02    2.6292400435e-07
    1.5200000256e-02    2.6397299280e-07
    1.5298999846e-02    2.6496400096e-07
    1.5399799682e-02    2.6583199997e-07
    1.5499699861e-02    2.6652199381e-07
    1.5599399805e-02    2.6713101420e-07
    1.5699600801e-02    2.6768699968e-07
    1.5799500048e-02    2.6805298603e-07
    1.5899799764e-02    2.6817900789e-07
    1.5999399126e-02    2.6815598630e-07
    1.6099600121e-02    2.6797300734e-07
    1.6199499369e-02    2.6760301353e-07
    1.6299700364e-02    2.6700701028e-07
    1.6399899498e-02    2.6620500648e-07
    1.6499800608e-02    2.6532399033e-07
    1.6599699855e-02    2.6448100243e-07
    1.6699599102e-02    2.6369099260e-07
    1.6799600795e-02    2.6294199529e-07
    1.6899300739e-02    2.6220200766e-07
    1.6999099404e-02    2.6139099418e-07
    1.7098799348e-02    2.6037599810e-07
    1.7200000584e-02    2.5909000101e-07
    1.7299300060e-02    2.5770000889e-07
    1.7400000244e-02    2.5635299039e-07
    1.7499800771e-02    2.5512400725e-07
    1.7599599436e-02    2.5390198743e-07
    1.7699299380e-02    2.5257600100e-07
    1.7798999324e-02    2.5112498747e-07
    1.7898799852e-02    2.4964299428e-07
    1.7999300733e-02    2.4826701406e-07
    1.8099799752e-02    2.4711300739e-07
    1.8199900165e-02    2.4624600314e-07
    1.8299600109e-02    2.4566401180e-07
    1.8399400637e-02    2.4528898734e-07
    1.8499199301e-02    2.4499999540e-07
    1.8598899245e-02    2.4473300186e-07
    1.8699899316e-02    2.4447700753e-07
    1.8799500540e-02    2.4421601097e-07
    1.8899299204e-02    2.4387799158e-07
    1.8998999149e-02    2.4341099447e-07
    1.9099500030e-02    2.4280498678e-07
    1.9199199975e-02    2.4206900662e-07
    1.9299000502e-02    2.4115101382e-07
    1.9400000572e-02    2.4002599730e-07
    1.9499700516e-02    2.3880301114e-07
    1.9599499181e-02    2.3758900625e-07
    1.9699299708e-02    2.3643100633e-07
    1.9798999652e-02    2.3526600046e-07
    1.9898800179e-02    2.3399199733e-07
    1.9999800250e-02    2.3245499392e-07
    2.0099600777e-02    2.3057100407e-07
    2.0199300721e-02    2.2829699731e-07
    2.0299099386e-02    2.2570699798e-07
    2.0398899913e-02    2.2292300628e-07
    2.0499899983e-02    2.1997000488e-07
    2.0599599928e-02    2.1687199592e-07
    2.0699400455e-02    2.1352599333e-07
    2.0799199119e-02    2.0994100680e-07
    2.0898999646e-02    2.0618399788e-07
    2.0999899134e-02    2.0226200093e-07
    2.1099699661e-02    1.9833500176e-07
    2.1199500188e-02    1.9445400312e-07
    2.1299300715e-02    1.9071499935e-07
    2.1399000660e-02    1.8713500083e-07
    2.1498799324e-02    1.8365099663e-07
    2.1599799395e-02    1.8014699776e-07
    2.1699599922e-02    1.7664200413e-07
    2.1799400449e-02    1.7303200650e-07
    2.1899100393e-02    1.6924599322e-07
    2.1998900920e-02    1.6522299973e-07
    2.2099899128e-02    1.6090599786e-07
    2.2199699655e-02    1.5643699669e-07
    2.2299399599e-02    1.5176699719e-07
    2.2399200127e-02    1.4687900318e-07
    2.2499000654e-02    1.4178699814e-07
    2.2600000724e-02    1.3646599939e-07
    2.2699799389e-02    1.3110299335e-07
    2.2799499333e-02    1.2568099805e-07
    2.2899299860e-02    1.2025900276e-07
    2.2999100387e-02    1.1488099716e-07
    2.3098800331e-02    1.0953200302e-07
    2.3199800402e-02    1.0410300177e-07
    2.3299600929e-02    9.8723496933e-08
    2.3399399593e-02    9.3407500401e-08
    2.3499200121e-02    8.8298897083e-08
    2.3598900065e-02    8.3514102300e-08
    2.3699900135e-02    7.9022100863e-08
    2.3799799383e-02    7.4869397793e-08
    2.3899100721e-02    7.0909898398e-08
    2.3998999968e-02    6.6969498391e-08
    2.4099500850e-02    6.2996100780e-08
    2.4199299514e-02    5.9071901148e-08
    2.4299500510e-02    5.5218798423e-08
    2.4399299175e-02    5.1470298246e-08
    2.4499099702e-02    4.7748901721e-08
    2.4598799646e-02    4.3958500839e-08
    2.4699799716e-02    3.9993800272e-08
    2.4799600244e-02    3.5956901456e-08
    2.4899400771e-02    3.1873600648e-08
    2.4999199435e-02    2.7856300377e-08
    2.5098999962e-02    2.4020000211e-08
    2.5200000033e-02    2.0417699531e-08
    2.5299699977e-02    1.7181999823e-08
    2.5399699807e-02    1.4259799563e-08
    2.5499500334e-02    1.1628499941e-08
    2.5599200279e-02    9.2538696705e-09
    2.5699000806e-02    7.1104802046e-09
    2.5798799470e-02    5.1415800506e-09
    2.5900000706e-02    3.2450400145e-09
    2.5999600068e-02    1.4271099857e-09
    2.6099100709e-02    0.0000000000e+00
    2.6199400425e-02    0.0000000000e+00
    2.6299299672e-02    0.0000000000e+00
    2.6399500668e-02    0.0000000000e+00
    2.6499699801e-02    0.0000000000e+00
    2.6599600911e-02    0.0000000000e+00
    2.6699300855e-02    0.0000000000e+00
    2.6799799874e-02    0.0000000000e+00
    2.6899699122e-02    0.0000000000e+00
    2.6999600232e-02    0.0000000000e+00
    2.7099799365e-02    0.0000000000e+00
    2.7200000361e-02    0.0000000000e+00
    2.7299499139e-02    0.0000000000e+00
    2.7399700135e-02    0.0000000000e+00
    2.7499899268e-02    0.0000000000e+00
    2.7599500492e-02    0.0000000000e+00
    2.7699800208e-02    0.0000000000e+00
    2.7799399570e-02    0.0000000000e+00
    2.7899600565e-02    0.0000000000e+00
    2.7999799699e-02    0.0000000000e+00
    2.8099300340e-02    0.0000000000e+00
    2.8199499473e-02    0.0000000000e+00
    2.8299400583e-02    0.0000000000e+00
    2.8399700299e-02    0.0000000000e+00
    2.8499500826e-02    0.0000000000e+00
    2.8599699959e-02    0.0000000000e+00
    2.8699999675e-02    0.0000000000e+00
    2.8799800202e-02    0.0000000000e+00
    2.8899600729e-02    0.0000000000e+00
    2.8999200091e-02    0.0000000000e+00
    2.9099300504e-02    0.0000000000e+00
    2.9199600220e-02    0.0000000000e+00
    2.9299799353e-02    0.0000000000e+00
    2.9399100691e-02    0.0000000000e+00
    2.9499899596e-02    0.0000000000e+00
    2.9599599540e-02    0.0000000000e+00
    2.9699800536e-02    0.0000000000e+00
    2.9799800366e-02    0.0000000000e+00
    2.9899699613e-02    0.0000000000e+00
    2.9999900609e-02    0.0000000000e+00
