       301
    0.0000000000e+00    0.0000000000e+00
    9.9796299764e-05    0.0000000000e+00
    1.9923200307e-04    3.7048299983e-09
    2.9902800452e-04    1.3810599775e-08
    3.9882300189e-04    2.4585800062e-08
    4.9983500503e-04    3.5407701660e-08
    5.9963000240e-04    4.6029001055e-08
    6.9942302071e-04    5.6506500812e-08
    7.9921598081e-04    6.6914097374e-08
    8.9900899911e-04    7.7252998665e-08
    9.9880003836e-04    8.7532001203e-08
    1.0998100042e-03    9.7856599268e-08
    1.1996000540e-03    1.0799399774e-07
    1.2993899873e-03    1.1812600320e-07
    1.3991700253e-03    1.2830800245e-07
    1.4989400515e-03    1.3851399672e-07
    1.5999299940e-03    1.4879999810e-07
    1.6997000203e-03    1.5893600391e-07
    1.7994700465e-03    1.6907999623e-07
    1.8992299447e-03    1.7923299822e-07
    1.9990000874e-03    1.8934399293e-07
    2.0999799017e-03    1.9956999608e-07
    2.1997399163e-03    2.0966500358e-07
    2.2994899191e-03    2.1978399900e-07
    2.3992399219e-03    2.2987499904e-07
    2.4989699014e-03    2.4003099952e-07
    2.5999199133e-03    2.5027699735e-07
    2.6996498927e-03    2.6031599987e-07
    2.7993801050e-03    2.7025399163e-07
    2.8991100844e-03    2.8006800790e-07
    2.9988300521e-03    2.8981099831e-07
    3.0997600406e-03    2.9952499858e-07
    3.1994699966e-03    3.0890700486e-07
    3.2991799526e-03    3.1803500633e-07
    3.3988798968e-03    3.2695899677e-07
    3.4988799598e-03    3.3576500869e-07
    3.5997300874e-03    3.4449399777e-07
    3.6994200200e-03    3.5300999457e-07
    3.7991199642e-03    3.6148699678e-07
    3.8988098968e-03    3.6994299535e-07
    3.9997198619e-03    3.7843298628e-07
    4.0994100273e-03    3.8674400571e-07
    4.1998499073e-03    3.9510200622e-07
    4.2995400727e-03    4.0344801278e-07
    4.3992297724e-03    4.1181300503e-07
    4.4997301884e-03    4.2022199409e-07
    4.5994301327e-03    4.2858900429e-07
    4.6991198324e-03    4.3703599317e-07
    4.7991098836e-03    4.4559999424e-07
    4.8991697840e-03    4.5427000828e-07
    4.9989097752e-03    4.6309799018e-07
    5.0995298661e-03    4.7220498800e-07
    5.1992097870e-03    4.8140202580e-07
    5.2994498983e-03    4.9078698794e-07
    5.3996299393e-03    5.0030797638e-07
    5.4993601516e-03    5.0990297495e-07
    5.5995602161e-03    5.1956499192e-07
    5.6999400258e-03    5.2917800986e-07
    5.7998499833e-03    5.3869899830e-07
    5.8988300152e-03    5.4833401464e-07
    5.9998501092e-03    5.5829099210e-07
    6.0998299159e-03    5.6712400465e-07
    6.1999601312e-03    5.7561697986e-07
    6.2991799787e-03    5.8274497405e-07
    6.3993800431e-03    5.8963797755e-07
    6.4995200373e-03    5.9727102553e-07
    6.5998598002e-03    6.0367801780e-07
    6.6990898922e-03    6.0880597630e-07
    6.7999497987e-03    6.1345900804e-07
    6.8994001485e-03    6.1836499299e-07
    6.9994498044e-03    6.2311801230e-07
    7.0998999290e-03    6.2750399366e-07
    7.1988701820e-03    6.3288598540e-07
    7.2998302057e-03    6.3939501160e-07
    7.3992698453e-03    6.4581797687e-07
    7.4999900535e-03    6.5191898102e-07
    7.5999400578e-03    6.5783399350e-07
    7.6996101998e-03    6.6441998570e-07
    7.7994000167e-03    6.7167002271e-07
    7.8994100913e-03    6.7925299163e-07
    7.9989396036e-03    6.8698398081e-07
    8.0998800695e-03    6.9489601628e-07
    8.1994403154e-03    7.0272000130e-07
    8.2994299009e-03    7.1039897875e-07
    8.3999102935e-03    7.1785797218e-07
    8.4998002276e-03    7.2488199976e-07
    8.5998801515e-03    7.3164102332e-07
    8.6998296902e-03    7.3862202044e-07
    8.7989196181e-03    7.4573898701e-07
    8.8992901146e-03    7.5264097177e-07
    8.9999595657e-03    7.5896997487e-07
    9.0990196913e-03    7.6449401831e-07
    9.1994898394e-03    7.6949902450e-07
    9.2997802421e-03    7.7421600508e-07
    9.3998499215e-03    7.7889598060e-07
    9.4996597618e-03    7.8374000623e-07
    9.5994602889e-03    7.8880498222e-07
    9.6996696666e-03    7.9393998931e-07
    9.7995502874e-03    7.9857301216e-07
    9.8998798057e-03    8.0246798007e-07
    9.9994000047e-03    8.0573397554e-07
    1.0099600069e-02    8.0861099150e-07
    1.0199200362e-02    8.1125000406e-07
    1.0299299844e-02    8.1376902017e-07
    1.0399599560e-02    8.1610198777e-07
    1.0499699973e-02    8.1801300666e-07
    1.0599800386e-02    8.1950202002e-07
    1.0700000450e-02    8.2085301756e-07
    1.0799500160e-02    8.2223101572e-07
    1.0899400339e-02    8.2351198216e-07
    1.0999600403e-02    8.2445501448e-07
    1.1099499650e-02    8.2519397893e-07
    1.1199899949e-02    8.2597000528e-07
    1.1299300008e-02    8.2658499423e-07
    1.1399899609e-02    8.2689399505e-07
    1.1499200016e-02    8.2683999381e-07
    1.1599300429e-02    8.2641798826e-07
    1.1699199677e-02    8.2549598801e-07
    1.1799300089e-02    8.2408001845e-07
    1.1899099685e-02    8.2239500898e-07
    1.1999900453e-02    8.2045602312e-07
    1.2099999934e-02    8.1828898146e-07
    1.2199499644e-02    8.1600597923e-07
    1.2299699709e-02    8.1367198845e-07
    1.2399899773e-02    8.1129502405e-07
    1.2500000186e-02    8.0887798504e-07
    1.2599799782e-02    8.0654399426e-07
    1.2699400075e-02    8.0438400119e-07
    1.2799600139e-02    8.0236600297e-07
    1.2899300084e-02    8.0042099171e-07
    1.2999599800e-02    7.9841800016e-07
    1.3099400327e-02    7.9633497307e-07
    1.3199600391e-02    7.9416901144e-07
    1.3299800456e-02    7.9185701907e-07
    1.3399999589e-02    7.8934601788e-07
    1.3499500230e-02    7.8675401483e-07
    1.3599700294e-02    7.8415297367e-07
    1.3699599542e-02    7.8150299032e-07
    1.3799100183e-02    7.7882697269e-07
    1.3899699785e-02    7.7623002426e-07
    1.3999599963e-02    7.7380201446e-07
    1.4099899679e-02    7.7138702181e-07
    1.4199499972e-02    7.6895400980e-07
    1.4299900271e-02    7.6652997905e-07
    1.4399800450e-02    7.6419098605e-07
    1.4499899931e-02    7.6195402698e-07
    1.4600000344e-02    7.5986400816e-07
    1.4699099585e-02    7.5792701182e-07
    1.4799499884e-02    7.5604799576e-07
    1.4899699949e-02    7.5420200574e-07
    1.4999800362e-02    7.5241399600e-07
    1.5099899843e-02    7.5077298334e-07
    1.5200000256e-02    7.4935900329e-07
    1.5298999846e-02    7.4816000506e-07
    1.5399799682e-02    7.4701500807e-07
    1.5499699861e-02    7.4586398568e-07
    1.5599399805e-02    7.4472097822e-07
    1.5699600801e-02    7.4358200663e-07
    1.5799500048e-02    7.4238499792e-07
    1.5899799764e-02    7.4105099657e-07
    1.5999399126e-02    7.3955902735e-07
    1.6099600121e-02    7.3784798360e-07
    1.6199499369e-02    7.3593702155e-07
    1.6299700364e-02    7.3388798683e-07
    1.6399899498e-02    7.3178597404e-07
    1.6499800608e-02    7.2968799714e-07
    1.6599699855e-02    7.2761201864e-07
    1.6699599102e-02    7.2556798614e-07
    1.6799600795e-02    7.2355300063e-07
    1.6899300739e-02    7.2160497666e-07
    1.6999099404e-02    7.1977399330e-07
    1.7098799348e-02    7.1808801749e-07
    1.7200000584e-02    7.1650498512e-07
    1.7299300060e-02    7.1502597621e-07
    1.7400000244e-02    7.1355202635e-07
    1.7499800771e-02    7.1206397934e-07
    1.7599599436e-02    7.1052397743e-07
    1.7699299380e-02    7.0892002668e-07
    1.7798999324e-02    7.0725002388e-07
    1.7898799852e-02    7.0548497888e-07
    1.7999300733e-02    7.0357600634e-07
    1.8099799752e-02    7.0150400688e-07
    1.8199900165e-02    6.9930001700e-07
    1.8299600109e-02    6.9700399763e-07
    1.8399400637e-02    6.9465602337e-07
    1.8499199301e-02    6.9229099608e-07
    1.8598899245e-02    6.8991101898e-07
    1.8699899316e-02    6.8746902571e-07
    1.8799500540e-02    6.8501299211e-07
    1.8899299204e-02    6.8250000140e-07
    1.8998999149e-02    6.7995500785e-07
    1.9099500030e-02    6.7738301368e-07
    1.9199199975e-02    6.7485700583e-07
    1.9299000502e-02    6.7239602686e-07
    1.9400000572e-02    6.7000098625e-07
    1.9499700516e-02    6.6775902496e-07
    1.9599499181e-02    6.6565797852e-07
    1.9699299708e-02    6.6370802188e-07
    1.9798999652e-02    6.6192700388e-07
    1.9898800179e-02    6.6032299628e-07
    1.9999800250e-02    6.5887201117e-07
    2.0099600777e-02    6.5757700440e-07
    2.0199300721e-02    6.5637897251e-07
    2.0299099386e-02    6.5523397552e-07
    2.0398899913e-02    6.5410802108e-07
    2.0499899983e-02    6.5296097773e-07
    2.0599599928e-02    6.5179898456e-07
    2.0699400455e-02    6.5059498411e-07
    2.0799199119e-02    6.4934801003e-07
    2.0898999646e-02    6.4806101818e-07
    2.0999899134e-02    6.4671297650e-07
    2.1099699661e-02    6.4534901867e-07
    2.1199500188e-02    6.4398699351e-07
    2.1299300715e-02    6.4268101596e-07
    2.1399000660e-02    6.4145700662e-07
    2.1498799324e-02    6.4031399916e-07
    2.1599799395e-02    6.3922897198e-07
    2.1699599922e-02    6.3821897811e-07
    2.1799400449e-02    6.3728100486e-07
    2.1899100393e-02    6.3642499981e-07
    2.1998900920e-02    6.3564698394e-07
    2.2099899128e-02    6.3493001790e-07
    2.2199699655e-02    6.3426801944e-07
    2.2299399599e-02    6.3362000446e-07
    2.2399200127e-02    6.3297602537e-07
    2.2499000654e-02    6.3236399228e-07
    2.2600000724e-02    6.3180402776e-07
    2.2699799389e-02    6.3129499495e-07
    2.2799499333e-02    6.3077800405e-07
    2.2899299860e-02    6.3019297158e-07
    2.2999100387e-02    6.2950897473e-07
    2.3098800331e-02    6.2872902618e-07
    2.3199800402e-02    6.2786801891e-07
    2.3299600929e-02    6.2696602754e-07
    2.3399399593e-02    6.2600400952e-07
    2.3499200121e-02    6.2495200837e-07
    2.3598900065e-02    6.2379501742e-07
    2.3699900135e-02    6.2251797317e-07
    2.3799799383e-02    6.2117999278e-07
    2.3899100721e-02    6.1981501176e-07
    2.3998999968e-02    6.1841700472e-07
    2.4099500850e-02    6.1698199261e-07
    2.4199299514e-02    6.1551901354e-07
    2.4299500510e-02    6.1401499352e-07
    2.4399299175e-02    6.1249198779e-07
    2.4499099702e-02    6.1096301351e-07
    2.4598799646e-02    6.0944898905e-07
    2.4699799716e-02    6.0793297507e-07
    2.4799600244e-02    6.0642497601e-07
    2.4899400771e-02    6.0487701603e-07
    2.4999199435e-02    6.0326300400e-07
    2.5098999962e-02    6.0157498183e-07
    2.5200000033e-02    5.9981300637e-07
    2.5299699977e-02    5.9803602426e-07
    2.5399699807e-02    5.9622402659e-07
    2.5499500334e-02    5.9437797972e-07
    2.5599200279e-02    5.9249498463e-07
    2.5699000806e-02    5.9057498447e-07
    2.5798799470e-02    5.8861098751e-07
    2.5900000706e-02    5.8656797819e-07
    2.5999600068e-02    5.8448500795e-07
    2.6099100709e-02    5.8230597233e-07
    2.6199400425e-02    5.7999500314e-07
    2.6299299672e-02    5.7760598793e-07
    2.6399500668e-02    5.7517701180e-07
    2.6499699801e-02    5.7277401311e-07
    2.6599600911e-02    5.7044002233e-07
    2.6699300855e-02    5.6818998928e-07
    2.6799799874e-02    5.6600401876e-07
    2.6899699122e-02    5.6391900216e-07
    2.6999600232e-02    5.6191998965e-07
    2.7099799365e-02    5.5999299775e-07
    2.7200000361e-02    5.5811199218e-07
    2.7299499139e-02    5.5623797834e-07
    2.7399700135e-02    5.5429001122e-07
    2.7499899268e-02    5.5225001461e-07
    2.7599500492e-02    5.5013100564e-07
    2.7699800208e-02    5.4792002402e-07
    2.7799399570e-02    5.4568101859e-07
    2.7899600565e-02    5.4340199540e-07
    2.7999799699e-02    5.4112501857e-07
    2.8099300340e-02    5.3885901252e-07
    2.8199499473e-02    5.3654702015e-07
    2.8299400583e-02    5.3419302048e-07
    2.8399700299e-02    5.3176597703e-07
    2.8499500826e-02    5.2927299521e-07
    2.8599699959e-02    5.2667002137e-07
    2.8699999675e-02    5.2397501804e-07
    2.8799800202e-02    5.2123402838e-07
    2.8899600729e-02    5.1846598126e-07
    2.8999200091e-02    5.1571697668e-07
    2.9099300504e-02    5.1299099368e-07
    2.9199600220e-02    5.1032401416e-07
    2.9299799353e-02    5.0774502824e-07
    2.9399100691e-02    5.0527398798e-07
    2.9499899596e-02    5.0283301789e-07
    2.9599599540e-02    5.0044701538e-07
    2.9699800536e-02    4.9804799573e-07
    2.9799800366e-02    4.9562601134e-07
    2.9899699613e-02    4.9314598982e-07
    2.9999900609e-02    4.9058502327e-07
