       301
    0.0000000000e+00    0.0000000000e+00
    9.9796299764e-05    0.0000000000e+00
    1.9923200307e-04    1.0986600074e-08
    2.9902800452e-04    2.8353399628e-08
    3.9882300189e-04    4.6235001605e-08
    4.9983500503e-04    6.4334997774e-08
    5.9963000240e-04    8.2199797191e-08
    6.9942302071e-04    9.9998899827e-08
    7.9921598081e-04    1.1776899811e-07
    8.9900899911e-04    1.3572200430e-07
    9.9880003836e-04    1.5382100571e-07
    1.0998100042e-03    1.7230800609e-07
    1.1996000540e-03    1.9086600389e-07
    1.2993899873e-03    2.0979899773e-07
    1.3991700253e-03    2.2904200137e-07
    1.4989400515e-03    2.4874398719e-07
    1.5999299940e-03    2.6898800343e-07
    1.6997000203e-03    2.8942301356e-07
    1.7994700465e-03    3.1042299042e-07
    1.8992299447e-03    3.3201598626e-07
    1.9990000874e-03    3.5411599697e-07
    2.0999799017e-03    3.7691899024e-07
    2.1997399163e-03    3.9970498733e-07
    2.2994899191e-03    4.2252599997e-07
    2.3992399219e-03    4.4504301400e-07
    2.4989699014e-03    4.6704400347e-07
    2.5999199133e-03    4.8868400881e-07
    2.6996498927e-03    5.0928298378e-07
    2.7993801050e-03    5.2895802582e-07
    2.8991100844e-03    5.4762000445e-07
    2.9988300521e-03    5.6529501080e-07
    3.0997600406e-03    5.8216699017e-07
    3.1994699966e-03    5.9793597984e-07
    3.2991799526e-03    6.1291399334e-07
    3.3988798968e-03    6.2730799755e-07
    3.4988799598e-03    6.4137401523e-07
    3.5997300874e-03    6.5526097615e-07
    3.6994200200e-03    6.6873400328e-07
    3.7991199642e-03    6.8209101300e-07
    3.8988098968e-03    6.9556398330e-07
    3.9997198619e-03    7.0961800702e-07
    4.0994100273e-03    7.2411097563e-07
    4.1998499073e-03    7.3958500479e-07
    4.2995400727e-03    7.5600098626e-07
    4.3992297724e-03    7.7351899108e-07
    4.4997301884e-03    7.9216999893e-07
    4.5994301327e-03    8.1145401509e-07
    4.6991198324e-03    8.3125502215e-07
    4.7991098836e-03    8.5128800720e-07
    4.8991697840e-03    8.7088602641e-07
    4.9989097752e-03    8.8939799525e-07
    5.0995298661e-03    9.0670897634e-07
    5.1992097870e-03    9.2237797844e-07
    5.2994498983e-03    9.3668398904e-07
    5.3996299393e-03    9.4972699571e-07
    5.4993601516e-03    9.6180201581e-07
    5.5995602161e-03    9.7348197414e-07
    5.6999400258e-03    9.8505097412e-07
    5.7998499833e-03    9.9580995538e-07
    5.8988300152e-03    7.8394598389e+02
    5.9998501092e-03    8.6375897217e+02
    6.0998299159e-03    2.9565100098e+02
    6.1999601312e-03    9.9901399153e-07
    6.2991799787e-03    9.9647695606e-07
    6.3993800431e-03    9.9350404525e-07
    6.4995200373e-03    9.8999998954e-07
    6.5998598002e-03    9.8645898561e-07
    6.6990898922e-03    9.8237603652e-07
    6.7999497987e-03    9.7833503787e-07
    6.8994001485e-03    9.7385498066e-07
    6.9994498044e-03    9.6876794942e-07
    7.0998999290e-03    9.6348696843e-07
    7.1988701820e-03    9.5797099675e-07
    7.2998302057e-03    9.5214500107e-07
    7.3992698453e-03    9.4634401648e-07
    7.4999900535e-03    9.3976501603e-07
    7.5999400578e-03    9.3371602361e-07
    7.6996101998e-03    9.2868498314e-07
    7.7994000167e-03    9.2424102149e-07
    7.8994100913e-03    9.2056302492e-07
    7.9989396036e-03    9.1761398835e-07
    8.0998800695e-03    9.1469200925e-07
    8.1994403154e-03    9.1187098405e-07
    8.2994299009e-03    9.0851801815e-07
    8.3999102935e-03    9.0456899215e-07
    8.4998002276e-03    9.0092197524e-07
    8.5998801515e-03    8.9814199100e-07
    8.6998296902e-03    8.9597801889e-07
    8.7989196181e-03    8.9419000915e-07
    8.8992901146e-03    8.9268098691e-07
    8.9999595657e-03    8.9122698910e-07
    9.0990196913e-03    8.8975599510e-07
    9.1994898394e-03    8.8810202215e-07
    9.2997802421e-03    8.8579099611e-07
    9.3998499215e-03    8.8271201548e-07
    9.4996597618e-03    8.7900201606e-07
    9.5994602889e-03    8.7487802602e-07
    9.6996696666e-03    8.7088500322e-07
    9.7995502874e-03    8.6749201955e-07
    9.8998798057e-03    8.6452899950e-07
    9.9994000047e-03    8.6210798145e-07
    1.0099600069e-02    8.6040500946e-07
    1.0199200362e-02    8.5947601747e-07
    1.0299299844e-02    8.5905202241e-07
    1.0399599560e-02    8.5888001422e-07
    1.0499699973e-02    8.5888598278e-07
    1.0599800386e-02    8.5882402345e-07
    1.0700000450e-02    8.5873000444e-07
    1.0799500160e-02    8.5883897327e-07
    1.0899400339e-02    8.5924699533e-07
    1.0999600403e-02    8.6001898580e-07
    1.1099499650e-02    8.6122298626e-07
    1.1199899949e-02    8.6271199962e-07
    1.1299300008e-02    8.6425302470e-07
    1.1399899609e-02    8.6557702161e-07
    1.1499200016e-02    8.6658502596e-07
    1.1599300429e-02    8.6721900061e-07
    1.1699199677e-02    8.6730398152e-07
    1.1799300089e-02    8.6693097501e-07
    1.1899099685e-02    8.6641398411e-07
    1.1999900453e-02    8.6594900495e-07
    1.2099999934e-02    8.6570099711e-07
    1.2199499644e-02    8.6579598246e-07
    1.2299699709e-02    8.6600999794e-07
    1.2399899773e-02    8.6622702611e-07
    1.2500000186e-02    8.6641398411e-07
    1.2599799782e-02    8.6649902187e-07
    1.2699400075e-02    8.6648202569e-07
    1.2799600139e-02    8.6642199904e-07
    1.2899300084e-02    8.6643200348e-07
    1.2999599800e-02    8.6655700215e-07
    1.3099400327e-02    8.6669399479e-07
    1.3199600391e-02    8.6678801381e-07
    1.3299800456e-02    8.6698702262e-07
    1.3399999589e-02    8.6750901573e-07
    1.3499500230e-02    8.6841498614e-07
    1.3599700294e-02    8.6955401457e-07
    1.3699599542e-02    8.7066501919e-07
    1.3799100183e-02    8.7170798224e-07
    1.3899699785e-02    8.7278300498e-07
    1.3999599963e-02    8.7391100578e-07
    1.4099899679e-02    8.7504997737e-07
    1.4199499972e-02    8.7603899601e-07
    1.4299900271e-02    8.7682502681e-07
    1.4399800450e-02    8.7742097321e-07
    1.4499899931e-02    8.7797002379e-07
    1.4600000344e-02    8.7850997943e-07
    1.4699099585e-02    8.7895301704e-07
    1.4799499884e-02    8.7923700676e-07
    1.4899699949e-02    8.7934898829e-07
    1.4999800362e-02    8.7936700766e-07
    1.5099899843e-02    8.7933500481e-07
    1.5200000256e-02    8.7927600134e-07
    1.5298999846e-02    8.7919198677e-07
    1.5399799682e-02    8.7903902113e-07
    1.5499699861e-02    8.7881699073e-07
    1.5599399805e-02    8.7854601816e-07
    1.5699600801e-02    8.7825497985e-07
    1.5799500048e-02    8.7800202664e-07
    1.5899799764e-02    8.7781097591e-07
    1.5999399126e-02    8.7773400992e-07
    1.6099600121e-02    8.7780199465e-07
    1.6199499369e-02    8.7799298853e-07
    1.6299700364e-02    8.7824702177e-07
    1.6399899498e-02    8.7842101948e-07
    1.6499800608e-02    8.7837798901e-07
    1.6599699855e-02    8.7805500470e-07
    1.6699599102e-02    8.7747901034e-07
    1.6799600795e-02    8.7667501703e-07
    1.6899300739e-02    8.7566098728e-07
    1.6999099404e-02    8.7444198016e-07
    1.7098799348e-02    8.7309700803e-07
    1.7200000584e-02    8.7163300577e-07
    1.7299300060e-02    8.7016098860e-07
    1.7400000244e-02    8.6870397809e-07
    1.7499800771e-02    8.6727101234e-07
    1.7599599436e-02    8.6578899072e-07
    1.7699299380e-02    8.6419800027e-07
    1.7798999324e-02    8.6244898512e-07
    1.7898799852e-02    8.6053501036e-07
    1.7999300733e-02    8.5845101694e-07
    1.8099799752e-02    8.5618898993e-07
    1.8199900165e-02    8.5373898173e-07
    1.8299600109e-02    8.5113799742e-07
    1.8399400637e-02    8.4846499249e-07
    1.8499199301e-02    8.4578999804e-07
    1.8598899245e-02    8.4314700644e-07
    1.8699899316e-02    8.4052601323e-07
    1.8799500540e-02    8.3799102413e-07
    1.8899299204e-02    8.3549201690e-07
    1.8998999149e-02    8.3302501253e-07
    1.9099500030e-02    8.3058097289e-07
    1.9199199975e-02    8.2816501390e-07
    1.9299000502e-02    8.2567800064e-07
    1.9400000572e-02    8.2303898807e-07
    1.9499700516e-02    8.2030300064e-07
    1.9599499181e-02    8.1745599800e-07
    1.9699299708e-02    8.1450900780e-07
    1.9798999652e-02    8.1144901287e-07
    1.9898800179e-02    8.0826197291e-07
    1.9999800250e-02    8.0491201970e-07
    2.0099600777e-02    8.0152699411e-07
    2.0199300721e-02    7.9811002252e-07
    2.0299099386e-02    7.9470697756e-07
    2.0398899913e-02    7.9136202658e-07
    2.0499899983e-02    7.8806499459e-07
    2.0599599928e-02    7.8492797684e-07
    2.0699400455e-02    7.8194898379e-07
    2.0799199119e-02    7.7916200780e-07
    2.0898999646e-02    7.7655897712e-07
    2.0999899134e-02    7.7404001786e-07
    2.1099699661e-02    7.7156897760e-07
    2.1199500188e-02    7.6902500723e-07
    2.1299300715e-02    7.6632301216e-07
    2.1399000660e-02    7.6344900890e-07
    2.1498799324e-02    7.6046802633e-07
    2.1599799395e-02    7.5746498851e-07
    2.1699599922e-02    7.5461298366e-07
    2.1799400449e-02    7.5191297810e-07
    2.1899100393e-02    7.4936497185e-07
    2.1998900920e-02    7.4694497698e-07
    2.2099899128e-02    7.4457500432e-07
    2.2199699655e-02    7.4224897162e-07
    2.2299399599e-02    7.3987297355e-07
    2.2399200127e-02    7.3739602158e-07
    2.2499000654e-02    7.3478099694e-07
    2.2600000724e-02    7.3195997174e-07
    2.2699799389e-02    7.2902901138e-07
    2.2799499333e-02    7.2605001833e-07
    2.2899299860e-02    7.2312002430e-07
    2.2999100387e-02    7.2032497656e-07
    2.3098800331e-02    7.1771597732e-07
    2.3199800402e-02    7.1529200341e-07
    2.3299600929e-02    7.1310302019e-07
    2.3399399593e-02    7.1109201372e-07
    2.3499200121e-02    7.0921100814e-07
    2.3598900065e-02    7.0740901492e-07
    2.3699900135e-02    7.0561100074e-07
    2.3799799383e-02    7.0380900752e-07
    2.3899100721e-02    7.0199001811e-07
    2.3998999968e-02    7.0018097631e-07
    2.4099500850e-02    6.9842997164e-07
    2.4199299514e-02    6.9679299486e-07
    2.4299500510e-02    6.9523997581e-07
    2.4399299175e-02    6.9376000056e-07
    2.4499099702e-02    6.9232800115e-07
    2.4598799646e-02    6.9091299792e-07
    2.4699799716e-02    6.8949202614e-07
    2.4799600244e-02    6.8810902576e-07
    2.4899400771e-02    6.8674501108e-07
    2.4999199435e-02    6.8538901132e-07
    2.5098999962e-02    6.8402698616e-07
    2.5200000033e-02    6.8267502229e-07
    2.5299699977e-02    6.8141901011e-07
    2.5399699807e-02    6.8029800104e-07
    2.5499500334e-02    6.7934900017e-07
    2.5599200279e-02    6.7856797159e-07
    2.5699000806e-02    6.7793700964e-07
    2.5798799470e-02    6.7742797683e-07
    2.5900000706e-02    6.7699397732e-07
    2.5999600068e-02    6.7662398351e-07
    2.6099100709e-02    6.7627900080e-07
    2.6199400425e-02    6.7593299491e-07
    2.6299299672e-02    6.7556197791e-07
    2.6399500668e-02    6.7514298507e-07
    2.6499699801e-02    6.7469500209e-07
    2.6599600911e-02    6.7425798989e-07
    2.6699300855e-02    6.7387401259e-07
    2.6799799874e-02    6.7357797207e-07
    2.6899699122e-02    6.7337799692e-07
    2.6999600232e-02    6.7324600650e-07
    2.7099799365e-02    6.7312402052e-07
    2.7200000361e-02    6.7298702788e-07
    2.7299499139e-02    6.7282701366e-07
    2.7399700135e-02    6.7264898007e-07
    2.7499899268e-02    6.7244599222e-07
    2.7599500492e-02    6.7221498057e-07
    2.7699800208e-02    6.7199601972e-07
    2.7799399570e-02    6.7181497343e-07
    2.7899600565e-02    6.7169497697e-07
    2.7999799699e-02    6.7163898620e-07
    2.8099300340e-02    6.7162102368e-07
    2.8199499473e-02    6.7162000050e-07
    2.8299400583e-02    6.7158697448e-07
    2.8399700299e-02    6.7148101834e-07
    2.8499500826e-02    6.7130201842e-07
    2.8599699959e-02    6.7107799850e-07
    2.8699999675e-02    6.7083198019e-07
    2.8799800202e-02    6.7058101649e-07
    2.8899600729e-02    6.7032499373e-07
    2.8999200091e-02    6.7007499638e-07
    2.9099300504e-02    6.6982198632e-07
    2.9199600220e-02    6.6957102263e-07
    2.9299799353e-02    6.6930499543e-07
    2.9399100691e-02    6.6901498030e-07
    2.9499899596e-02    6.6870398996e-07
    2.9599599540e-02    6.6837998247e-07
    2.9699800536e-02    6.6806200039e-07
    2.9799800366e-02    6.6775197638e-07
    2.9899699613e-02    6.6746099492e-07
    2.9999900609e-02    6.6722202519e-07
