       301
    0.0000000000e+00    0.0000000000e+00
    9.9796299764e-05    0.0000000000e+00
    1.9923200307e-04    3.7048299983e-09
    2.9902800452e-04    1.3810599775e-08
    3.9882300189e-04    2.4585800062e-08
    4.9983500503e-04    3.5407701660e-08
    5.9963000240e-04    4.6029001055e-08
    6.9942302071e-04    5.6506500812e-08
    7.9921598081e-04    6.6914097374e-08
    8.9900899911e-04    7.7252998665e-08
    9.9880003836e-04    8.7532001203e-08
    1.0998100042e-03    9.7856599268e-08
    1.1996000540e-03    1.0799399774e-07
    1.2993899873e-03    1.1812600320e-07
    1.3991700253e-03    1.2830800245e-07
    1.4989400515e-03    1.3851399672e-07
    1.5999299940e-03    1.4879999810e-07
    1.6997000203e-03    1.5893600391e-07
    1.7994700465e-03    1.6907999623e-07
    1.8992299447e-03    1.7923299822e-07
    1.9990000874e-03    1.8934399293e-07
    2.0999799017e-03    1.9956999608e-07
    2.1997399163e-03    2.0966500358e-07
    2.2994899191e-03    2.1978399900e-07
    2.3992399219e-03    2.2987499904e-07
    2.4989699014e-03    2.4003099952e-07
    2.5999199133e-03    2.5027699735e-07
    2.6996498927e-03    2.6031599987e-07
    2.7993801050e-03    2.7025399163e-07
    2.8991100844e-03    2.8006800790e-07
    2.9988300521e-03    2.8981099831e-07
    3.0997600406e-03    2.9952499858e-07
    3.1994699966e-03    3.0890700486e-07
    3.2991799526e-03    3.1803500633e-07
    3.3988798968e-03    3.2695899677e-07
    3.4988799598e-03    3.3576500869e-07
    3.5997300874e-03    3.4449399777e-07
    3.6994200200e-03    3.5300999457e-07
    3.7991199642e-03    3.6148699678e-07
    3.8988098968e-03    3.6994299535e-07
    3.9997198619e-03    3.7843400946e-07
    4.0994100273e-03    3.8674400571e-07
    4.1998499073e-03    3.9510200622e-07
    4.2995400727e-03    4.0344801278e-07
    4.3992297724e-03    4.1181399979e-07
    4.4997301884e-03    4.2022199409e-07
    4.5994301327e-03    4.2858900429e-07
    4.6991198324e-03    4.3703599317e-07
    4.7991098836e-03    4.4559999424e-07
    4.8991697840e-03    4.5427000828e-07
    4.9989097752e-03    4.6309799018e-07
    5.0995298661e-03    4.7220498800e-07
    5.1992097870e-03    4.8140202580e-07
    5.2994498983e-03    4.9078698794e-07
    5.3996299393e-03    5.0030797638e-07
    5.4993601516e-03    5.0990297495e-07
    5.5995602161e-03    5.1956499192e-07
    5.6999400258e-03    5.2917800986e-07
    5.7998499833e-03    5.3869899830e-07
    5.8988300152e-03    5.4833401464e-07
    5.9998501092e-03    5.5829099210e-07
    6.0998299159e-03    5.6712400465e-07
    6.1999601312e-03    5.7561697986e-07
    6.2991799787e-03    5.8274400772e-07
    6.3993800431e-03    5.8963502170e-07
    6.4995200373e-03    5.9727102553e-07
    6.5998598002e-03    6.0367801780e-07
    6.6990898922e-03    6.0880802266e-07
    6.7999497987e-03    6.1346901248e-07
    6.8994001485e-03    6.1839199361e-07
    6.9994498044e-03    6.2316001959e-07
    7.0998999290e-03    6.2756299712e-07
    7.1988701820e-03    6.3295198061e-07
    7.2998302057e-03    6.3946697537e-07
    7.3992698453e-03    6.4588601845e-07
    7.4999900535e-03    6.5198298671e-07
    7.5999400578e-03    6.5789100745e-07
    7.6996101998e-03    6.6447097424e-07
    7.7994000167e-03    6.7171902174e-07
    7.8994100913e-03    6.7931199510e-07
    7.9989396036e-03    6.8705202239e-07
    8.0998800695e-03    6.9497900768e-07
    8.1994403154e-03    7.0282101206e-07
    8.2994299009e-03    7.1050800443e-07
    8.3999102935e-03    7.1796000611e-07
    8.4998002276e-03    7.2496999337e-07
    8.5998801515e-03    7.3171497661e-07
    8.6998296902e-03    7.3867801120e-07
    8.7989196181e-03    7.4577098985e-07
    8.8992901146e-03    7.5264802035e-07
    8.9999595657e-03    7.5895297869e-07
    9.0990196913e-03    7.6445400055e-07
    9.1994898394e-03    7.6943700833e-07
    9.2997802421e-03    7.7413199051e-07
    9.3998499215e-03    7.7877700733e-07
    9.4996597618e-03    7.8359397548e-07
    9.5994602889e-03    7.8866099784e-07
    9.6996696666e-03    7.9378497730e-07
    9.7995502874e-03    7.9842300238e-07
    9.8998798057e-03    8.0232598521e-07
    9.9994000047e-03    8.0559198068e-07
    1.0099600069e-02    8.0847598838e-07
    1.0199200362e-02    8.1111801364e-07
    1.0299299844e-02    8.1363697291e-07
    1.0399599560e-02    8.1597801227e-07
    1.0499699973e-02    8.1790199147e-07
    1.0599800386e-02    8.1939299434e-07
    1.0700000450e-02    8.2074501506e-07
    1.0799500160e-02    8.2212000052e-07
    1.0899400339e-02    8.2339897745e-07
    1.0999600403e-02    8.2435201421e-07
    1.1099499650e-02    8.2510001675e-07
    1.1199899949e-02    8.2587098404e-07
    1.1299300008e-02    8.2648301714e-07
    1.1399899609e-02    8.2678099034e-07
    1.1499200016e-02    8.2671800783e-07
    1.1599300429e-02    8.2629298959e-07
    1.1699199677e-02    8.2537297885e-07
    1.1799300089e-02    8.2395501977e-07
    1.1899099685e-02    8.2227302300e-07
    1.1999900453e-02    8.2034000570e-07
    1.2099999934e-02    8.1816801867e-07
    1.2199499644e-02    8.1588399325e-07
    1.2299699709e-02    8.1355102566e-07
    1.2399899773e-02    8.1117201489e-07
    1.2500000186e-02    8.0875497588e-07
    1.2599799782e-02    8.0641797240e-07
    1.2699400075e-02    8.0424899807e-07
    1.2799600139e-02    8.0222298493e-07
    1.2899300084e-02    8.0027302829e-07
    1.2999599800e-02    7.9827401578e-07
    1.3099400327e-02    7.9620298266e-07
    1.3199600391e-02    7.9405202769e-07
    1.3299800456e-02    7.9174498069e-07
    1.3399999589e-02    7.8923500269e-07
    1.3499500230e-02    7.8664697867e-07
    1.3599700294e-02    7.8404997339e-07
    1.3699599542e-02    7.8140499227e-07
    1.3799100183e-02    7.7873102100e-07
    1.3899699785e-02    7.7613100302e-07
    1.3999599963e-02    7.7369702467e-07
    1.4099899679e-02    7.7127901932e-07
    1.4199499972e-02    7.6884600730e-07
    1.4299900271e-02    7.6642697877e-07
    1.4399800450e-02    7.6409799021e-07
    1.4499899931e-02    7.6187399145e-07
    1.4600000344e-02    7.5978999803e-07
    1.4699099585e-02    7.5785402487e-07
    1.4799499884e-02    7.5597699833e-07
    1.4899699949e-02    7.5412901879e-07
    1.4999800362e-02    7.5233901953e-07
    1.5099899843e-02    7.5069800687e-07
    1.5200000256e-02    7.4928897220e-07
    1.5298999846e-02    7.4809798889e-07
    1.5399799682e-02    7.4696100683e-07
    1.5499699861e-02    7.4581600984e-07
    1.5599399805e-02    7.4466998967e-07
    1.5699600801e-02    7.4352499269e-07
    1.5799500048e-02    7.4232002589e-07
    1.5899799764e-02    7.4097499692e-07
    1.5999399126e-02    7.3946699786e-07
    1.6099600121e-02    7.3773799159e-07
    1.6199499369e-02    7.3580997650e-07
    1.6299700364e-02    7.3374400245e-07
    1.6399899498e-02    7.3162897252e-07
    1.6499800608e-02    7.2952400387e-07
    1.6599699855e-02    7.2744001045e-07
    1.6699599102e-02    7.2538597351e-07
    1.6799600795e-02    7.2336200674e-07
    1.6899300739e-02    7.2141102692e-07
    1.6999099404e-02    7.1958100989e-07
    1.7098799348e-02    7.1790202583e-07
    1.7200000584e-02    7.1632598519e-07
    1.7299300060e-02    7.1484998898e-07
    1.7400000244e-02    7.1337501595e-07
    1.7499800771e-02    7.1188799211e-07
    1.7599599436e-02    7.1035299243e-07
    1.7699299380e-02    7.0875802294e-07
    1.7798999324e-02    7.0710302680e-07
    1.7898799852e-02    7.0535401164e-07
    1.7999300733e-02    7.0345799941e-07
    1.8099799752e-02    7.0139702757e-07
    1.8199900165e-02    6.9920099577e-07
    1.8299600109e-02    6.9691202498e-07
    1.8399400637e-02    6.9457200880e-07
    1.8499199301e-02    6.9221397325e-07
    1.8598899245e-02    6.8984297741e-07
    1.8699899316e-02    6.8741002224e-07
    1.8799500540e-02    6.8496501626e-07
    1.8899299204e-02    6.8246498586e-07
    1.8998999149e-02    6.7993499897e-07
    1.9099500030e-02    6.7737499876e-07
    1.9199199975e-02    6.7486001853e-07
    1.9299000502e-02    6.7240500812e-07
    1.9400000572e-02    6.7001201387e-07
    1.9499700516e-02    6.6776999574e-07
    1.9599499181e-02    6.6566701662e-07
    1.9699299708e-02    6.6371597995e-07
    1.9798999652e-02    6.6193501880e-07
    1.9898800179e-02    6.6033101120e-07
    1.9999800250e-02    6.5887599021e-07
    2.0099600777e-02    6.5757501488e-07
    2.0199300721e-02    6.5636800173e-07
    2.0299099386e-02    6.5521197712e-07
    2.0398899913e-02    6.5407101602e-07
    2.0499899983e-02    6.5290998918e-07
    2.0599599928e-02    6.5173600206e-07
    2.0699400455e-02    6.5052000764e-07
    2.0799199119e-02    6.4926297227e-07
    2.0898999646e-02    6.4796802235e-07
    2.0999899134e-02    6.4661298893e-07
    2.1099699661e-02    6.4524300569e-07
    2.1199500188e-02    6.4387802468e-07
    2.1299300715e-02    6.4257199028e-07
    2.1399000660e-02    6.4134900413e-07
    2.1498799324e-02    6.4021298840e-07
    2.1599799395e-02    6.3913802251e-07
    2.1699599922e-02    6.3814201212e-07
    2.1799400449e-02    6.3722001187e-07
    2.1899100393e-02    6.3638202619e-07
    2.1998900920e-02    6.3562600872e-07
    2.2099899128e-02    6.3493297375e-07
    2.2199699655e-02    6.3429899910e-07
    2.2299399599e-02    6.3368099745e-07
    2.2399200127e-02    6.3306998754e-07
    2.2499000654e-02    6.3249501636e-07
    2.2600000724e-02    6.3197501277e-07
    2.2699799389e-02    6.3150702090e-07
    2.2799499333e-02    6.3103601633e-07
    2.2899299860e-02    6.3050600829e-07
    2.2999100387e-02    6.2988402760e-07
    2.3098800331e-02    6.2917501964e-07
    2.3199800402e-02    6.2838802251e-07
    2.3299600929e-02    6.2755799490e-07
    2.3399399593e-02    6.2666498479e-07
    2.3499200121e-02    6.2567698933e-07
    2.3598900065e-02    6.2457598915e-07
    2.3699900135e-02    6.2335499251e-07
    2.3799799383e-02    6.2207197971e-07
    2.3899100721e-02    6.2076600216e-07
    2.3998999968e-02    6.1943700302e-07
    2.4099500850e-02    6.1808697183e-07
    2.4199299514e-02    6.1671897811e-07
    2.4299500510e-02    6.1530300854e-07
    2.4399299175e-02    6.1385901517e-07
    2.4499099702e-02    6.1238699800e-07
    2.4598799646e-02    6.1090099734e-07
    2.4699799716e-02    6.0939197510e-07
    2.4799600244e-02    6.0788801193e-07
    2.4899400771e-02    6.0635198906e-07
    2.4999199435e-02    6.0476799035e-07
    2.5098999962e-02    6.0313698214e-07
    2.5200000033e-02    6.0145998759e-07
    2.5299699977e-02    5.9977600131e-07
    2.5399699807e-02    5.9804699504e-07
    2.5499500334e-02    5.9626597704e-07
    2.5599200279e-02    5.9441697431e-07
    2.5699000806e-02    5.9249902051e-07
    2.5798799470e-02    5.9051399148e-07
    2.5900000706e-02    5.8843198758e-07
    2.5999600068e-02    5.8630399735e-07
    2.6099100709e-02    5.8408397763e-07
    2.6199400425e-02    5.8175299955e-07
    2.6299299672e-02    5.7937097608e-07
    2.6399500668e-02    5.7697599232e-07
    2.6499699801e-02    5.7462597169e-07
    2.6599600911e-02    5.7234899487e-07
    2.6699300855e-02    5.7014301547e-07
    2.6799799874e-02    5.6797699699e-07
    2.6899699122e-02    5.6587697372e-07
    2.6999600232e-02    5.6382998537e-07
    2.7099799365e-02    5.6183000652e-07
    2.7200000361e-02    5.5985998415e-07
    2.7299499139e-02    5.5789399767e-07
    2.7399700135e-02    5.5587099723e-07
    2.7499899268e-02    5.5378001207e-07
    2.7599500492e-02    5.5164099422e-07
    2.7699800208e-02    5.4943200212e-07
    2.7799399570e-02    5.4719401987e-07
    2.7899600565e-02    5.4488799606e-07
    2.7999799699e-02    5.4255497162e-07
    2.8099300340e-02    5.4021597862e-07
    2.8199499473e-02    5.3781400311e-07
    2.8299400583e-02    5.3537098665e-07
    2.8399700299e-02    5.3287402579e-07
    2.8499500826e-02    5.3034500525e-07
    2.8599699959e-02    5.2773697234e-07
    2.8699999675e-02    5.2506402426e-07
    2.8799800202e-02    5.2234497616e-07
    2.8899600729e-02    5.1957397318e-07
    2.8999200091e-02    5.1679000990e-07
    2.9099300504e-02    5.1399797485e-07
    2.9199600220e-02    5.1124197853e-07
    2.9299799353e-02    5.0854902156e-07
    2.9399100691e-02    5.0594900358e-07
    2.9499899596e-02    5.0338002211e-07
    2.9599599540e-02    5.0089397519e-07
    2.9699800536e-02    4.9843600891e-07
    2.9799800366e-02    4.9599401564e-07
    2.9899699613e-02    4.9352098586e-07
    2.9999900609e-02    4.9098599675e-07
