       301
    0.0000000000e+00    0.0000000000e+00
    9.9796299764e-05    0.0000000000e+00
    1.9923200307e-04    5.2259099825e-11
    2.9902800452e-04    3.6254399483e-09
    3.9882300189e-04    8.9617602228e-09
    4.9983500503e-04    1.4517599567e-08
    5.9963000240e-04    1.9820099340e-08
    6.9942302071e-04    2.4978799473e-08
    7.9921598081e-04    3.0061201528e-08
    8.9900899911e-04    3.4971801455e-08
    9.9880003836e-04    3.9689400211e-08
    1.0998100042e-03    4.4307100211e-08
    1.1996000540e-03    4.8721098267e-08
    1.2993899873e-03    5.3172698244e-08
    1.3991700253e-03    5.7638398943e-08
    1.4989400515e-03    6.2095601550e-08
    1.5999299940e-03    6.6441700142e-08
    1.6997000203e-03    7.0532102825e-08
    1.7994700465e-03    7.4485200230e-08
    1.8992299447e-03    7.8175702356e-08
    1.9990000874e-03    8.1607296920e-08
    2.0999799017e-03    8.4826197622e-08
    2.1997399163e-03    8.7919197256e-08
    2.2994899191e-03    9.0960099897e-08
    2.3992399219e-03    9.3883599561e-08
    2.4989699014e-03    9.6700496499e-08
    2.5999199133e-03    9.9372101658e-08
    2.6996498927e-03    1.0166999687e-07
    2.7993801050e-03    1.0366500192e-07
    2.8991100844e-03    1.0557400287e-07
    2.9988300521e-03    1.0731100275e-07
    3.0997600406e-03    1.0877400314e-07
    3.1994699966e-03    1.0994099853e-07
    3.2991799526e-03    1.1087300322e-07
    3.3988798968e-03    1.1142999767e-07
    3.4988799598e-03    1.1154700275e-07
    3.5997300874e-03    1.1145699830e-07
    3.6994200200e-03    1.1135600175e-07
    3.7991199642e-03    1.1130200051e-07
    3.8988098968e-03    1.1120499721e-07
    3.9997198619e-03    1.1109899845e-07
    4.0994100273e-03    1.1100500075e-07
    4.1998499073e-03    1.1079200135e-07
    4.2995400727e-03    1.1044500070e-07
    4.3992297724e-03    1.1010799739e-07
    4.4997301884e-03    1.1006999756e-07
    4.5994301327e-03    1.1051999849e-07
    4.6991198324e-03    1.1154499902e-07
    4.7991098836e-03    1.1333700201e-07
    4.8991697840e-03    1.1610200090e-07
    4.9989097752e-03    1.1973199321e-07
    5.0995298661e-03    1.2406300698e-07
    5.1992097870e-03    1.2890500045e-07
    5.2994498983e-03    1.3428899592e-07
    5.3996299393e-03    1.4011000360e-07
    5.4993601516e-03    1.4611499921e-07
    5.5995602161e-03    1.5215900362e-07
    5.6999400258e-03    1.5818800136e-07
    5.7998499833e-03    1.6413500248e-07
    5.8988300152e-03    1.6977999451e-07
    5.9998501092e-03    1.7552899578e-07
    6.0998299159e-03    1.8157099646e-07
    6.1999601312e-03    1.8817000580e-07
    6.2991799787e-03    1.9355499603e-07
    6.3993800431e-03    1.9678799390e-07
    6.4995200373e-03    1.9859299982e-07
    6.5998598002e-03    2.0072499751e-07
    6.6990898922e-03    1.9931300699e-07
    6.7999497987e-03    1.9786899941e-07
    6.8994001485e-03    1.9776000215e-07
    6.9994498044e-03    1.9501899828e-07
    7.0998999290e-03    1.8799700285e-07
    7.1988701820e-03    1.7894299731e-07
    7.2998302057e-03    1.7066599867e-07
    7.3992698453e-03    1.6535000213e-07
    7.4999900535e-03    1.6338199771e-07
    7.5999400578e-03    1.6379000556e-07
    7.6996101998e-03    1.6525099511e-07
    7.7994000167e-03    1.6614200149e-07
    7.8994100913e-03    1.6518799839e-07
    7.9989396036e-03    1.6278599446e-07
    8.0998800695e-03    1.5882299920e-07
    8.1994403154e-03    1.5351000116e-07
    8.2994299009e-03    1.4741600296e-07
    8.3999102935e-03    1.4079199673e-07
    8.4998002276e-03    1.3383400699e-07
    8.5998801515e-03    1.2696000340e-07
    8.6998296902e-03    1.2103299696e-07
    8.7989196181e-03    1.1614699957e-07
    8.8992901146e-03    1.1183900028e-07
    8.9999595657e-03    1.0850899912e-07
    9.0990196913e-03    1.0624899716e-07
    9.1994898394e-03    1.0466099809e-07
    9.2997802421e-03    1.0359700298e-07
    9.3998499215e-03    1.0231399727e-07
    9.4996597618e-03    1.0013599905e-07
    9.5994602889e-03    9.7218503470e-08
    9.6996696666e-03    9.4050598420e-08
    9.7995502874e-03    9.0936602248e-08
    9.8998798057e-03    8.7706396812e-08
    9.9994000047e-03    8.4351903240e-08
    1.0099600069e-02    8.1173801902e-08
    1.0199200362e-02    7.8934498049e-08
    1.0299299844e-02    7.8193401976e-08
    1.0399599560e-02    7.9081601712e-08
    1.0499699973e-02    8.1355302939e-08
    1.0599800386e-02    8.4840102943e-08
    1.0700000450e-02    8.9714497165e-08
    1.0799500160e-02    9.5971202541e-08
    1.0899400339e-02    1.0311700294e-07
    1.0999600403e-02    1.1030699909e-07
    1.1099499650e-02    1.1703399849e-07
    1.1199899949e-02    1.2351499379e-07
    1.1299300008e-02    1.2938599525e-07
    1.1399899609e-02    1.3433100321e-07
    1.1499200016e-02    1.3826999634e-07
    1.1599300429e-02    1.4190599984e-07
    1.1699199677e-02    1.4571399731e-07
    1.1799300089e-02    1.4972199835e-07
    1.1899099685e-02    1.5356400240e-07
    1.1999900453e-02    1.5726899960e-07
    1.2099999934e-02    1.6114199752e-07
    1.2199499644e-02    1.6537700276e-07
    1.2299699709e-02    1.7035999633e-07
    1.2399899773e-02    1.7630300420e-07
    1.2500000186e-02    1.8280400127e-07
    1.2599799782e-02    1.8938399649e-07
    1.2699400075e-02    1.9563900366e-07
    1.2799600139e-02    2.0157800407e-07
    1.2899300084e-02    2.0711499360e-07
    1.2999599800e-02    2.1191300448e-07
    1.3099400327e-02    2.1577399423e-07
    1.3199600391e-02    2.1868299882e-07
    1.3299800456e-02    2.2072700290e-07
    1.3399999589e-02    2.2229899344e-07
    1.3499500230e-02    2.2368399755e-07
    1.3599700294e-02    2.2502699437e-07
    1.3699599542e-02    2.2646999298e-07
    1.3799100183e-02    2.2802400679e-07
    1.3899699785e-02    2.2969000213e-07
    1.3999599963e-02    2.3150499828e-07
    1.4099899679e-02    2.3358700219e-07
    1.4199499972e-02    2.3590899900e-07
    1.4299900271e-02    2.3832799911e-07
    1.4399800450e-02    2.4050100933e-07
    1.4499899931e-02    2.4219599482e-07
    1.4600000344e-02    2.4331700388e-07
    1.4699099585e-02    2.4382700303e-07
    1.4799499884e-02    2.4389299824e-07
    1.4899699949e-02    2.4384300445e-07
    1.4999800362e-02    2.4407398769e-07
    1.5099899843e-02    2.4490898909e-07
    1.5200000256e-02    2.4616500127e-07
    1.5298999846e-02    2.4745000360e-07
    1.5399799682e-02    2.4855799552e-07
    1.5499699861e-02    2.4945501309e-07
    1.5599399805e-02    2.5028998607e-07
    1.5699600801e-02    2.5114999858e-07
    1.5799500048e-02    2.5200600362e-07
    1.5899799764e-02    2.5276798965e-07
    1.5999399126e-02    2.5326099262e-07
    1.6099600121e-02    2.5340699494e-07
    1.6199499369e-02    2.5319300789e-07
    1.6299700364e-02    2.5258501068e-07
    1.6399899498e-02    2.5156199968e-07
    1.6499800608e-02    2.5006198712e-07
    1.6599699855e-02    2.4818498900e-07
    1.6699599102e-02    2.4630901407e-07
    1.6799600795e-02    2.4469699156e-07
    1.6899300739e-02    2.4336299020e-07
    1.6999099404e-02    2.4235799856e-07
    1.7098799348e-02    2.4185200687e-07
    1.7200000584e-02    2.4202600457e-07
    1.7299300060e-02    2.4291898626e-07
    1.7400000244e-02    2.4447899705e-07
    1.7499800771e-02    2.4651600938e-07
    1.7599599436e-02    2.4876601401e-07
    1.7699299380e-02    2.5086100663e-07
    1.7798999324e-02    2.5244199264e-07
    1.7898799852e-02    2.5339900844e-07
    1.7999300733e-02    2.5385199365e-07
    1.8099799752e-02    2.5399299375e-07
    1.8199900165e-02    2.5378599844e-07
    1.8299600109e-02    2.5305101303e-07
    1.8399400637e-02    2.5185300956e-07
    1.8499199301e-02    2.5023800276e-07
    1.8598899245e-02    2.4825700962e-07
    1.8699899316e-02    2.4598600135e-07
    1.8799500540e-02    2.4369501261e-07
    1.8899299204e-02    2.4156199174e-07
    1.8998999149e-02    2.3968499363e-07
    1.9099500030e-02    2.3799499616e-07
    1.9199199975e-02    2.3641599967e-07
    1.9299000502e-02    2.3483799794e-07
    1.9400000572e-02    2.3316499664e-07
    1.9499700516e-02    2.3134199978e-07
    1.9599499181e-02    2.2932499633e-07
    1.9699299708e-02    2.2723899917e-07
    1.9798999652e-02    2.2519000709e-07
    1.9898800179e-02    2.2313000159e-07
    1.9999800250e-02    2.2089200513e-07
    2.0099600777e-02    2.1845299614e-07
    2.0199300721e-02    2.1577399423e-07
    2.0299099386e-02    2.1286300012e-07
    2.0398899913e-02    2.0975799941e-07
    2.0499899983e-02    2.0644600340e-07
    2.0599599928e-02    2.0301699521e-07
    2.0699400455e-02    1.9943699670e-07
    2.0799199119e-02    1.9569499443e-07
    2.0898999646e-02    1.9175600130e-07
    2.0999899134e-02    1.8756699660e-07
    2.1099699661e-02    1.8328900353e-07
    2.1199500188e-02    1.7890100423e-07
    2.1299300715e-02    1.7435300492e-07
    2.1399000660e-02    1.6959100435e-07
    2.1498799324e-02    1.6458000118e-07
    2.1599799395e-02    1.5922100260e-07
    2.1699599922e-02    1.5362799388e-07
    2.1799400449e-02    1.4778700574e-07
    2.1899100393e-02    1.4190200659e-07
    2.1998900920e-02    1.3620500283e-07
    2.2099899128e-02    1.3080399697e-07
    2.2199699655e-02    1.2593000065e-07
    2.2299399599e-02    1.2156399976e-07
    2.2399200127e-02    1.1770399766e-07
    2.2499000654e-02    1.1423699675e-07
    2.2600000724e-02    1.1096300057e-07
    2.2699799389e-02    1.0789300120e-07
    2.2799499333e-02    1.0503099901e-07
    2.2899299860e-02    1.0236500003e-07
    2.2999100387e-02    9.9745001592e-08
    2.3098800331e-02    9.6973103325e-08
    2.3199800402e-02    9.3880700547e-08
    2.3299600929e-02    9.0500897443e-08
    2.3399399593e-02    8.6828997325e-08
    2.3499200121e-02    8.2988002248e-08
    2.3598900065e-02    7.9180800583e-08
    2.3699900135e-02    7.5500501850e-08
    2.3799799383e-02    7.1999998852e-08
    2.3899100721e-02    6.8545297438e-08
    2.3998999968e-02    6.5054003073e-08
    2.4099500850e-02    6.1598896650e-08
    2.4199299514e-02    5.8327898955e-08
    2.4299500510e-02    5.5268898791e-08
    2.4399299175e-02    5.2458901223e-08
    2.4499099702e-02    4.9879300690e-08
    2.4598799646e-02    4.7484700616e-08
    2.4699799716e-02    4.5173301544e-08
    2.4799600244e-02    4.2976900261e-08
    2.4899400771e-02    4.0909199583e-08
    2.4999199435e-02    3.9002699737e-08
    2.5098999962e-02    3.7193199631e-08
    2.5200000033e-02    3.5328501014e-08
    2.5299699977e-02    3.3317100190e-08
    2.5399699807e-02    3.1041498261e-08
    2.5499500334e-02    2.8441599298e-08
    2.5599200279e-02    2.5479799604e-08
    2.5699000806e-02    2.2175399295e-08
    2.5798799470e-02    1.8629000564e-08
    2.5900000706e-02    1.4914100177e-08
    2.5999600068e-02    1.1213200146e-08
    2.6099100709e-02    7.4971300279e-09
    2.6199400425e-02    3.7335898817e-09
    2.6299299672e-02    0.0000000000e+00
    2.6399500668e-02    0.0000000000e+00
    2.6499699801e-02    0.0000000000e+00
    2.6599600911e-02    0.0000000000e+00
    2.6699300855e-02    0.0000000000e+00
    2.6799799874e-02    0.0000000000e+00
    2.6899699122e-02    0.0000000000e+00
    2.6999600232e-02    0.0000000000e+00
    2.7099799365e-02    0.0000000000e+00
    2.7200000361e-02    0.0000000000e+00
    2.7299499139e-02    0.0000000000e+00
    2.7399700135e-02    0.0000000000e+00
    2.7499899268e-02    0.0000000000e+00
    2.7599500492e-02    0.0000000000e+00
    2.7699800208e-02    0.0000000000e+00
    2.7799399570e-02    0.0000000000e+00
    2.7899600565e-02    0.0000000000e+00
    2.7999799699e-02    0.0000000000e+00
    2.8099300340e-02    0.0000000000e+00
    2.8199499473e-02    0.0000000000e+00
    2.8299400583e-02    0.0000000000e+00
    2.8399700299e-02    0.0000000000e+00
    2.8499500826e-02    0.0000000000e+00
    2.8599699959e-02    0.0000000000e+00
    2.8699999675e-02    0.0000000000e+00
    2.8799800202e-02    0.0000000000e+00
    2.8899600729e-02    0.0000000000e+00
    2.8999200091e-02    0.0000000000e+00
    2.9099300504e-02    0.0000000000e+00
    2.9199600220e-02    0.0000000000e+00
    2.9299799353e-02    0.0000000000e+00
    2.9399100691e-02    0.0000000000e+00
    2.9499899596e-02    0.0000000000e+00
    2.9599599540e-02    0.0000000000e+00
    2.9699800536e-02    0.0000000000e+00
    2.9799800366e-02    0.0000000000e+00
    2.9899699613e-02    0.0000000000e+00
    2.9999900609e-02    0.0000000000e+00
