       301
    0.0000000000e+00    0.0000000000e+00
    9.9796299764e-05    1.6406799530e-10
    1.9923200307e-04    1.6101999734e-08
    2.9902800452e-04    3.8146101389e-08
    3.9882300189e-04    6.0324403250e-08
    4.9983500503e-04    8.2577898297e-08
    5.9963000240e-04    1.0437999975e-07
    6.9942302071e-04    1.2597399746e-07
    7.9921598081e-04    1.4731199371e-07
    8.9900899911e-04    1.6842099626e-07
    9.9880003836e-04    1.8922399647e-07
    1.0998100042e-03    2.0998699313e-07
    1.1996000540e-03    2.3021399898e-07
    1.2993899873e-03    2.5009398996e-07
    1.3991700253e-03    2.6955200383e-07
    1.4989400515e-03    2.8859500389e-07
    1.5999299940e-03    3.0736998724e-07
    1.6997000203e-03    3.2550300944e-07
    1.7994700465e-03    3.4320999021e-07
    1.8992299447e-03    3.6058901287e-07
    1.9990000874e-03    3.7764201011e-07
    2.0999799017e-03    3.9463199641e-07
    2.1997399163e-03    4.1116700800e-07
    2.2994899191e-03    4.2751901219e-07
    2.3992399219e-03    4.4377799213e-07
    2.4989699014e-03    4.6005700938e-07
    2.5999199133e-03    4.7658400604e-07
    2.6996498927e-03    4.9303702099e-07
    2.7993801050e-03    5.0966002618e-07
    2.8991100844e-03    5.2646402082e-07
    2.9988300521e-03    5.4344701539e-07
    3.0997600406e-03    5.6075299426e-07
    3.1994699966e-03    5.7801702269e-07
    3.2991799526e-03    5.9545197928e-07
    3.3988798968e-03    6.1307099486e-07
    3.4988799598e-03    6.3088901925e-07
    3.5997300874e-03    6.4896602225e-07
    3.6994200200e-03    6.6683099931e-07
    3.7991199642e-03    6.8453800850e-07
    3.8988098968e-03    7.0196898605e-07
    3.9997198619e-03    7.1930600143e-07
    4.0994100273e-03    7.3610499385e-07
    4.1998499073e-03    7.5266200383e-07
    4.2995400727e-03    7.6865200072e-07
    4.3992297724e-03    7.8416201177e-07
    4.4997301884e-03    7.9936000930e-07
    4.5994301327e-03    8.1413202224e-07
    4.6991198324e-03    8.2872901430e-07
    4.7991098836e-03    8.4331497874e-07
    4.8991697840e-03    8.5799399585e-07
    4.9989097752e-03    8.7288100303e-07
    5.0995298661e-03    8.8825100875e-07
    5.1992097870e-03    9.0386902230e-07
    5.2994498983e-03    9.1994098739e-07
    5.3996299393e-03    9.3626800890e-07
    5.4993601516e-03    9.5259997579e-07
    5.5995602161e-03    9.6893802493e-07
    5.6999400258e-03    9.8481405075e-07
    5.7998499833e-03    9.9742601378e-07
    5.8988300152e-03    1.0651300049e+03
    5.9998501092e-03    1.0002100220e+03
    6.0998299159e-03    9.9998396763e-07
    6.1999601312e-03    9.9713099644e-07
    6.2991799787e-03    9.9403496279e-07
    6.3993800431e-03    9.9100896023e-07
    6.4995200373e-03    9.8801604054e-07
    6.5998598002e-03    9.8521502423e-07
    6.6990898922e-03    9.8227394574e-07
    6.7999497987e-03    9.7933298093e-07
    6.8994001485e-03    9.7599297533e-07
    6.9994498044e-03    9.7231202290e-07
    7.0998999290e-03    9.6894405033e-07
    7.1988701820e-03    9.6583596587e-07
    7.2998302057e-03    9.6257804216e-07
    7.3992698453e-03    9.5923496701e-07
    7.4999900535e-03    9.5598795724e-07
    7.5999400578e-03    9.5290198487e-07
    7.6996101998e-03    9.4962297226e-07
    7.7994000167e-03    9.4615097623e-07
    7.8994100913e-03    9.4278499319e-07
    7.9989396036e-03    9.3957999070e-07
    8.0998800695e-03    9.3631501841e-07
    8.1994403154e-03    9.3294602266e-07
    8.2994299009e-03    9.2952802788e-07
    8.3999102935e-03    9.2622298098e-07
    8.4998002276e-03    9.2298301979e-07
    8.5998801515e-03    9.1986402140e-07
    8.6998296902e-03    9.1692101023e-07
    8.7989196181e-03    9.1416097803e-07
    8.8992901146e-03    9.1158199211e-07
    8.9999595657e-03    9.0938698349e-07
    9.0990196913e-03    9.0740002179e-07
    9.1994898394e-03    9.0537099595e-07
    9.2997802421e-03    9.0332997615e-07
    9.3998499215e-03    9.0160398258e-07
    9.4996597618e-03    9.0019699428e-07
    9.5994602889e-03    8.9894598432e-07
    9.6996696666e-03    8.9787300794e-07
    9.7995502874e-03    8.9690598770e-07
    9.8998798057e-03    8.9608897724e-07
    9.9994000047e-03    8.9550400162e-07
    1.0099600069e-02    8.9512798240e-07
    1.0199200362e-02    8.9492601774e-07
    1.0299299844e-02    8.9486297838e-07
    1.0399599560e-02    8.9485399712e-07
    1.0499699973e-02    8.9482398380e-07
    1.0599800386e-02    8.9473098797e-07
    1.0700000450e-02    8.9459200581e-07
    1.0799500160e-02    8.9448099061e-07
    1.0899400339e-02    8.9438401574e-07
    1.0999600403e-02    8.9426998784e-07
    1.1099499650e-02    8.9401402192e-07
    1.1199899949e-02    8.9364300493e-07
    1.1299300008e-02    8.9325101271e-07
    1.1399899609e-02    8.9280899829e-07
    1.1499200016e-02    8.9244497303e-07
    1.1599300429e-02    8.9224602107e-07
    1.1699199677e-02    8.9220299060e-07
    1.1799300089e-02    8.9234299594e-07
    1.1899099685e-02    8.9270798753e-07
    1.1999900453e-02    8.9331098252e-07
    1.2099999934e-02    8.9399799208e-07
    1.2199499644e-02    8.9464498387e-07
    1.2299699709e-02    8.9525701696e-07
    1.2399899773e-02    8.9581601515e-07
    1.2500000186e-02    8.9632197842e-07
    1.2599799782e-02    8.9669902081e-07
    1.2699400075e-02    8.9688398930e-07
    1.2799600139e-02    8.9695902261e-07
    1.2899300084e-02    8.9708697715e-07
    1.2999599800e-02    8.9739802434e-07
    1.3099400327e-02    8.9792501967e-07
    1.3199600391e-02    8.9863800667e-07
    1.3299800456e-02    8.9944001047e-07
    1.3399999589e-02    9.0025901045e-07
    1.3499500230e-02    9.0105999107e-07
    1.3599700294e-02    9.0181902124e-07
    1.3699599542e-02    9.0247499429e-07
    1.3799100183e-02    9.0299698741e-07
    1.3899699785e-02    9.0337601932e-07
    1.3999599963e-02    9.0357997351e-07
    1.4099899679e-02    9.0365597316e-07
    1.4199499972e-02    9.0366302175e-07
    1.4299900271e-02    9.0362601668e-07
    1.4399800450e-02    9.0359100113e-07
    1.4499899931e-02    9.0363397476e-07
    1.4600000344e-02    9.0379398898e-07
    1.4699099585e-02    9.0407201014e-07
    1.4799499884e-02    9.0446400236e-07
    1.4899699949e-02    9.0494700089e-07
    1.4999800362e-02    9.0546001275e-07
    1.5099899843e-02    9.0595699476e-07
    1.5200000256e-02    9.0644300599e-07
    1.5298999846e-02    9.0691401056e-07
    1.5399799682e-02    9.0734897640e-07
    1.5499699861e-02    9.0768202199e-07
    1.5599399805e-02    9.0787500540e-07
    1.5699600801e-02    9.0791598950e-07
    1.5799500048e-02    9.0779298034e-07
    1.5899799764e-02    9.0751399284e-07
    1.5999399126e-02    9.0711398570e-07
    1.6099600121e-02    9.0662700813e-07
    1.6199499369e-02    9.0610097914e-07
    1.6299700364e-02    9.0554601684e-07
    1.6399899498e-02    9.0494700089e-07
    1.6499800608e-02    9.0426601673e-07
    1.6599699855e-02    9.0345201897e-07
    1.6699599102e-02    9.0249898221e-07
    1.6799600795e-02    9.0143100806e-07
    1.6899300739e-02    9.0031198852e-07
    1.6999099404e-02    8.9917199375e-07
    1.7098799348e-02    8.9801301328e-07
    1.7200000584e-02    8.9678400172e-07
    1.7299300060e-02    8.9552600002e-07
    1.7400000244e-02    8.9419802407e-07
    1.7499800771e-02    8.9283702209e-07
    1.7599599436e-02    8.9144901949e-07
    1.7699299380e-02    8.9006800863e-07
    1.7798999324e-02    8.8870399395e-07
    1.7898799852e-02    8.8730399739e-07
    1.7999300733e-02    8.8579201929e-07
    1.8099799752e-02    8.8414299171e-07
    1.8199900165e-02    8.8233798579e-07
    1.8299600109e-02    8.8034300916e-07
    1.8399400637e-02    8.7814999006e-07
    1.8499199301e-02    8.7579098818e-07
    1.8598899245e-02    8.7331301302e-07
    1.8699899316e-02    8.7069201982e-07
    1.8799500540e-02    8.6797598442e-07
    1.8899299204e-02    8.6512801545e-07
    1.8998999149e-02    8.6221302809e-07
    1.9099500030e-02    8.5925802296e-07
    1.9199199975e-02    8.5635201685e-07
    1.9299000502e-02    8.5349500978e-07
    1.9400000572e-02    8.5066000111e-07
    1.9499700516e-02    8.4788598542e-07
    1.9599499181e-02    8.4510702436e-07
    1.9699299708e-02    8.4230100583e-07
    1.9798999652e-02    8.3944900098e-07
    1.9898800179e-02    8.3652702187e-07
    1.9999800250e-02    8.3349101487e-07
    2.0099600777e-02    8.3046398913e-07
    2.0199300721e-02    8.2746498720e-07
    2.0299099386e-02    8.2450702621e-07
    2.0398899913e-02    8.2155497694e-07
    2.0499899983e-02    8.1852499534e-07
    2.0599599928e-02    8.1546102138e-07
    2.0699400455e-02    8.1232900584e-07
    2.0799199119e-02    8.0914600176e-07
    2.0898999646e-02    8.0594901419e-07
    2.0999899134e-02    8.0271797742e-07
    2.1099699661e-02    7.9951200860e-07
    2.1199500188e-02    7.9627602645e-07
    2.1299300715e-02    7.9302299127e-07
    2.1399000660e-02    7.8979502405e-07
    2.1498799324e-02    7.8663600789e-07
    2.1599799395e-02    7.8352701394e-07
    2.1699599922e-02    7.8054301866e-07
    2.1799400449e-02    7.7763399986e-07
    2.1899100393e-02    7.7477398008e-07
    2.1998900920e-02    7.7193698189e-07
    2.2099899128e-02    7.6907798530e-07
    2.2199699655e-02    7.6628100487e-07
    2.2299399599e-02    7.6352699807e-07
    2.2399200127e-02    7.6082301348e-07
    2.2499000654e-02    7.5817200695e-07
    2.2600000724e-02    7.5553799661e-07
    2.2699799389e-02    7.5298402180e-07
    2.2799499333e-02    7.5046597203e-07
    2.2899299860e-02    7.4797901561e-07
    2.2999100387e-02    7.4553400964e-07
    2.3098800331e-02    7.4314999665e-07
    2.3199800402e-02    7.4082601031e-07
    2.3299600929e-02    7.3863401440e-07
    2.3399399593e-02    7.3655098731e-07
    2.3499200121e-02    7.3455998972e-07
    2.3598900065e-02    7.3261799116e-07
    2.3699900135e-02    7.3065700690e-07
    2.3799799383e-02    7.2868800771e-07
    2.3899100721e-02    7.2671099360e-07
    2.3998999968e-02    7.2472602142e-07
    2.4099500850e-02    7.2275901175e-07
    2.4199299514e-02    7.2085799729e-07
    2.4299500510e-02    7.1901899901e-07
    2.4399299175e-02    7.1726901751e-07
    2.4499099702e-02    7.1562902804e-07
    2.4598799646e-02    7.1412097213e-07
    2.4699799716e-02    7.1274700986e-07
    2.4799600244e-02    7.1154801162e-07
    2.4899400771e-02    7.1047497840e-07
    2.4999199435e-02    7.0946299502e-07
    2.5098999962e-02    7.0843901767e-07
    2.5200000033e-02    7.0733398161e-07
    2.5299699977e-02    7.0615800496e-07
    2.5399699807e-02    7.0492700388e-07
    2.5499500334e-02    7.0370600724e-07
    2.5599200279e-02    7.0254299089e-07
    2.5699000806e-02    7.0146199960e-07
    2.5798799470e-02    7.0047298095e-07
    2.5900000706e-02    6.9958497306e-07
    2.5999600068e-02    6.9884697496e-07
    2.6099100709e-02    6.9825398441e-07
    2.6199400425e-02    6.9778599254e-07
    2.6299299672e-02    6.9741298603e-07
    2.6399500668e-02    6.9708801220e-07
    2.6499699801e-02    6.9676002568e-07
    2.6599600911e-02    6.9639099820e-07
    2.6699300855e-02    6.9596302410e-07
    2.6799799874e-02    6.9547797921e-07
    2.6899699122e-02    6.9496400101e-07
    2.6999600232e-02    6.9445201234e-07
    2.7099799365e-02    6.9398799951e-07
    2.7200000361e-02    6.9363102284e-07
    2.7299499139e-02    6.9340802611e-07
    2.7399700135e-02    6.9332202202e-07
    2.7499899268e-02    6.9330798169e-07
    2.7599500492e-02    6.9334697628e-07
    2.7699800208e-02    6.9342701181e-07
    2.7799399570e-02    6.9352097398e-07
    2.7899600565e-02    6.9359998633e-07
    2.7999799699e-02    6.9364597266e-07
    2.8099300340e-02    6.9365398758e-07
    2.8199499473e-02    6.9362397426e-07
    2.8299400583e-02    6.9354501875e-07
    2.8399700299e-02    6.9341501785e-07
    2.8499500826e-02    6.9324499918e-07
    2.8599699959e-02    6.9305099260e-07
    2.8699999675e-02    6.9285397331e-07
    2.8799800202e-02    6.9265200864e-07
    2.8899600729e-02    6.9242798872e-07
    2.8999200091e-02    6.9216201837e-07
    2.9099300504e-02    6.9184801532e-07
    2.9199600220e-02    6.9150001991e-07
    2.9299799353e-02    6.9114099688e-07
    2.9399100691e-02    6.9079499099e-07
    2.9499899596e-02    6.9045302098e-07
    2.9599599540e-02    6.9011298365e-07
    2.9699800536e-02    6.8976902412e-07
    2.9799800366e-02    6.8941500331e-07
    2.9899699613e-02    6.8904802220e-07
    2.9999900609e-02    6.8865000458e-07
