       301
    0.0000000000e+00    0.0000000000e+00
    9.9796299764e-05    0.0000000000e+00
    1.9923200307e-04    9.7692298695e-09
    2.9902800452e-04    2.6110900109e-08
    3.9882300189e-04    4.2776598264e-08
    4.9983500503e-04    5.9504500882e-08
    5.9963000240e-04    7.5926003262e-08
    6.9942302071e-04    9.2231196902e-08
    7.9921598081e-04    1.0843400133e-07
    8.9900899911e-04    1.2452299814e-07
    9.9880003836e-04    1.4050499431e-07
    1.0998100042e-03    1.5663600550e-07
    1.1996000540e-03    1.7248399331e-07
    1.2993899873e-03    1.8823899950e-07
    1.3991700253e-03    2.0385999733e-07
    1.4989400515e-03    2.1937199790e-07
    1.5999299940e-03    2.3502799706e-07
    1.6997000203e-03    2.5037599016e-07
    1.7994700465e-03    2.6545600917e-07
    1.8992299447e-03    2.8032800969e-07
    1.9990000874e-03    2.9501399013e-07
    2.0999799017e-03    3.0968899978e-07
    2.1997399163e-03    3.2389800708e-07
    2.2994899191e-03    3.3782600894e-07
    2.3992399219e-03    3.5149000155e-07
    2.4989699014e-03    3.6491499600e-07
    2.5999199133e-03    3.7826501398e-07
    2.6996498927e-03    3.9131100493e-07
    2.7993801050e-03    4.0432200876e-07
    2.8991100844e-03    4.1733301259e-07
    2.9988300521e-03    4.3031801056e-07
    3.0997600406e-03    4.4346398909e-07
    3.1994699966e-03    4.5650600100e-07
    3.2991799526e-03    4.6967400635e-07
    3.3988798968e-03    4.8291298071e-07
    3.4988799598e-03    4.9620200571e-07
    3.5997300874e-03    5.0966201570e-07
    3.6994200200e-03    5.2308200793e-07
    3.7991199642e-03    5.3662000710e-07
    3.8988098968e-03    5.5022201195e-07
    3.9997198619e-03    5.6404701354e-07
    4.0994100273e-03    5.7785001673e-07
    4.1998499073e-03    5.9193700963e-07
    4.2995400727e-03    6.0605998442e-07
    4.3992297724e-03    6.2033700488e-07
    4.4997301884e-03    6.3485600776e-07
    4.5994301327e-03    6.4931799670e-07
    4.6991198324e-03    6.6374099106e-07
    4.7991098836e-03    6.7813897431e-07
    4.8991697840e-03    6.9248602586e-07
    4.9989097752e-03    7.0673598884e-07
    5.0995298661e-03    7.2103301818e-07
    5.1992097870e-03    7.3514900123e-07
    5.2994498983e-03    7.4928101412e-07
    5.3996299393e-03    7.6335197718e-07
    5.4993601516e-03    7.7732300952e-07
    5.5995602161e-03    7.9128398056e-07
    5.6999400258e-03    8.0515400214e-07
    5.7998499833e-03    8.1884502379e-07
    5.8988300152e-03    8.3156601249e-07
    5.9998501092e-03    8.4320402038e-07
    6.0998299159e-03    8.5342202283e-07
    6.1999601312e-03    8.6308199343e-07
    6.2991799787e-03    8.7381397407e-07
    6.3993800431e-03    8.8564598855e-07
    6.4995200373e-03    8.9759600996e-07
    6.5998598002e-03    9.0952198661e-07
    6.6990898922e-03    9.2075902103e-07
    6.7999497987e-03    9.3132098300e-07
    6.8994001485e-03    9.4093502412e-07
    6.9994498044e-03    9.4954498309e-07
    7.0998999290e-03    9.5709799552e-07
    7.1988701820e-03    9.6390795079e-07
    7.2998302057e-03    9.6929795745e-07
    7.3992698453e-03    9.7332895166e-07
    7.4999900535e-03    9.7687996004e-07
    7.5999400578e-03    9.7989197911e-07
    7.6996101998e-03    9.8271300430e-07
    7.7994000167e-03    9.8519296898e-07
    7.8994100913e-03    9.8736904874e-07
    7.9989396036e-03    9.8984196484e-07
    8.0998800695e-03    9.9265105291e-07
    8.1994403154e-03    9.9478302218e-07
    8.2994299009e-03    9.9584599411e-07
    8.3999102935e-03    9.9631699868e-07
    8.4998002276e-03    9.9662202047e-07
    8.5998801515e-03    9.9687201782e-07
    8.6998296902e-03    9.9704095646e-07
    8.7989196181e-03    9.9760598005e-07
    8.8992901146e-03    9.9864098502e-07
    8.9999595657e-03    9.9951500943e-07
    9.0990196913e-03    9.1411104202e+00
    9.1994898394e-03    4.2489199638e+00
    9.2997802421e-03    9.9959595445e-07
    9.3998499215e-03    9.9936005427e-07
    9.4996597618e-03    9.9920498542e-07
    9.5994602889e-03    9.9930798569e-07
    9.6996696666e-03    9.9943599707e-07
    9.7995502874e-03    9.9941405551e-07
    9.8998798057e-03    9.9935300568e-07
    9.9994000047e-03    9.9928399777e-07
    1.0099600069e-02    9.9934595710e-07
    1.0199200362e-02    9.9955798305e-07
    1.0299299844e-02    4.0269298553e+01
    1.0399599560e-02    9.1353996277e+01
    1.0499699973e-02    1.4013699341e+02
    1.0599800386e-02    1.8100199890e+02
    1.0700000450e-02    1.9324299622e+02
    1.0799500160e-02    1.8530000305e+02
    1.0899400339e-02    1.6830400085e+02
    1.0999600403e-02    1.4144599915e+02
    1.1099499650e-02    1.2609400177e+02
    1.1199899949e-02    1.1142900085e+02
    1.1299300008e-02    1.0045999908e+02
    1.1399899609e-02    8.9275001526e+01
    1.1499200016e-02    8.2942596436e+01
    1.1599300429e-02    9.0861900330e+01
    1.1699199677e-02    9.1502799988e+01
    1.1799300089e-02    9.0462898254e+01
    1.1899099685e-02    8.4845901489e+01
    1.1999900453e-02    9.1006103516e+01
    1.2099999934e-02    9.1723396301e+01
    1.2199499644e-02    8.2049797058e+01
    1.2299699709e-02    6.8051498413e+01
    1.2399899773e-02    5.7104099274e+01
    1.2500000186e-02    2.1634799957e+01
    1.2599799782e-02    9.9969099665e-07
    1.2699400075e-02    9.9955502719e-07
    1.2799600139e-02    9.9934300124e-07
    1.2899300084e-02    9.9899398265e-07
    1.2999599800e-02    9.9847204638e-07
    1.3099400327e-02    9.9775695617e-07
    1.3199600391e-02    9.9683495591e-07
    1.3299800456e-02    9.9570002021e-07
    1.3399999589e-02    9.9435499124e-07
    1.3499500230e-02    9.9277701793e-07
    1.3599700294e-02    9.9101305295e-07
    1.3699599542e-02    9.8929297110e-07
    1.3799100183e-02    9.8772000001e-07
    1.3899699785e-02    9.8620603239e-07
    1.3999599963e-02    9.8475595678e-07
    1.4099899679e-02    9.8337295640e-07
    1.4199499972e-02    9.8204498045e-07
    1.4299900271e-02    9.8069904197e-07
    1.4399800450e-02    9.7932695553e-07
    1.4499899931e-02    9.7790996278e-07
    1.4600000344e-02    9.7636495866e-07
    1.4699099585e-02    9.7462202575e-07
    1.4799499884e-02    9.7261295195e-07
    1.4899699949e-02    9.7036195257e-07
    1.4999800362e-02    9.6789597137e-07
    1.5099899843e-02    9.6524399851e-07
    1.5200000256e-02    9.6245196346e-07
    1.5298999846e-02    9.5961001989e-07
    1.5399799682e-02    9.5670304745e-07
    1.5499699861e-02    9.5387099464e-07
    1.5599399805e-02    9.5112801546e-07
    1.5699600801e-02    9.4843397846e-07
    1.5799500048e-02    9.4574602372e-07
    1.5899799764e-02    9.4300401088e-07
    1.5999399126e-02    9.4025597264e-07
    1.6099600121e-02    9.3750702490e-07
    1.6199499369e-02    9.3479002317e-07
    1.6299700364e-02    9.3207302143e-07
    1.6399899498e-02    9.2938398666e-07
    1.6499800608e-02    9.2676202712e-07
    1.6599699855e-02    9.2416701136e-07
    1.6699599102e-02    9.2156602705e-07
    1.6799600795e-02    9.1896100685e-07
    1.6899300739e-02    9.1641197741e-07
    1.6999099404e-02    9.1393002322e-07
    1.7098799348e-02    9.1149297532e-07
    1.7200000584e-02    9.0903301952e-07
    1.7299300060e-02    9.0661501417e-07
    1.7400000244e-02    9.0416597232e-07
    1.7499800771e-02    9.0174501111e-07
    1.7599599436e-02    8.9934201242e-07
    1.7699299380e-02    8.9698301053e-07
    1.7798999324e-02    8.9468397846e-07
    1.7898799852e-02    8.9243297907e-07
    1.7999300733e-02    8.9021199301e-07
    1.8099799752e-02    8.8804898724e-07
    1.8199900165e-02    8.8598102366e-07
    1.8299600109e-02    8.8404300413e-07
    1.8399400637e-02    8.8227199058e-07
    1.8499199301e-02    8.8071101345e-07
    1.8598899245e-02    8.7937200988e-07
    1.8699899316e-02    8.7820700401e-07
    1.8799500540e-02    8.7719701014e-07
    1.8899299204e-02    8.7626801815e-07
    1.8998999149e-02    8.7536699311e-07
    1.9099500030e-02    8.7441799224e-07
    1.9199199975e-02    8.7339100219e-07
    1.9299000502e-02    8.7227601853e-07
    1.9400000572e-02    8.7107497393e-07
    1.9499700516e-02    8.6980600145e-07
    1.9599499181e-02    8.6843198233e-07
    1.9699299708e-02    8.6693898993e-07
    1.9798999652e-02    8.6534100774e-07
    1.9898800179e-02    8.6367299446e-07
    1.9999800250e-02    8.6195200311e-07
    2.0099600777e-02    8.6025602286e-07
    2.0199300721e-02    8.5860500576e-07
    2.0299099386e-02    8.5702100705e-07
    2.0398899913e-02    8.5550101403e-07
    2.0499899983e-02    8.5403399908e-07
    2.0599599928e-02    8.5266998440e-07
    2.0699400455e-02    8.5139998873e-07
    2.0799199119e-02    8.5020201368e-07
    2.0898999646e-02    8.4900898401e-07
    2.0999899134e-02    8.4773398612e-07
    2.1099699661e-02    8.4635797748e-07
    2.1199500188e-02    8.4484298668e-07
    2.1299300715e-02    8.4319498228e-07
    2.1399000660e-02    8.4144397761e-07
    2.1498799324e-02    8.3961998598e-07
    2.1599799395e-02    8.3773801407e-07
    2.1699599922e-02    8.3589497990e-07
    2.1799400449e-02    8.3411100604e-07
    2.1899100393e-02    8.3240598769e-07
    2.1998900920e-02    8.3076400870e-07
    2.2099899128e-02    8.2912902144e-07
    2.2199699655e-02    8.2751199670e-07
    2.2299399599e-02    8.2589997419e-07
    2.2399200127e-02    8.2430398152e-07
    2.2499000654e-02    8.2272100599e-07
    2.2600000724e-02    8.2112200062e-07
    2.2699799389e-02    8.1954198095e-07
    2.2799499333e-02    8.1794797779e-07
    2.2899299860e-02    8.1633100990e-07
    2.2999100387e-02    8.1470301438e-07
    2.3098800331e-02    8.1310497535e-07
    2.3199800402e-02    8.1156400711e-07
    2.3299600929e-02    8.1016099784e-07
    2.3399399593e-02    8.0890998788e-07
    2.3499200121e-02    8.0781501310e-07
    2.3598900065e-02    8.0683702208e-07
    2.3699900135e-02    8.0591001961e-07
    2.3799799383e-02    8.0501899902e-07
    2.3899100721e-02    8.0414997683e-07
    2.3998999968e-02    8.0329397179e-07
    2.4099500850e-02    8.0244598166e-07
    2.4199299514e-02    8.0160697280e-07
    2.4299500510e-02    8.0077700204e-07
    2.4399299175e-02    7.9998198999e-07
    2.4499099702e-02    7.9924097918e-07
    2.4598799646e-02    7.9856499724e-07
    2.4699799716e-02    7.9793801433e-07
    2.4799600244e-02    7.9734002156e-07
    2.4899400771e-02    7.9672997799e-07
    2.4999199435e-02    7.9608901160e-07
    2.5098999962e-02    7.9541297282e-07
    2.5200000033e-02    7.9470100900e-07
    2.5299699977e-02    7.9398802200e-07
    2.5399699807e-02    7.9330402514e-07
    2.5499500334e-02    7.9270097331e-07
    2.5599200279e-02    7.9220802718e-07
    2.5699000806e-02    7.9180699686e-07
    2.5798799470e-02    7.9143899256e-07
    2.5900000706e-02    7.9103000417e-07
    2.5999600068e-02    7.9054399293e-07
    2.6099100709e-02    7.8993997477e-07
    2.6199400425e-02    7.8919401858e-07
    2.6299299672e-02    7.8832198369e-07
    2.6399500668e-02    7.8734797171e-07
    2.6499699801e-02    7.8631700262e-07
    2.6599600911e-02    7.8526898051e-07
    2.6699300855e-02    7.8423101968e-07
    2.6799799874e-02    7.8321602359e-07
    2.6899699122e-02    7.8224098843e-07
    2.6999600232e-02    7.8129500025e-07
    2.7099799365e-02    7.8037402318e-07
    2.7200000361e-02    7.7945600196e-07
    2.7299499139e-02    7.7848699220e-07
    2.7399700135e-02    7.7736899584e-07
    2.7499899268e-02    7.7605102433e-07
    2.7599500492e-02    7.7453699987e-07
    2.7699800208e-02    7.7280401456e-07
    2.7799399570e-02    7.7095199913e-07
    2.7899600565e-02    7.6902597357e-07
    2.7999799699e-02    7.6709602581e-07
    2.8099300340e-02    7.6521200754e-07
    2.8199499473e-02    7.6336897337e-07
    2.8299400583e-02    7.6159000173e-07
    2.8399700299e-02    7.5986298498e-07
    2.8499500826e-02    7.5819002632e-07
    2.8599699959e-02    7.5652297937e-07
    2.8699999675e-02    7.5484098261e-07
    2.8799800202e-02    7.5310998682e-07
    2.8899600729e-02    7.5130100186e-07
    2.8999200091e-02    7.4939197248e-07
    2.9099300504e-02    7.4736601618e-07
    2.9199600220e-02    7.4524001548e-07
    2.9299799353e-02    7.4305597764e-07
    2.9399100691e-02    7.4085301094e-07
    2.9499899596e-02    7.3859001759e-07
    2.9599599540e-02    7.3632600106e-07
    2.9699800536e-02    7.3403202805e-07
    2.9799800366e-02    7.3172998327e-07
    2.9899699613e-02    7.2941600138e-07
    2.9999900609e-02    7.2708297694e-07
