       301
    0.0000000000e+00    0.0000000000e+00
    9.9796299764e-05    1.6406799530e-10
    1.9923200307e-04    1.6101999734e-08
    2.9902800452e-04    3.8146101389e-08
    3.9882300189e-04    6.0324403250e-08
    4.9983500503e-04    8.2577898297e-08
    5.9963000240e-04    1.0437999975e-07
    6.9942302071e-04    1.2597399746e-07
    7.9921598081e-04    1.4731199371e-07
    8.9900899911e-04    1.6842099626e-07
    9.9880003836e-04    1.8922399647e-07
    1.0998100042e-03    2.0998699313e-07
    1.1996000540e-03    2.3021399898e-07
    1.2993899873e-03    2.5009398996e-07
    1.3991700253e-03    2.6955200383e-07
    1.4989400515e-03    2.8859500389e-07
    1.5999299940e-03    3.0736998724e-07
    1.6997000203e-03    3.2550300944e-07
    1.7994700465e-03    3.4320999021e-07
    1.8992299447e-03    3.6058901287e-07
    1.9990000874e-03    3.7764098693e-07
    2.0999799017e-03    3.9463199641e-07
    2.1997399163e-03    4.1116700800e-07
    2.2994899191e-03    4.2751901219e-07
    2.3992399219e-03    4.4377799213e-07
    2.4989699014e-03    4.6005700938e-07
    2.5999199133e-03    4.7658400604e-07
    2.6996498927e-03    4.9303702099e-07
    2.7993801050e-03    5.0966002618e-07
    2.8991100844e-03    5.2646402082e-07
    2.9988300521e-03    5.4344798173e-07
    3.0997600406e-03    5.6075299426e-07
    3.1994699966e-03    5.7801702269e-07
    3.2991799526e-03    5.9545197928e-07
    3.3988798968e-03    6.1307099486e-07
    3.4988799598e-03    6.3088901925e-07
    3.5997300874e-03    6.4896602225e-07
    3.6994200200e-03    6.6683099931e-07
    3.7991199642e-03    6.8453800850e-07
    3.8988098968e-03    7.0196898605e-07
    3.9997198619e-03    7.1930600143e-07
    4.0994100273e-03    7.3610499385e-07
    4.1998499073e-03    7.5266200383e-07
    4.2995400727e-03    7.6865200072e-07
    4.3992297724e-03    7.8416201177e-07
    4.4997301884e-03    7.9936000930e-07
    4.5994301327e-03    8.1413202224e-07
    4.6991198324e-03    8.2872799112e-07
    4.7991098836e-03    8.4331497874e-07
    4.8991697840e-03    8.5799399585e-07
    4.9989097752e-03    8.7288100303e-07
    5.0995298661e-03    8.8825100875e-07
    5.1992097870e-03    9.0386902230e-07
    5.2994498983e-03    9.1994098739e-07
    5.3996299393e-03    9.3626800890e-07
    5.4993601516e-03    9.5260099897e-07
    5.5995602161e-03    9.6893802493e-07
    5.6999400258e-03    9.8481405075e-07
    5.7998499833e-03    9.9742601378e-07
    5.8988300152e-03    1.0651600342e+03
    5.9998501092e-03    1.0001599731e+03
    6.0998299159e-03    9.9998396763e-07
    6.1999601312e-03    9.9713099644e-07
    6.2991799787e-03    9.9403598597e-07
    6.3993800431e-03    9.9100998341e-07
    6.4995200373e-03    9.8802797766e-07
    6.5998598002e-03    9.8523400993e-07
    6.6990898922e-03    9.8229099876e-07
    6.7999497987e-03    9.7934605492e-07
    6.8994001485e-03    9.7599797755e-07
    6.9994498044e-03    9.7231895779e-07
    7.0998999290e-03    9.6893995760e-07
    7.1988701820e-03    9.6582095921e-07
    7.2998302057e-03    9.6255905646e-07
    7.3992698453e-03    9.5921097909e-07
    7.4999900535e-03    9.5596703886e-07
    7.5999400578e-03    9.5288999091e-07
    7.6996101998e-03    9.4962297226e-07
    7.7994000167e-03    9.4616700608e-07
    7.8994100913e-03    9.4282597729e-07
    7.9989396036e-03    9.3964297321e-07
    8.0998800695e-03    9.3639499710e-07
    8.1994403154e-03    9.3303799531e-07
    8.2994299009e-03    9.2962801546e-07
    8.3999102935e-03    9.2632598125e-07
    8.4998002276e-03    9.2308101785e-07
    8.5998801515e-03    9.1994900231e-07
    8.6998296902e-03    9.1699098448e-07
    8.7989196181e-03    9.1422100468e-07
    8.8992901146e-03    9.1163900606e-07
    8.9999595657e-03    9.0944797648e-07
    9.0990196913e-03    9.0747198556e-07
    9.1994898394e-03    9.0545898956e-07
    9.2997802421e-03    9.0343598913e-07
    9.3998499215e-03    9.0171897682e-07
    9.4996597618e-03    9.0030800948e-07
    9.5994602889e-03    8.9905000777e-07
    9.6996696666e-03    8.9796799330e-07
    9.7995502874e-03    8.9699000227e-07
    9.8998798057e-03    8.9615997467e-07
    9.9994000047e-03    8.9556499461e-07
    1.0099600069e-02    8.9517999413e-07
    1.0199200362e-02    8.9497200406e-07
    1.0299299844e-02    8.9491300059e-07
    1.0399599560e-02    8.9490902155e-07
    1.0499699973e-02    8.9488401045e-07
    1.0599800386e-02    8.9479499366e-07
    1.0700000450e-02    8.9465902420e-07
    1.0799500160e-02    8.9454198360e-07
    1.0899400339e-02    8.9443801699e-07
    1.0999600403e-02    8.9431597416e-07
    1.1099499650e-02    8.9405398285e-07
    1.1199899949e-02    8.9367699729e-07
    1.1299300008e-02    8.9327301112e-07
    1.1399899609e-02    8.9282002591e-07
    1.1499200016e-02    8.9244701940e-07
    1.1599300429e-02    8.9224198518e-07
    1.1699199677e-02    8.9219702204e-07
    1.1799300089e-02    8.9233401468e-07
    1.1899099685e-02    8.9269900627e-07
    1.1999900453e-02    8.9330700348e-07
    1.2099999934e-02    8.9399799208e-07
    1.2199499644e-02    8.9465100928e-07
    1.2299699709e-02    8.9527298996e-07
    1.2399899773e-02    8.9584301577e-07
    1.2500000186e-02    8.9635898348e-07
    1.2599799782e-02    8.9674398396e-07
    1.2699400075e-02    8.9693799055e-07
    1.2799600139e-02    8.9702302830e-07
    1.2899300084e-02    8.9715797458e-07
    1.2999599800e-02    8.9747499032e-07
    1.3099400327e-02    8.9800897740e-07
    1.3199600391e-02    8.9873299203e-07
    1.3299800456e-02    8.9954301075e-07
    1.3399999589e-02    9.0036502343e-07
    1.3499500230e-02    9.0116998308e-07
    1.3599700294e-02    9.0192600055e-07
    1.3699599542e-02    9.0257600505e-07
    1.3799100183e-02    9.0308998324e-07
    1.3899699785e-02    9.0346100023e-07
    1.3999599963e-02    9.0365898586e-07
    1.4099899679e-02    9.0372799377e-07
    1.4199499972e-02    9.0372799377e-07
    1.4299900271e-02    9.0368297379e-07
    1.4399800450e-02    9.0364500238e-07
    1.4499899931e-02    9.0368399697e-07
    1.4600000344e-02    9.0384202167e-07
    1.4699099585e-02    9.0411901965e-07
    1.4799499884e-02    9.0450902235e-07
    1.4899699949e-02    9.0498798500e-07
    1.4999800362e-02    9.0549798415e-07
    1.5099899843e-02    9.0599201030e-07
    1.5200000256e-02    9.0647500883e-07
    1.5298999846e-02    9.0693902166e-07
    1.5399799682e-02    9.0736898528e-07
    1.5499699861e-02    9.0769697181e-07
    1.5599399805e-02    9.0788302032e-07
    1.5699600801e-02    9.0791598950e-07
    1.5799500048e-02    9.0778701178e-07
    1.5899799764e-02    9.0750398840e-07
    1.5999399126e-02    9.0709897904e-07
    1.6099600121e-02    9.0660597607e-07
    1.6199499369e-02    9.0607397851e-07
    1.6299700364e-02    9.0551600351e-07
    1.6399899498e-02    9.0491602123e-07
    1.6499800608e-02    9.0423498023e-07
    1.6599699855e-02    9.0342598469e-07
    1.6699599102e-02    9.0247800699e-07
    1.6799600795e-02    9.0141099918e-07
    1.6899300739e-02    9.0029499233e-07
    1.6999099404e-02    8.9915801027e-07
    1.7098799348e-02    8.9800101932e-07
    1.7200000584e-02    8.9677399728e-07
    1.7299300060e-02    8.9552099780e-07
    1.7400000244e-02    8.9419597771e-07
    1.7499800771e-02    8.9283599891e-07
    1.7599599436e-02    8.9144998583e-07
    1.7699299380e-02    8.9007198767e-07
    1.7798999324e-02    8.8871200887e-07
    1.7898799852e-02    8.8731599135e-07
    1.7999300733e-02    8.8580998181e-07
    1.8099799752e-02    8.8416402377e-07
    1.8199900165e-02    8.8235901785e-07
    1.8299600109e-02    8.8036398438e-07
    1.8399400637e-02    8.7817102212e-07
    1.8499199301e-02    8.7580997388e-07
    1.8598899245e-02    8.7332898602e-07
    1.8699899316e-02    8.7070498012e-07
    1.8799500540e-02    8.6798297616e-07
    1.8899299204e-02    8.6512898179e-07
    1.8998999149e-02    8.6220899220e-07
    1.9099500030e-02    8.5924898485e-07
    1.9199199975e-02    8.5634201241e-07
    1.9299000502e-02    8.5348699486e-07
    1.9400000572e-02    8.5065698840e-07
    1.9499700516e-02    8.4788899812e-07
    1.9599499181e-02    8.4511600562e-07
    1.9699299708e-02    8.4231601249e-07
    1.9798999652e-02    8.3947099938e-07
    1.9898800179e-02    8.3655402250e-07
    1.9999800250e-02    8.3352000502e-07
    2.0099600777e-02    8.3049297928e-07
    2.0199300721e-02    8.2749397734e-07
    2.0299099386e-02    8.2453300365e-07
    2.0398899913e-02    8.2158101122e-07
    2.0499899983e-02    8.1855097278e-07
    2.0599599928e-02    8.1548802200e-07
    2.0699400455e-02    8.1235901916e-07
    2.0799199119e-02    8.0917999412e-07
    2.0898999646e-02    8.0598800878e-07
    2.0999899134e-02    8.0276197423e-07
    2.1099699661e-02    7.9956299714e-07
    2.1199500188e-02    7.9633201722e-07
    2.1299300715e-02    7.9308102841e-07
    2.1399000660e-02    7.8985402752e-07
    2.1498799324e-02    7.8669302184e-07
    2.1599799395e-02    7.8357999200e-07
    2.1699599922e-02    7.8059099451e-07
    2.1799400449e-02    7.7767401763e-07
    2.1899100393e-02    7.7480399341e-07
    2.1998900920e-02    7.7195801396e-07
    2.2099899128e-02    7.6909299196e-07
    2.2199699655e-02    7.6629299883e-07
    2.2299399599e-02    7.6354098155e-07
    2.2399200127e-02    7.6084302236e-07
    2.2499000654e-02    7.5819900758e-07
    2.2600000724e-02    7.5557500168e-07
    2.2699799389e-02    7.5303199765e-07
    2.2799499333e-02    7.5052497550e-07
    2.2899299860e-02    7.4805097938e-07
    2.2999100387e-02    7.4561700103e-07
    2.3098800331e-02    7.4323997978e-07
    2.3199800402e-02    7.4091701663e-07
    2.3299600929e-02    7.3872598705e-07
    2.3399399593e-02    7.3664301681e-07
    2.3499200121e-02    7.3465201922e-07
    2.3598900065e-02    7.3271502288e-07
    2.3699900135e-02    7.3075602813e-07
    2.3799799383e-02    7.2878799529e-07
    2.3899100721e-02    7.2681001484e-07
    2.3998999968e-02    7.2482498581e-07
    2.4099500850e-02    7.2285598662e-07
    2.4199299514e-02    7.2095201631e-07
    2.4299500510e-02    7.1910898214e-07
    2.4399299175e-02    7.1735900065e-07
    2.4499099702e-02    7.1571901117e-07
    2.4598799646e-02    7.1421197845e-07
    2.4699799716e-02    7.1284199521e-07
    2.4799600244e-02    7.1164902238e-07
    2.4899400771e-02    7.1058099138e-07
    2.4999199435e-02    7.0957202070e-07
    2.5098999962e-02    7.0854900969e-07
    2.5200000033e-02    7.0744397362e-07
    2.5299699977e-02    7.0626697379e-07
    2.5399699807e-02    7.0503500638e-07
    2.5499500334e-02    7.0381099704e-07
    2.5599200279e-02    7.0264098895e-07
    2.5699000806e-02    7.0155101639e-07
    2.5798799470e-02    7.0055398282e-07
    2.5900000706e-02    6.9965699367e-07
    2.5999600068e-02    6.9891098065e-07
    2.6099100709e-02    6.9830701932e-07
    2.6199400425e-02    6.9782902301e-07
    2.6299299672e-02    6.9744601205e-07
    2.6399500668e-02    6.9710898742e-07
    2.6499699801e-02    6.9677400916e-07
    2.6599600911e-02    6.9639798994e-07
    2.6699300855e-02    6.9596302410e-07
    2.6799799874e-02    6.9546598525e-07
    2.6899699122e-02    6.9493898991e-07
    2.6999600232e-02    6.9441199457e-07
    2.7099799365e-02    6.9393200874e-07
    2.7200000361e-02    6.9356099175e-07
    2.7299499139e-02    6.9333202646e-07
    2.7399700135e-02    6.9324198648e-07
    2.7499899268e-02    6.9323101570e-07
    2.7599500492e-02    6.9327802521e-07
    2.7699800208e-02    6.9336601882e-07
    2.7799399570e-02    6.9346901910e-07
    2.7899600565e-02    6.9356298127e-07
    2.7999799699e-02    6.9362300792e-07
    2.8099300340e-02    6.9364301680e-07
    2.8199499473e-02    6.9362397426e-07
    2.8299400583e-02    6.9355400001e-07
    2.8399700299e-02    6.9342900133e-07
    2.8499500826e-02    6.9326699759e-07
    2.8599699959e-02    6.9308100592e-07
    2.8699999675e-02    6.9288398663e-07
    2.8799800202e-02    6.9267400704e-07
    2.8899600729e-02    6.9244600809e-07
    2.8999200091e-02    6.9217702503e-07
    2.9099300504e-02    6.9186501150e-07
    2.9199600220e-02    6.9152497417e-07
    2.9299799353e-02    6.9118101464e-07
    2.9399100691e-02    6.9085501764e-07
    2.9499899596e-02    6.9053197649e-07
    2.9599599540e-02    6.9021001536e-07
    2.9699800536e-02    6.8988299518e-07
    2.9799800366e-02    6.8954199151e-07
    2.9899699613e-02    6.8918200213e-07
    2.9999900609e-02    6.8878500770e-07
