       301
    0.0000000000e+00    0.0000000000e+00
    9.9796299764e-05    0.0000000000e+00
    1.9923200307e-04    6.7598802111e-09
    2.9902800452e-04    2.0086499575e-08
    3.9882300189e-04    3.3896000673e-08
    4.9983500503e-04    4.7845798434e-08
    5.9963000240e-04    6.1559596531e-08
    6.9942302071e-04    7.5111302067e-08
    7.9921598081e-04    8.8576300072e-08
    8.9900899911e-04    1.0202099787e-07
    9.9880003836e-04    1.1556399926e-07
    1.0998100042e-03    1.2919799985e-07
    1.1996000540e-03    1.4263299875e-07
    1.2993899873e-03    1.5619299631e-07
    1.3991700253e-03    1.6977000428e-07
    1.4989400515e-03    1.8336599794e-07
    1.5999299940e-03    1.9716699740e-07
    1.6997000203e-03    2.1101399739e-07
    1.7994700465e-03    2.2498799979e-07
    1.8992299447e-03    2.3895898948e-07
    1.9990000874e-03    2.5313599394e-07
    2.0999799017e-03    2.6782299756e-07
    2.1997399163e-03    2.8257301210e-07
    2.2994899191e-03    2.9759200970e-07
    2.3992399219e-03    3.1283900626e-07
    2.4989699014e-03    3.2830200780e-07
    2.5999199133e-03    3.4432301277e-07
    2.6996498927e-03    3.6054998986e-07
    2.7993801050e-03    3.7717799728e-07
    2.8991100844e-03    3.9410301156e-07
    2.9988300521e-03    4.1107199422e-07
    3.0997600406e-03    4.2829000790e-07
    3.1994699966e-03    4.4529699039e-07
    3.2991799526e-03    4.6226500672e-07
    3.3988798968e-03    4.7917302481e-07
    3.4988799598e-03    4.9599100294e-07
    3.5997300874e-03    5.1281301694e-07
    3.6994200200e-03    5.2934302630e-07
    3.7991199642e-03    5.4561502338e-07
    3.8988098968e-03    5.6150497585e-07
    3.9997198619e-03    5.7724099634e-07
    4.0994100273e-03    5.9236697325e-07
    4.1998499073e-03    6.0707401417e-07
    4.2995400727e-03    6.2111001853e-07
    4.3992297724e-03    6.3469400402e-07
    4.4997301884e-03    6.4808597244e-07
    4.5994301327e-03    6.6120497877e-07
    4.6991198324e-03    6.7420199912e-07
    4.7991098836e-03    6.8732799718e-07
    4.8991697840e-03    7.0071001801e-07
    4.9989097752e-03    7.1434499205e-07
    5.0995298661e-03    7.2834399134e-07
    5.1992097870e-03    7.4241000902e-07
    5.2994498983e-03    7.5665900567e-07
    5.3996299393e-03    7.7080801475e-07
    5.4993601516e-03    7.8458498365e-07
    5.5995602161e-03    7.9806102349e-07
    5.6999400258e-03    8.1121299900e-07
    5.7998499833e-03    8.2420501712e-07
    5.8988300152e-03    8.3661802819e-07
    5.9998501092e-03    8.4764002395e-07
    6.0998299159e-03    8.5630597368e-07
    6.1999601312e-03    8.6400001464e-07
    6.2991799787e-03    8.7328197651e-07
    6.3993800431e-03    8.8469300863e-07
    6.4995200373e-03    8.9723397423e-07
    6.5998598002e-03    9.0979898459e-07
    6.6990898922e-03    9.2146399311e-07
    6.7999497987e-03    9.3134900681e-07
    6.8994001485e-03    9.3951297231e-07
    6.9994498044e-03    9.4693098163e-07
    7.0998999290e-03    9.5439304459e-07
    7.1988701820e-03    9.6211601885e-07
    7.2998302057e-03    9.6827204743e-07
    7.3992698453e-03    9.7392694443e-07
    7.4999900535e-03    9.7933798315e-07
    7.5999400578e-03    9.8383895875e-07
    7.6996101998e-03    9.8713599073e-07
    7.7994000167e-03    9.8935197457e-07
    7.8994100913e-03    9.9120302366e-07
    7.9989396036e-03    9.9266299003e-07
    8.0998800695e-03    9.9336398307e-07
    8.1994403154e-03    9.9333601611e-07
    8.2994299009e-03    9.9307396795e-07
    8.3999102935e-03    9.9363501249e-07
    8.4998002276e-03    9.9485396277e-07
    8.5998801515e-03    9.9642602436e-07
    8.6998296902e-03    9.9830594991e-07
    8.7989196181e-03    9.9904800415e+01
    8.8992901146e-03    3.0262600708e+02
    8.9999595657e-03    3.6602999878e+02
    9.0990196913e-03    4.1204299927e+02
    9.1994898394e-03    4.4558200073e+02
    9.2997802421e-03    4.3097299194e+02
    9.3998499215e-03    3.3348199463e+02
    9.4996597618e-03    2.1703500366e+02
    9.5994602889e-03    2.0075700378e+02
    9.6996696666e-03    2.3602099609e+02
    9.7995502874e-03    2.7169100952e+02
    9.8998798057e-03    3.0322900391e+02
    9.9994000047e-03    2.9078201294e+02
    1.0099600069e-02    2.8387701416e+02
    1.0199200362e-02    2.8181298828e+02
    1.0299299844e-02    2.5988900757e+02
    1.0399599560e-02    2.1705900574e+02
    1.0499699973e-02    1.9673500061e+02
    1.0599800386e-02    2.4855299377e+02
    1.0700000450e-02    2.9770199585e+02
    1.0799500160e-02    2.9959100342e+02
    1.0899400339e-02    2.7873599243e+02
    1.0999600403e-02    2.6441000366e+02
    1.1099499650e-02    2.5077000427e+02
    1.1199899949e-02    2.0142900085e+02
    1.1299300008e-02    1.5207699585e+02
    1.1399899609e-02    1.3462899780e+02
    1.1499200016e-02    1.4784700012e+02
    1.1599300429e-02    1.6591999817e+02
    1.1699199677e-02    2.1323399353e+02
    1.1799300089e-02    2.5892401123e+02
    1.1899099685e-02    2.5998199463e+02
    1.1999900453e-02    2.1873899841e+02
    1.2099999934e-02    2.2036900330e+02
    1.2199499644e-02    2.3997799683e+02
    1.2299699709e-02    2.6271600342e+02
    1.2399899773e-02    2.6778900146e+02
    1.2500000186e-02    2.5561300659e+02
    1.2599799782e-02    2.5051899719e+02
    1.2699400075e-02    2.4972599792e+02
    1.2799600139e-02    2.4974000549e+02
    1.2899300084e-02    2.4574299622e+02
    1.2999599800e-02    1.9245199585e+02
    1.3099400327e-02    1.1583300018e+02
    1.3199600391e-02    6.5013900757e+01
    1.3299800456e-02    4.5108398438e+01
    1.3399999589e-02    4.3406700134e+01
    1.3499500230e-02    1.4029000282e+01
    1.3599700294e-02    9.9946805676e-07
    1.3699599542e-02    9.9878604942e-07
    1.3799100183e-02    9.9791498087e-07
    1.3899699785e-02    9.9698104350e-07
    1.3999599963e-02    9.9591295566e-07
    1.4099899679e-02    9.9464898540e-07
    1.4199499972e-02    9.9317401236e-07
    1.4299900271e-02    9.9155602129e-07
    1.4399800450e-02    9.8984503438e-07
    1.4499899931e-02    9.8802502180e-07
    1.4600000344e-02    9.8612201782e-07
    1.4699099585e-02    9.8415796401e-07
    1.4799499884e-02    9.8212194644e-07
    1.4899699949e-02    9.8015402727e-07
    1.4999800362e-02    9.7829195056e-07
    1.5099899843e-02    9.7648603514e-07
    1.5200000256e-02    9.7459098924e-07
    1.5298999846e-02    9.7245901998e-07
    1.5399799682e-02    9.7002396160e-07
    1.5499699861e-02    9.6732401289e-07
    1.5599399805e-02    9.6432097507e-07
    1.5699600801e-02    9.6103394753e-07
    1.5799500048e-02    9.5762004548e-07
    1.5899799764e-02    9.5418397450e-07
    1.5999399126e-02    9.5085397334e-07
    1.6099600121e-02    9.4765397307e-07
    1.6199499369e-02    9.4468998668e-07
    1.6299700364e-02    9.4189300626e-07
    1.6399899498e-02    9.3911097565e-07
    1.6499800608e-02    9.3627102160e-07
    1.6599699855e-02    9.3337501994e-07
    1.6699599102e-02    9.3048100780e-07
    1.6799600795e-02    9.2762098802e-07
    1.6899300739e-02    9.2482798664e-07
    1.6999099404e-02    9.2217101155e-07
    1.7098799348e-02    9.1969599225e-07
    1.7200000584e-02    9.1729799578e-07
    1.7299300060e-02    9.1495297738e-07
    1.7400000244e-02    9.1251797585e-07
    1.7499800771e-02    9.1004898195e-07
    1.7599599436e-02    9.0754201665e-07
    1.7699299380e-02    9.0498997452e-07
    1.7798999324e-02    9.0247198159e-07
    1.7898799852e-02    9.0011201337e-07
    1.7999300733e-02    8.9798402314e-07
    1.8099799752e-02    8.9613200771e-07
    1.8199900165e-02    8.9455602392e-07
    1.8299600109e-02    8.9321702035e-07
    1.8399400637e-02    8.9203501830e-07
    1.8499199301e-02    8.9091298605e-07
    1.8598899245e-02    8.8974002210e-07
    1.8699899316e-02    8.8838697820e-07
    1.8799500540e-02    8.8679200871e-07
    1.8899299204e-02    8.8494698502e-07
    1.8998999149e-02    8.8292097189e-07
    1.9099500030e-02    8.8077700866e-07
    1.9199199975e-02    8.7865902287e-07
    1.9299000502e-02    8.7667598336e-07
    1.9400000572e-02    8.7489701173e-07
    1.9499700516e-02    8.7339998345e-07
    1.9599499181e-02    8.7214698397e-07
    1.9699299708e-02    8.7105598823e-07
    1.9798999652e-02    8.7006799276e-07
    1.9898800179e-02    8.6916600139e-07
    1.9999800250e-02    8.6833301793e-07
    2.0099600777e-02    8.6754801032e-07
    2.0199300721e-02    8.6672099542e-07
    2.0299099386e-02    8.6574897296e-07
    2.0398899913e-02    8.6451399284e-07
    2.0499899983e-02    8.6293300683e-07
    2.0599599928e-02    8.6108099140e-07
    2.0699400455e-02    8.5903900526e-07
    2.0799199119e-02    8.5692101948e-07
    2.0898999646e-02    8.5487101842e-07
    2.0999899134e-02    8.5299501507e-07
    2.1099699661e-02    8.5142397666e-07
    2.1199500188e-02    8.5017302354e-07
    2.1299300715e-02    8.4919201981e-07
    2.1399000660e-02    8.4832799985e-07
    2.1498799324e-02    8.4739497197e-07
    2.1599799395e-02    8.4624599594e-07
    2.1699599922e-02    8.4483002638e-07
    2.1799400449e-02    8.4312898707e-07
    2.1899100393e-02    8.4117601773e-07
    2.1998900920e-02    8.3904501480e-07
    2.2099899128e-02    8.3679600493e-07
    2.2199699655e-02    8.3458297695e-07
    2.2299399599e-02    8.3249602767e-07
    2.2399200127e-02    8.3062701606e-07
    2.2499000654e-02    8.2901101450e-07
    2.2600000724e-02    8.2759402176e-07
    2.2699799389e-02    8.2638297272e-07
    2.2799499333e-02    8.2533597379e-07
    2.2899299860e-02    8.2441897575e-07
    2.2999100387e-02    8.2355398945e-07
    2.3098800331e-02    8.2265302126e-07
    2.3199800402e-02    8.2163501247e-07
    2.3299600929e-02    8.2048700278e-07
    2.3399399593e-02    8.1915698047e-07
    2.3499200121e-02    8.1761601223e-07
    2.3598900065e-02    8.1588501644e-07
    2.3699900135e-02    8.1400497720e-07
    2.3799799383e-02    8.1212198211e-07
    2.3899100721e-02    8.1033300603e-07
    2.3998999968e-02    8.0870302099e-07
    2.4099500850e-02    8.0728199237e-07
    2.4199299514e-02    8.0606702113e-07
    2.4299500510e-02    8.0497602539e-07
    2.4399299175e-02    8.0396301883e-07
    2.4499099702e-02    8.0301697380e-07
    2.4598799646e-02    8.0213902720e-07
    2.4699799716e-02    8.0133497704e-07
    2.4799600244e-02    8.0063102814e-07
    2.4899400771e-02    8.0003502489e-07
    2.4999199435e-02    7.9957101207e-07
    2.5098999962e-02    7.9923097474e-07
    2.5200000033e-02    7.9895801264e-07
    2.5299699977e-02    7.9868300418e-07
    2.5399699807e-02    7.9833398559e-07
    2.5499500334e-02    7.9785502294e-07
    2.5599200279e-02    7.9722002511e-07
    2.5699000806e-02    7.9641301909e-07
    2.5798799470e-02    7.9543900711e-07
    2.5900000706e-02    7.9431902122e-07
    2.5999600068e-02    7.9316299662e-07
    2.6099100709e-02    7.9205102566e-07
    2.6199400425e-02    7.9104000861e-07
    2.6299299672e-02    7.9015899246e-07
    2.6399500668e-02    7.8939797277e-07
    2.6499699801e-02    7.8875899590e-07
    2.6599600911e-02    7.8822699834e-07
    2.6699300855e-02    7.8775099155e-07
    2.6799799874e-02    7.8723599017e-07
    2.6899699122e-02    7.8659900282e-07
    2.6999600232e-02    7.8575800444e-07
    2.7099799365e-02    7.8467797948e-07
    2.7200000361e-02    7.8341201970e-07
    2.7299499139e-02    7.8205897580e-07
    2.7399700135e-02    7.8068597986e-07
    2.7499899268e-02    7.7935300169e-07
    2.7599500492e-02    7.7809698951e-07
    2.7699800208e-02    7.7691800016e-07
    2.7799399570e-02    7.7579301205e-07
    2.7899600565e-02    7.7463198522e-07
    2.7999799699e-02    7.7336198956e-07
    2.8099300340e-02    7.7189798731e-07
    2.8199499473e-02    7.7018000866e-07
    2.8299400583e-02    7.6820299455e-07
    2.8399700299e-02    7.6596001009e-07
    2.8499500826e-02    7.6355598821e-07
    2.8599699959e-02    7.6106800861e-07
    2.8699999675e-02    7.5858400805e-07
    2.8799800202e-02    7.5618100936e-07
    2.8899600729e-02    7.5387600873e-07
    2.8999200091e-02    7.5168401281e-07
    2.9099300504e-02    7.4955397622e-07
    2.9199600220e-02    7.4744798439e-07
    2.9299799353e-02    7.4535000749e-07
    2.9399100691e-02    7.4327800803e-07
    2.9499899596e-02    7.4114802828e-07
    2.9599599540e-02    7.3899099107e-07
    2.9699800536e-02    7.3674601708e-07
    2.9799800366e-02    7.3439599646e-07
    2.9899699613e-02    7.3192398986e-07
    2.9999900609e-02    7.2935398521e-07
