       301
    0.0000000000e+00    0.0000000000e+00
    9.9796299764e-05    0.0000000000e+00
    1.9923200307e-04    2.1406999784e-10
    2.9902800452e-04    4.6328199055e-09
    3.9882300189e-04    1.0615499590e-08
    4.9983500503e-04    1.6739800657e-08
    5.9963000240e-04    2.2709899739e-08
    6.9942302071e-04    2.8574799416e-08
    7.9921598081e-04    3.4323399234e-08
    8.9900899911e-04    3.9950499797e-08
    9.9880003836e-04    4.5438099505e-08
    1.0998100042e-03    5.0833200760e-08
    1.1996000540e-03    5.6084800804e-08
    1.2993899873e-03    6.1328201184e-08
    1.3991700253e-03    6.6589400660e-08
    1.4989400515e-03    7.1806702806e-08
    1.5999299940e-03    7.7010902544e-08
    1.6997000203e-03    8.1965701781e-08
    1.7994700465e-03    8.6748201511e-08
    1.8992299447e-03    9.1374602107e-08
    1.9990000874e-03    9.5814598922e-08
    2.0999799017e-03    1.0009600260e-07
    2.1997399163e-03    1.0419000063e-07
    2.2994899191e-03    1.0822199670e-07
    2.3992399219e-03    1.1223600183e-07
    2.4989699014e-03    1.1615200179e-07
    2.5999199133e-03    1.1984499793e-07
    2.6996498927e-03    1.2314100672e-07
    2.7993801050e-03    1.2626499313e-07
    2.8991100844e-03    1.2930699711e-07
    2.9988300521e-03    1.3215999672e-07
    3.0997600406e-03    1.3478199890e-07
    3.1994699966e-03    1.3720000425e-07
    3.2991799526e-03    1.3953099653e-07
    3.3988798968e-03    1.4170800000e-07
    3.4988799598e-03    1.4371100576e-07
    3.5997300874e-03    1.4565199535e-07
    3.6994200200e-03    1.4760199463e-07
    3.7991199642e-03    1.4958099825e-07
    3.8988098968e-03    1.5160699718e-07
    3.9997198619e-03    1.5373599638e-07
    4.0994100273e-03    1.5592699754e-07
    4.1998499073e-03    1.5813300536e-07
    4.2995400727e-03    1.6021699878e-07
    4.3992297724e-03    1.6210300657e-07
    4.4997301884e-03    1.6370900369e-07
    4.5994301327e-03    1.6494999500e-07
    4.6991198324e-03    1.6575700101e-07
    4.7991098836e-03    1.6597199703e-07
    4.8991697840e-03    1.6560400695e-07
    4.9989097752e-03    1.6474000120e-07
    5.0995298661e-03    1.6346800180e-07
    5.1992097870e-03    1.6186000096e-07
    5.2994498983e-03    1.5996900515e-07
    5.3996299393e-03    1.5781100160e-07
    5.4993601516e-03    1.5542799758e-07
    5.5995602161e-03    1.5284899746e-07
    5.6999400258e-03    1.5014400390e-07
    5.7998499833e-03    1.4734899878e-07
    5.8988300152e-03    1.4435799756e-07
    5.9998501092e-03    1.4125500059e-07
    6.0998299159e-03    1.3858600312e-07
    6.1999601312e-03    1.3625300710e-07
    6.2991799787e-03    1.3399299803e-07
    6.3993800431e-03    1.3095099405e-07
    6.4995200373e-03    1.2753299927e-07
    6.5998598002e-03    1.2545599759e-07
    6.6990898922e-03    1.2309899944e-07
    6.7999497987e-03    1.2311799935e-07
    6.8994001485e-03    1.2521799420e-07
    6.9994498044e-03    1.2660399307e-07
    7.0998999290e-03    1.2607300448e-07
    7.1988701820e-03    1.2454900400e-07
    7.2998302057e-03    1.2367399904e-07
    7.3992698453e-03    1.2471099353e-07
    7.4999900535e-03    1.2712899888e-07
    7.5999400578e-03    1.2977599795e-07
    7.6996101998e-03    1.3214699379e-07
    7.7994000167e-03    1.3473000138e-07
    7.8994100913e-03    1.3739000337e-07
    7.9989396036e-03    1.3956899636e-07
    8.0998800695e-03    1.4093899381e-07
    8.1994403154e-03    1.4153700079e-07
    8.2994299009e-03    1.4180599806e-07
    8.3999102935e-03    1.4120000458e-07
    8.4998002276e-03    1.3884400119e-07
    8.5998801515e-03    1.3567999702e-07
    8.6998296902e-03    1.3282699740e-07
    8.7989196181e-03    1.2997999477e-07
    8.8992901146e-03    1.2658000514e-07
    8.9999595657e-03    1.2273200412e-07
    9.0990196913e-03    1.1915400222e-07
    9.1994898394e-03    1.1573899883e-07
    9.2997802421e-03    1.1209399986e-07
    9.3998499215e-03    1.0814199669e-07
    9.4996597618e-03    1.0466899880e-07
    9.5994602889e-03    1.0285099705e-07
    9.6996696666e-03    1.0292300345e-07
    9.7995502874e-03    1.0427699948e-07
    9.8998798057e-03    1.0632300018e-07
    9.9994000047e-03    1.0854000010e-07
    1.0099600069e-02    1.1051800186e-07
    1.0199200362e-02    1.1211299977e-07
    1.0299299844e-02    1.1316699755e-07
    1.0399599560e-02    1.1364699759e-07
    1.0499699973e-02    1.1384000231e-07
    1.0599800386e-02    1.1394799770e-07
    1.0700000450e-02    1.1397799682e-07
    1.0799500160e-02    1.1398999789e-07
    1.0899400339e-02    1.1401100153e-07
    1.0999600403e-02    1.1447099979e-07
    1.1099499650e-02    1.1596100080e-07
    1.1199899949e-02    1.1858799809e-07
    1.1299300008e-02    1.2203599908e-07
    1.1399899609e-02    1.2598999888e-07
    1.1499200016e-02    1.2996399334e-07
    1.1599300429e-02    1.3367299800e-07
    1.1699199677e-02    1.3712799785e-07
    1.1799300089e-02    1.4063199671e-07
    1.1899099685e-02    1.4421100047e-07
    1.1999900453e-02    1.4782300184e-07
    1.2099999934e-02    1.5141100107e-07
    1.2199499644e-02    1.5509699836e-07
    1.2299699709e-02    1.5880800674e-07
    1.2399899773e-02    1.6215500409e-07
    1.2500000186e-02    1.6513099865e-07
    1.2599799782e-02    1.6814399828e-07
    1.2699400075e-02    1.7158099297e-07
    1.2799600139e-02    1.7560600440e-07
    1.2899300084e-02    1.8007800406e-07
    1.2999599800e-02    1.8480700703e-07
    1.3099400327e-02    1.8959900672e-07
    1.3199600391e-02    1.9443500321e-07
    1.3299800456e-02    1.9922599392e-07
    1.3399999589e-02    2.0401900258e-07
    1.3499500230e-02    2.0899000219e-07
    1.3599700294e-02    2.1425199748e-07
    1.3699599542e-02    2.1951099427e-07
    1.3799100183e-02    2.2449400205e-07
    1.3899699785e-02    2.2919799392e-07
    1.3999599963e-02    2.3351799427e-07
    1.4099899679e-02    2.3751199763e-07
    1.4199499972e-02    2.4125799314e-07
    1.4299900271e-02    2.4493800765e-07
    1.4399800450e-02    2.4847699365e-07
    1.4499899931e-02    2.5173000040e-07
    1.4600000344e-02    2.5451601005e-07
    1.4699099585e-02    2.5678900784e-07
    1.4799499884e-02    2.5866600595e-07
    1.4899699949e-02    2.6020799737e-07
    1.4999800362e-02    2.6150098620e-07
    1.5099899843e-02    2.6262000574e-07
    1.5200000256e-02    2.6366899419e-07
    1.5298999846e-02    2.6466298664e-07
    1.5399799682e-02    2.6553101407e-07
    1.5499699861e-02    2.6622001315e-07
    1.5599399805e-02    2.6683400733e-07
    1.5699600801e-02    2.6739499503e-07
    1.5799500048e-02    2.6775501283e-07
    1.5899799764e-02    2.6789399499e-07
    1.5999399126e-02    2.6787000706e-07
    1.6099600121e-02    2.6768100270e-07
    1.6199499369e-02    2.6730700142e-07
    1.6299700364e-02    2.6670500120e-07
    1.6399899498e-02    2.6589700042e-07
    1.6499800608e-02    2.6501101047e-07
    1.6599699855e-02    2.6416100241e-07
    1.6699599102e-02    2.6336098813e-07
    1.6799600795e-02    2.6260300956e-07
    1.6899300739e-02    2.6185799129e-07
    1.6999099404e-02    2.6104299877e-07
    1.7098799348e-02    2.6002101094e-07
    1.7200000584e-02    2.5873399068e-07
    1.7299300060e-02    2.5734900078e-07
    1.7400000244e-02    2.5600598974e-07
    1.7499800771e-02    2.5477999088e-07
    1.7599599436e-02    2.5356101219e-07
    1.7699299380e-02    2.5223801003e-07
    1.7798999324e-02    2.5078898602e-07
    1.7898799852e-02    2.4930699283e-07
    1.7999300733e-02    2.4792601039e-07
    1.8099799752e-02    2.4676501198e-07
    1.8199900165e-02    2.4589499503e-07
    1.8299600109e-02    2.4530800147e-07
    1.8399400637e-02    2.4492499051e-07
    1.8499199301e-02    2.4462499937e-07
    1.8598899245e-02    2.4434800139e-07
    1.8699899316e-02    2.4408700483e-07
    1.8799500540e-02    2.4382299557e-07
    1.8899299204e-02    2.4348400984e-07
    1.8998999149e-02    2.4301499479e-07
    1.9099500030e-02    2.4241100505e-07
    1.9199199975e-02    2.4167698598e-07
    1.9299000502e-02    2.4076101113e-07
    1.9400000572e-02    2.3963599460e-07
    1.9499700516e-02    2.3841499797e-07
    1.9599499181e-02    2.3720500053e-07
    1.9699299708e-02    2.3604799537e-07
    1.9798999652e-02    2.3488099998e-07
    1.9898800179e-02    2.3360399837e-07
    1.9999800250e-02    2.3205899424e-07
    2.0099600777e-02    2.3016599471e-07
    2.0199300721e-02    2.2788999843e-07
    2.0299099386e-02    2.2530400656e-07
    2.0398899913e-02    2.2252200438e-07
    2.0499899983e-02    2.1956900298e-07
    2.0599599928e-02    2.1647500148e-07
    2.0699400455e-02    2.1313600485e-07
    2.0799199119e-02    2.0955900482e-07
    2.0898999646e-02    2.0580900184e-07
    2.0999899134e-02    2.0189399663e-07
    2.1099699661e-02    1.9796900119e-07
    2.1199500188e-02    1.9408699359e-07
    2.1299300715e-02    1.9034800403e-07
    2.1399000660e-02    1.8677600622e-07
    2.1498799324e-02    1.8331199669e-07
    2.1599799395e-02    1.7982600298e-07
    2.1699599922e-02    1.7633600180e-07
    2.1799400449e-02    1.7273900710e-07
    2.1899100393e-02    1.6896200350e-07
    2.1998900920e-02    1.6494099953e-07
    2.2099899128e-02    1.6063600583e-07
    2.2199699655e-02    1.5618799409e-07
    2.2299399599e-02    1.5153999300e-07
    2.2399200127e-02    1.4667199366e-07
    2.2499000654e-02    1.4158999306e-07
    2.2600000724e-02    1.3627200701e-07
    2.2699799389e-02    1.3090999573e-07
    2.2799499333e-02    1.2549399742e-07
    2.2899299860e-02    1.2007799910e-07
    2.2999100387e-02    1.1470100247e-07
    2.3098800331e-02    1.0934999750e-07
    2.3199800402e-02    1.0391899963e-07
    2.3299600929e-02    9.8537697113e-08
    2.3399399593e-02    9.3221601105e-08
    2.3499200121e-02    8.8118099484e-08
    2.3598900065e-02    8.3341198831e-08
    2.3699900135e-02    7.8859102359e-08
    2.3799799383e-02    7.4714201048e-08
    2.3899100721e-02    7.0754502701e-08
    2.3998999968e-02    6.6808098609e-08
    2.4099500850e-02    6.2823296787e-08
    2.4199299514e-02    5.8887600574e-08
    2.4299500510e-02    5.5027499002e-08
    2.4399299175e-02    5.1275200974e-08
    2.4499099702e-02    4.7550898330e-08
    2.4598799646e-02    4.3759300183e-08
    2.4699799716e-02    3.9795700957e-08
    2.4799600244e-02    3.5760699291e-08
    2.4899400771e-02    3.1681999246e-08
    2.4999199435e-02    2.7675300274e-08
    2.5098999962e-02    2.3856500775e-08
    2.5200000033e-02    2.0271899714e-08
    2.5299699977e-02    1.7052100176e-08
    2.5399699807e-02    1.4148899830e-08
    2.5499500334e-02    1.1538699773e-08
    2.5599200279e-02    9.1879703845e-09
    2.5699000806e-02    7.0636700933e-09
    2.5798799470e-02    5.1055901729e-09
    2.5900000706e-02    3.2175899722e-09
    2.5999600068e-02    1.4058799680e-09
    2.6099100709e-02    0.0000000000e+00
    2.6199400425e-02    0.0000000000e+00
    2.6299299672e-02    0.0000000000e+00
    2.6399500668e-02    0.0000000000e+00
    2.6499699801e-02    0.0000000000e+00
    2.6599600911e-02    0.0000000000e+00
    2.6699300855e-02    0.0000000000e+00
    2.6799799874e-02    0.0000000000e+00
    2.6899699122e-02    0.0000000000e+00
    2.6999600232e-02    0.0000000000e+00
    2.7099799365e-02    0.0000000000e+00
    2.7200000361e-02    0.0000000000e+00
    2.7299499139e-02    0.0000000000e+00
    2.7399700135e-02    0.0000000000e+00
    2.7499899268e-02    0.0000000000e+00
    2.7599500492e-02    0.0000000000e+00
    2.7699800208e-02    0.0000000000e+00
    2.7799399570e-02    0.0000000000e+00
    2.7899600565e-02    0.0000000000e+00
    2.7999799699e-02    0.0000000000e+00
    2.8099300340e-02    0.0000000000e+00
    2.8199499473e-02    0.0000000000e+00
    2.8299400583e-02    0.0000000000e+00
    2.8399700299e-02    0.0000000000e+00
    2.8499500826e-02    0.0000000000e+00
    2.8599699959e-02    0.0000000000e+00
    2.8699999675e-02    0.0000000000e+00
    2.8799800202e-02    0.0000000000e+00
    2.8899600729e-02    0.0000000000e+00
    2.8999200091e-02    0.0000000000e+00
    2.9099300504e-02    0.0000000000e+00
    2.9199600220e-02    0.0000000000e+00
    2.9299799353e-02    0.0000000000e+00
    2.9399100691e-02    0.0000000000e+00
    2.9499899596e-02    0.0000000000e+00
    2.9599599540e-02    0.0000000000e+00
    2.9699800536e-02    0.0000000000e+00
    2.9799800366e-02    0.0000000000e+00
    2.9899699613e-02    0.0000000000e+00
    2.9999900609e-02    0.0000000000e+00
