       301
    0.0000000000e+00    0.0000000000e+00
    9.9796299764e-05    0.0000000000e+00
    1.9923200307e-04    2.3416998896e-10
    2.9902800452e-04    4.8127701824e-09
    3.9882300189e-04    1.0987199595e-08
    4.9983500503e-04    1.7271700514e-08
    5.9963000240e-04    2.3403400107e-08
    6.9942302071e-04    2.9419799930e-08
    7.9921598081e-04    3.5255798281e-08
    8.9900899911e-04    4.0949700519e-08
    9.9880003836e-04    4.6566398737e-08
    1.0998100042e-03    5.2059398570e-08
    1.1996000540e-03    5.7396800202e-08
    1.2993899873e-03    6.2821399638e-08
    1.3991700253e-03    6.8242897555e-08
    1.4989400515e-03    7.3488202190e-08
    1.5999299940e-03    7.8651801516e-08
    1.6997000203e-03    8.3624897229e-08
    1.7994700465e-03    8.8475800908e-08
    1.8992299447e-03    9.3181796501e-08
    1.9990000874e-03    9.7746898575e-08
    2.0999799017e-03    1.0220600188e-07
    2.1997399163e-03    1.0632700054e-07
    2.2994899191e-03    1.1029499802e-07
    2.3992399219e-03    1.1430100244e-07
    2.4989699014e-03    1.1820699797e-07
    2.5999199133e-03    1.2194800547e-07
    2.6996498927e-03    1.2540900229e-07
    2.7993801050e-03    1.2871400656e-07
    2.8991100844e-03    1.3197499982e-07
    2.9988300521e-03    1.3512899955e-07
    3.0997600406e-03    1.3817700051e-07
    3.1994699966e-03    1.4102400314e-07
    3.2991799526e-03    1.4380900382e-07
    3.3988798968e-03    1.4651899960e-07
    3.4988799598e-03    1.4910600044e-07
    3.5997300874e-03    1.5166300216e-07
    3.6994200200e-03    1.5420900468e-07
    3.7991199642e-03    1.5668399556e-07
    3.8988098968e-03    1.5896800676e-07
    3.9997198619e-03    1.6117699886e-07
    4.0994100273e-03    1.6346000109e-07
    4.1998499073e-03    1.6583599916e-07
    4.2995400727e-03    1.6827999616e-07
    4.3992297724e-03    1.7094299665e-07
    4.4997301884e-03    1.7395500151e-07
    4.5994301327e-03    1.7739199620e-07
    4.6991198324e-03    1.8129900070e-07
    4.7991098836e-03    1.8569799920e-07
    4.8991697840e-03    1.9067199730e-07
    4.9989097752e-03    1.9618100566e-07
    5.0995298661e-03    2.0219299302e-07
    5.1992097870e-03    2.0852699834e-07
    5.2994498983e-03    2.1516200377e-07
    5.3996299393e-03    2.2190100424e-07
    5.4993601516e-03    2.2857000204e-07
    5.5995602161e-03    2.3517900161e-07
    5.6999400258e-03    2.4176898705e-07
    5.7998499833e-03    2.4827801326e-07
    5.8988300152e-03    2.5450398766e-07
    5.9998501092e-03    2.6096799388e-07
    6.0998299159e-03    2.6776700679e-07
    6.1999601312e-03    2.7496599841e-07
    6.2991799787e-03    2.8026599352e-07
    6.3993800431e-03    2.8404500085e-07
    6.4995200373e-03    2.8633701277e-07
    6.5998598002e-03    2.8774300631e-07
    6.6990898922e-03    2.9028899462e-07
    6.7999497987e-03    2.9183499350e-07
    6.8994001485e-03    2.9019500403e-07
    6.9994498044e-03    2.8749099101e-07
    7.0998999290e-03    2.8650899253e-07
    7.1988701820e-03    2.8684399922e-07
    7.2998302057e-03    2.8756099368e-07
    7.3992698453e-03    2.8782901040e-07
    7.4999900535e-03    2.8687401255e-07
    7.5999400578e-03    2.8532801366e-07
    7.6996101998e-03    2.8289301213e-07
    7.7994000167e-03    2.7924198776e-07
    7.8994100913e-03    2.7599901387e-07
    7.9989396036e-03    2.7371200417e-07
    8.0998800695e-03    2.7181800988e-07
    8.1994403154e-03    2.6982499435e-07
    8.2994299009e-03    2.6711299483e-07
    8.3999102935e-03    2.6402901199e-07
    8.4998002276e-03    2.6137101372e-07
    8.5998801515e-03    2.5890699362e-07
    8.6998296902e-03    2.5669999104e-07
    8.7989196181e-03    2.5519199198e-07
    8.8992901146e-03    2.5470299647e-07
    8.9999595657e-03    2.5486400546e-07
    9.0990196913e-03    2.5500099810e-07
    9.1994898394e-03    2.5468298759e-07
    9.2997802421e-03    2.5392398584e-07
    9.3998499215e-03    2.5304498763e-07
    9.4996597618e-03    2.5252501246e-07
    9.5994602889e-03    2.5249801183e-07
    9.6996696666e-03    2.5255801006e-07
    9.7995502874e-03    2.5259200243e-07
    9.8998798057e-03    2.5265299541e-07
    9.9994000047e-03    2.5261701353e-07
    1.0099600069e-02    2.5257799052e-07
    1.0199200362e-02    2.5279999250e-07
    1.0299299844e-02    2.5359099709e-07
    1.0399599560e-02    2.5527000957e-07
    1.0499699973e-02    2.5781798740e-07
    1.0599800386e-02    2.6127500519e-07
    1.0700000450e-02    2.6550401344e-07
    1.0799500160e-02    2.6985898671e-07
    1.0899400339e-02    2.7394000313e-07
    1.0999600403e-02    2.7792899004e-07
    1.1099499650e-02    2.8198599011e-07
    1.1199899949e-02    2.8593100865e-07
    1.1299300008e-02    2.8946899988e-07
    1.1399899609e-02    2.9264998602e-07
    1.1499200016e-02    2.9571100413e-07
    1.1599300429e-02    2.9882698982e-07
    1.1699199677e-02    3.0161399422e-07
    1.1799300089e-02    3.0409600527e-07
    1.1899099685e-02    3.0686200603e-07
    1.1999900453e-02    3.1043100535e-07
    1.2099999934e-02    3.1463301298e-07
    1.2199499644e-02    3.1898599673e-07
    1.2299699709e-02    3.2326900623e-07
    1.2399899773e-02    3.2732899058e-07
    1.2500000186e-02    3.3106201158e-07
    1.2599799782e-02    3.3440400671e-07
    1.2699400075e-02    3.3749699924e-07
    1.2799600139e-02    3.4048198927e-07
    1.2899300084e-02    3.4319600672e-07
    1.2999599800e-02    3.4531200299e-07
    1.3099400327e-02    3.4659100834e-07
    1.3199600391e-02    3.4724598663e-07
    1.3299800456e-02    3.4760199696e-07
    1.3399999589e-02    3.4782499370e-07
    1.3499500230e-02    3.4801300330e-07
    1.3599700294e-02    3.4836600094e-07
    1.3699599542e-02    3.4910800650e-07
    1.3799100183e-02    3.5017299638e-07
    1.3899699785e-02    3.5132200082e-07
    1.3999599963e-02    3.5234799611e-07
    1.4099899679e-02    3.5329000525e-07
    1.4199499972e-02    3.5424199041e-07
    1.4299900271e-02    3.5510899465e-07
    1.4399800450e-02    3.5569300394e-07
    1.4499899931e-02    3.5603301285e-07
    1.4600000344e-02    3.5618998595e-07
    1.4699099585e-02    3.5613101090e-07
    1.4799499884e-02    3.5578500501e-07
    1.4899699949e-02    3.5524399777e-07
    1.4999800362e-02    3.5473701132e-07
    1.5099899843e-02    3.5439700241e-07
    1.5200000256e-02    3.5414200283e-07
    1.5298999846e-02    3.5393199482e-07
    1.5399799682e-02    3.5387000707e-07
    1.5499699861e-02    3.5398801401e-07
    1.5599399805e-02    3.5421700773e-07
    1.5699600801e-02    3.5439899193e-07
    1.5799500048e-02    3.5454300473e-07
    1.5899799764e-02    3.5478399241e-07
    1.5999399126e-02    3.5506400309e-07
    1.6099600121e-02    3.5522600683e-07
    1.6199499369e-02    3.5523899555e-07
    1.6299700364e-02    3.5506900531e-07
    1.6399899498e-02    3.5470898752e-07
    1.6499800608e-02    3.5414001331e-07
    1.6599699855e-02    3.5335401094e-07
    1.6699599102e-02    3.5247998653e-07
    1.6799600795e-02    3.5166098655e-07
    1.6899300739e-02    3.5095800399e-07
    1.6999099404e-02    3.5040000057e-07
    1.7098799348e-02    3.4999598597e-07
    1.7200000584e-02    3.4979100860e-07
    1.7299300060e-02    3.4980300256e-07
    1.7400000244e-02    3.5001900756e-07
    1.7499800771e-02    3.5044499214e-07
    1.7599599436e-02    3.5104099538e-07
    1.7699299380e-02    3.5164299561e-07
    1.7798999324e-02    3.5207798987e-07
    1.7898799852e-02    3.5219699157e-07
    1.7999300733e-02    3.5195500914e-07
    1.8099799752e-02    3.5136798715e-07
    1.8199900165e-02    3.5044899960e-07
    1.8299600109e-02    3.4919500536e-07
    1.8399400637e-02    3.4759000300e-07
    1.8499199301e-02    3.4570899743e-07
    1.8598899245e-02    3.4365100987e-07
    1.8699899316e-02    3.4146100347e-07
    1.8799500540e-02    3.3930299992e-07
    1.8899299204e-02    3.3728099424e-07
    1.8998999149e-02    3.3542698930e-07
    1.9099500030e-02    3.3361399687e-07
    1.9199199975e-02    3.3178099557e-07
    1.9299000502e-02    3.2987799159e-07
    1.9400000572e-02    3.2788099702e-07
    1.9499700516e-02    3.2582698850e-07
    1.9599499181e-02    3.2364900449e-07
    1.9699299708e-02    3.2133900163e-07
    1.9798999652e-02    3.1889200613e-07
    1.9898800179e-02    3.1625899055e-07
    1.9999800250e-02    3.1335699191e-07
    2.0099600777e-02    3.1027400382e-07
    2.0199300721e-02    3.0708798704e-07
    2.0299099386e-02    3.0390600614e-07
    2.0398899913e-02    3.0072800428e-07
    2.0499899983e-02    2.9749699593e-07
    2.0599599928e-02    2.9432598581e-07
    2.0699400455e-02    2.9117899203e-07
    2.0799199119e-02    2.8800499763e-07
    2.0898999646e-02    2.8476699754e-07
    2.0999899134e-02    2.8143799113e-07
    2.1099699661e-02    2.7811600489e-07
    2.1199500188e-02    2.7473700470e-07
    2.1299300715e-02    2.7124099233e-07
    2.1399000660e-02    2.6760500305e-07
    2.1498799324e-02    2.6387399998e-07
    2.1599799395e-02    2.6005699283e-07
    2.1699599922e-02    2.5623700139e-07
    2.1799400449e-02    2.5232500889e-07
    2.1899100393e-02    2.4837601131e-07
    2.1998900920e-02    2.4446700309e-07
    2.2099899128e-02    2.4059301040e-07
    2.2199699655e-02    2.3685400663e-07
    2.2299399599e-02    2.3325399923e-07
    2.2399200127e-02    2.2985300063e-07
    2.2499000654e-02    2.2668700694e-07
    2.2600000724e-02    2.2373500030e-07
    2.2699799389e-02    2.2108599751e-07
    2.2799499333e-02    2.1870199873e-07
    2.2899299860e-02    2.1652400051e-07
    2.2999100387e-02    2.1443399589e-07
    2.3098800331e-02    2.1233499581e-07
    2.3199800402e-02    2.1015499385e-07
    2.3299600929e-02    2.0793099509e-07
    2.3399399593e-02    2.0561300573e-07
    2.3499200121e-02    2.0318400118e-07
    2.3598900065e-02    2.0069100515e-07
    2.3699900135e-02    1.9814899588e-07
    2.3799799383e-02    1.9559999487e-07
    2.3899100721e-02    1.9298200016e-07
    2.3998999968e-02    1.9027099540e-07
    2.4099500850e-02    1.8753600273e-07
    2.4199299514e-02    1.8490699460e-07
    2.4299500510e-02    1.8243700595e-07
    2.4399299175e-02    1.8018600656e-07
    2.4499099702e-02    1.7815000319e-07
    2.4598799646e-02    1.7626500437e-07
    2.4699799716e-02    1.7439900546e-07
    2.4799600244e-02    1.7251200291e-07
    2.4899400771e-02    1.7055499768e-07
    2.4999199435e-02    1.6851200257e-07
    2.5098999962e-02    1.6635100053e-07
    2.5200000033e-02    1.6398900016e-07
    2.5299699977e-02    1.6144400661e-07
    2.5399699807e-02    1.5867300363e-07
    2.5499500334e-02    1.5568200240e-07
    2.5599200279e-02    1.5248899388e-07
    2.5699000806e-02    1.4915200097e-07
    2.5798799470e-02    1.4575999785e-07
    2.5900000706e-02    1.4235099854e-07
    2.5999600068e-02    1.3904200102e-07
    2.6099100709e-02    1.3575399294e-07
    2.6199400425e-02    1.3243899843e-07
    2.6299299672e-02    1.2915600678e-07
    2.6399500668e-02    1.2591499399e-07
    2.6499699801e-02    1.2274000483e-07
    2.6599600911e-02    1.1964499436e-07
    2.6699300855e-02    1.1662299926e-07
    2.6799799874e-02    1.1362099883e-07
    2.6899699122e-02    1.1061700178e-07
    2.6999600232e-02    1.0752599877e-07
    2.7099799365e-02    1.0432999886e-07
    2.7200000361e-02    1.0107699921e-07
    2.7299499139e-02    9.7840199942e-08
    2.7399700135e-02    9.4611102952e-08
    2.7499899268e-02    9.1446402450e-08
    2.7599500492e-02    8.8380701868e-08
    2.7699800208e-02    8.5326696819e-08
    2.7799399570e-02    8.2284302039e-08
    2.7899600565e-02    7.9203999803e-08
    2.7999799699e-02    7.6159096807e-08
    2.8099300340e-02    7.3217996999e-08
    2.8199499473e-02    7.0345699044e-08
    2.8299400583e-02    6.7573800777e-08
    2.8399700299e-02    6.4827503365e-08
    2.8499500826e-02    6.2038800763e-08
    2.8599699959e-02    5.9111698647e-08
    2.8699999675e-02    5.6045699637e-08
    2.8799800202e-02    5.2896901082e-08
    2.8899600729e-02    4.9727699292e-08
    2.8999200091e-02    4.6625899586e-08
    2.9099300504e-02    4.3591899868e-08
    2.9199600220e-02    4.0640500742e-08
    2.9299799353e-02    3.7764998240e-08
    2.9399100691e-02    3.4972298835e-08
    2.9499899596e-02    3.2200500044e-08
    2.9599599540e-02    2.9555900838e-08
    2.9699800536e-02    2.7026400673e-08
    2.9799800366e-02    2.4611900074e-08
    2.9899699613e-02    2.2239799335e-08
    2.9999900609e-02    1.9841799315e-08
