       301
    0.0000000000e+00    0.0000000000e+00
    9.9796299764e-05    0.0000000000e+00
    1.9923200307e-04    9.7692298695e-09
    2.9902800452e-04    2.6110900109e-08
    3.9882300189e-04    4.2776598264e-08
    4.9983500503e-04    5.9504500882e-08
    5.9963000240e-04    7.5926003262e-08
    6.9942302071e-04    9.2231196902e-08
    7.9921598081e-04    1.0843400133e-07
    8.9900899911e-04    1.2452299814e-07
    9.9880003836e-04    1.4050499431e-07
    1.0998100042e-03    1.5663600550e-07
    1.1996000540e-03    1.7248399331e-07
    1.2993899873e-03    1.8823899950e-07
    1.3991700253e-03    2.0385999733e-07
    1.4989400515e-03    2.1937199790e-07
    1.5999299940e-03    2.3502799706e-07
    1.6997000203e-03    2.5037599016e-07
    1.7994700465e-03    2.6545600917e-07
    1.8992299447e-03    2.8032800969e-07
    1.9990000874e-03    2.9501399013e-07
    2.0999799017e-03    3.0968899978e-07
    2.1997399163e-03    3.2389800708e-07
    2.2994899191e-03    3.3782600894e-07
    2.3992399219e-03    3.5149000155e-07
    2.4989699014e-03    3.6491499600e-07
    2.5999199133e-03    3.7826501398e-07
    2.6996498927e-03    3.9131100493e-07
    2.7993801050e-03    4.0432200876e-07
    2.8991100844e-03    4.1733301259e-07
    2.9988300521e-03    4.3031801056e-07
    3.0997600406e-03    4.4346398909e-07
    3.1994699966e-03    4.5650600100e-07
    3.2991799526e-03    4.6967400635e-07
    3.3988798968e-03    4.8291298071e-07
    3.4988799598e-03    4.9620200571e-07
    3.5997300874e-03    5.0966201570e-07
    3.6994200200e-03    5.2308200793e-07
    3.7991199642e-03    5.3662000710e-07
    3.8988098968e-03    5.5022201195e-07
    3.9997198619e-03    5.6404701354e-07
    4.0994100273e-03    5.7785001673e-07
    4.1998499073e-03    5.9193700963e-07
    4.2995400727e-03    6.0605998442e-07
    4.3992297724e-03    6.2033700488e-07
    4.4997301884e-03    6.3485600776e-07
    4.5994301327e-03    6.4931799670e-07
    4.6991198324e-03    6.6374099106e-07
    4.7991098836e-03    6.7813897431e-07
    4.8991697840e-03    6.9248602586e-07
    4.9989097752e-03    7.0673598884e-07
    5.0995298661e-03    7.2103301818e-07
    5.1992097870e-03    7.3514900123e-07
    5.2994498983e-03    7.4928101412e-07
    5.3996299393e-03    7.6335197718e-07
    5.4993601516e-03    7.7732300952e-07
    5.5995602161e-03    7.9128398056e-07
    5.6999400258e-03    8.0515400214e-07
    5.7998499833e-03    8.1884502379e-07
    5.8988300152e-03    8.3156601249e-07
    5.9998501092e-03    8.4320402038e-07
    6.0998299159e-03    8.5342202283e-07
    6.1999601312e-03    8.6308301661e-07
    6.2991799787e-03    8.7381499725e-07
    6.3993800431e-03    8.8564098633e-07
    6.4995200373e-03    8.9759100774e-07
    6.5998598002e-03    9.0950300091e-07
    6.6990898922e-03    9.2072099278e-07
    6.7999497987e-03    9.3125299827e-07
    6.8994001485e-03    9.4083998192e-07
    6.9994498044e-03    9.4944300599e-07
    7.0998999290e-03    9.5699397207e-07
    7.1988701820e-03    9.6379199022e-07
    7.2998302057e-03    9.6919802672e-07
    7.3992698453e-03    9.7323800219e-07
    7.4999900535e-03    9.7679696864e-07
    7.5999400578e-03    9.7983001979e-07
    7.6996101998e-03    9.8266002624e-07
    7.7994000167e-03    9.8515602076e-07
    7.8994100913e-03    9.8734994936e-07
    7.9989396036e-03    9.8982695818e-07
    8.0998800695e-03    9.9263797892e-07
    8.1994403154e-03    9.9478097582e-07
    8.2994299009e-03    9.9584497093e-07
    8.3999102935e-03    9.9631404282e-07
    8.4998002276e-03    9.9661895092e-07
    8.5998801515e-03    9.9687702004e-07
    8.6998296902e-03    9.9705300727e-07
    8.7989196181e-03    9.9762200989e-07
    8.8992901146e-03    9.9865701486e-07
    8.9999595657e-03    9.9953001609e-07
    9.0990196913e-03    1.2631999969e+01
    9.1994898394e-03    5.7086000443e+00
    9.2997802421e-03    9.9961005162e-07
    9.3998499215e-03    9.9938199583e-07
    9.4996597618e-03    9.9923897778e-07
    9.5994602889e-03    9.9934197806e-07
    9.6996696666e-03    9.9945600596e-07
    9.7995502874e-03    9.9942394627e-07
    9.8998798057e-03    9.9935198250e-07
    9.9994000047e-03    9.9927694919e-07
    1.0099600069e-02    9.9933504316e-07
    1.0199200362e-02    9.9955502719e-07
    1.0299299844e-02    4.6042999268e+01
    1.0399599560e-02    9.5563796997e+01
    1.0499699973e-02    1.4276199341e+02
    1.0599800386e-02    1.8331700134e+02
    1.0700000450e-02    1.9283599854e+02
    1.0799500160e-02    1.8458999634e+02
    1.0899400339e-02    1.6896400452e+02
    1.0999600403e-02    1.4377000427e+02
    1.1099499650e-02    1.2586599731e+02
    1.1199899949e-02    1.0910500336e+02
    1.1299300008e-02    9.7351699829e+01
    1.1399899609e-02    8.7518699646e+01
    1.1499200016e-02    8.0356796265e+01
    1.1599300429e-02    8.9895500183e+01
    1.1699199677e-02    9.0907897949e+01
    1.1799300089e-02    8.8823699951e+01
    1.1899099685e-02    8.5636802673e+01
    1.1999900453e-02    9.2679298401e+01
    1.2099999934e-02    9.0761199951e+01
    1.2199499644e-02    7.8264396667e+01
    1.2299699709e-02    6.7276199341e+01
    1.2399899773e-02    5.7493999481e+01
    1.2500000186e-02    2.2136999130e+01
    1.2599799782e-02    9.9968701761e-07
    1.2699400075e-02    9.9954604593e-07
    1.2799600139e-02    9.9932901776e-07
    1.2899300084e-02    9.9897704331e-07
    1.2999599800e-02    9.9845397017e-07
    1.3099400327e-02    9.9773399143e-07
    1.3199600391e-02    9.9680801213e-07
    1.3299800456e-02    9.9567205325e-07
    1.3399999589e-02    9.9433100331e-07
    1.3499500230e-02    9.9275496268e-07
    1.3599700294e-02    9.9098804185e-07
    1.3699599542e-02    9.8926898318e-07
    1.3799100183e-02    9.8770397017e-07
    1.3899699785e-02    9.8620705558e-07
    1.3999599963e-02    9.8477903521e-07
    1.4099899679e-02    9.8341297416e-07
    1.4199499972e-02    9.8208897725e-07
    1.4299900271e-02    9.8074201560e-07
    1.4399800450e-02    9.7937504506e-07
    1.4499899931e-02    9.7796498721e-07
    1.4600000344e-02    9.7642896435e-07
    1.4699099585e-02    9.7470399396e-07
    1.4799499884e-02    9.7271197319e-07
    1.4899699949e-02    9.7047097825e-07
    1.4999800362e-02    9.6800795291e-07
    1.5099899843e-02    9.6535404737e-07
    1.5200000256e-02    9.6254802884e-07
    1.5298999846e-02    9.5968903224e-07
    1.5399799682e-02    9.5677103218e-07
    1.5499699861e-02    9.5392999810e-07
    1.5599399805e-02    9.5117798082e-07
    1.5699600801e-02    9.4847297305e-07
    1.5799500048e-02    9.4577001164e-07
    1.5899799764e-02    9.4301202580e-07
    1.5999399126e-02    9.4025102726e-07
    1.6099600121e-02    9.3749599728e-07
    1.6199499369e-02    9.3477501650e-07
    1.6299700364e-02    9.3205397889e-07
    1.6399899498e-02    9.2936198826e-07
    1.6499800608e-02    9.2673298013e-07
    1.6599699855e-02    9.2413398534e-07
    1.6699599102e-02    9.2152902198e-07
    1.6799600795e-02    9.1892297860e-07
    1.6899300739e-02    9.1637599553e-07
    1.6999099404e-02    9.1390000989e-07
    1.7098799348e-02    9.1147001058e-07
    1.7200000584e-02    9.0901602334e-07
    1.7299300060e-02    9.0660597607e-07
    1.7400000244e-02    9.0416898502e-07
    1.7499800771e-02    9.0176098411e-07
    1.7599599436e-02    8.9936997938e-07
    1.7699299380e-02    8.9702200512e-07
    1.7798999324e-02    8.9473002163e-07
    1.7898799852e-02    8.9248800350e-07
    1.7999300733e-02    8.9027997774e-07
    1.8099799752e-02    8.8812601007e-07
    1.8199900165e-02    8.8606702775e-07
    1.8299600109e-02    8.8413997901e-07
    1.8399400637e-02    8.8237902673e-07
    1.8499199301e-02    8.8082600769e-07
    1.8598899245e-02    8.7949501903e-07
    1.8699899316e-02    8.7834297346e-07
    1.8799500540e-02    8.7734997578e-07
    1.8899299204e-02    8.7644400537e-07
    1.8998999149e-02    8.7556998096e-07
    1.9099500030e-02    8.7465002707e-07
    1.9199199975e-02    8.7365202717e-07
    1.9299000502e-02    8.7256597681e-07
    1.9400000572e-02    8.7139102334e-07
    1.9499700516e-02    8.7013802386e-07
    1.9599499181e-02    8.6876798377e-07
    1.9699299708e-02    8.6727101234e-07
    1.9798999652e-02    8.6566399204e-07
    1.9898800179e-02    8.6398802068e-07
    1.9999800250e-02    8.6226401663e-07
    2.0099600777e-02    8.6057298176e-07
    2.0199300721e-02    8.5893799451e-07
    2.0299099386e-02    8.5737502786e-07
    2.0398899913e-02    8.5587697640e-07
    2.0499899983e-02    8.5442502495e-07
    2.0599599928e-02    8.5306601250e-07
    2.0699400455e-02    8.5179198095e-07
    2.0799199119e-02    8.5057899923e-07
    2.0898999646e-02    8.4936698386e-07
    2.0999899134e-02    8.4806902123e-07
    2.1099699661e-02    8.4666999101e-07
    2.1199500188e-02    8.4513197862e-07
    2.1299300715e-02    8.4346601170e-07
    2.1399000660e-02    8.4170397940e-07
    2.1498799324e-02    8.3987697508e-07
    2.1599799395e-02    8.3800097173e-07
    2.1699599922e-02    8.3616401980e-07
    2.1799400449e-02    8.3437998910e-07
    2.1899100393e-02    8.3267502760e-07
    2.1998900920e-02    8.3103299175e-07
    2.2099899128e-02    8.2940300672e-07
    2.2199699655e-02    8.2780201183e-07
    2.2299399599e-02    8.2621801312e-07
    2.2399200127e-02    8.2465999185e-07
    2.2499000654e-02    8.2312601535e-07
    2.2600000724e-02    8.2158800296e-07
    2.2699799389e-02    8.2006897628e-07
    2.2799499333e-02    8.1853102074e-07
    2.2899299860e-02    8.1695799281e-07
    2.2999100387e-02    8.1535398522e-07
    2.3098800331e-02    8.1376100525e-07
    2.3199800402e-02    8.1221202208e-07
    2.3299600929e-02    8.1079599568e-07
    2.3399399593e-02    8.0954100667e-07
    2.3499200121e-02    8.0846797346e-07
    2.3598900065e-02    8.0755398812e-07
    2.3699900135e-02    8.0673498815e-07
    2.3799799383e-02    8.0598698560e-07
    2.3899100721e-02    8.0527797763e-07
    2.3998999968e-02    8.0458499951e-07
    2.4099500850e-02    8.0387798107e-07
    2.4199299514e-02    8.0313998296e-07
    2.4299500510e-02    8.0236100075e-07
    2.4399299175e-02    8.0156701188e-07
    2.4499099702e-02    8.0079900044e-07
    2.4598799646e-02    8.0009800740e-07
    2.4699799716e-02    7.9947898257e-07
    2.4799600244e-02    7.9895397676e-07
    2.4899400771e-02    7.9848501855e-07
    2.4999199435e-02    7.9803999142e-07
    2.5098999962e-02    7.9759297478e-07
    2.5200000033e-02    7.9710798673e-07
    2.5299699977e-02    7.9658201457e-07
    2.5399699807e-02    7.9602699543e-07
    2.5499500334e-02    7.9548800613e-07
    2.5599200279e-02    7.9499602634e-07
    2.5699000806e-02    7.9454997604e-07
    2.5798799470e-02    7.9412097875e-07
    2.5900000706e-02    7.9366998307e-07
    2.5999600068e-02    7.9318999724e-07
    2.6099100709e-02    7.9265799968e-07
    2.6199400425e-02    7.9205000247e-07
    2.6299299672e-02    7.9136998465e-07
    2.6399500668e-02    7.9060100688e-07
    2.6499699801e-02    7.8974397866e-07
    2.6599600911e-02    7.8881402032e-07
    2.6699300855e-02    7.8783000390e-07
    2.6799799874e-02    7.8680500337e-07
    2.6899699122e-02    7.8578000284e-07
    2.6999600232e-02    7.8477199850e-07
    2.7099799365e-02    7.8380099922e-07
    2.7200000361e-02    7.8287098404e-07
    2.7299499139e-02    7.8194602793e-07
    2.7399700135e-02    7.8092500644e-07
    2.7499899268e-02    7.7974198121e-07
    2.7599500492e-02    7.7837199797e-07
    2.7699800208e-02    7.7678402022e-07
    2.7799399570e-02    7.7504898854e-07
    2.7899600565e-02    7.7319600678e-07
    2.7999799699e-02    7.7128902376e-07
    2.8099300340e-02    7.6939699056e-07
    2.8199499473e-02    7.6753099165e-07
    2.8299400583e-02    7.6574701779e-07
    2.8399700299e-02    7.6405200389e-07
    2.8499500826e-02    7.6244600677e-07
    2.8599699959e-02    7.6089997947e-07
    2.8699999675e-02    7.5937299471e-07
    2.8799800202e-02    7.5781599662e-07
    2.8899600729e-02    7.5617600714e-07
    2.8999200091e-02    7.5441897707e-07
    2.9099300504e-02    7.5250397913e-07
    2.9199600220e-02    7.5044101777e-07
    2.9299799353e-02    7.4826397167e-07
    2.9399100691e-02    7.4602399991e-07
    2.9499899596e-02    7.4370700531e-07
    2.9599599540e-02    7.4139597928e-07
    2.9699800536e-02    7.3908302056e-07
    2.9799800366e-02    7.3681002277e-07
    2.9899699613e-02    7.3457601957e-07
    2.9999900609e-02    7.3236600429e-07
